   0.0273427122
   0.0285171578
   0.0215035861
   0.0309734203
   0.0089891274
   0.0088148267
   0.0113895512
   0.0095791759
   0.0246782950
   0.0139594481
   0.0288634807
   0.0184992668
   0.0114566457
  -0.0091979635
  -0.0212259177
  -0.0172648493
  -0.0330367758
  -0.0202672643
  -0.0322667009
  -0.0330112224
  -0.0047181309
  -0.0349221443
  -0.0184327785
  -0.0097501301
  -0.0258419530
  -0.0167326531
  -0.0126540951
   0.0040445125
   0.0054600287
   0.0185724547
   0.0025605753
   0.0100106201
  -0.0021912617
   0.0019976444
   0.0023276389
   0.0164635847
   0.0054518105
   0.0077003784
   0.0092323705
   0.0015066869
   0.0052924699
  -0.0014643301
  -0.0046634055
   0.0147375468
   0.0048684007
  -0.0024744991
   0.0075211837
  -0.0250645051
  -0.0290041933
  -0.0401581081
  -0.0339200570
  -0.0423447185
  -0.0465347792
  -0.0386875981
  -0.0414486942
  -0.0473486785
  -0.0462211250
  -0.0406079637
  -0.0457345557
  -0.0401662001
  -0.0229531925
  -0.0376330423
  -0.0325516119
  -0.0205893316
   0.0011351409
  -0.0006427795
   0.0130574591
   0.0009321306
   0.0032141875
   0.0198787203
   0.0038272604
   0.0057515151
   0.0164070614
  -0.0032461850
   0.0198944526
  -0.0009534215
   0.0096279104
  -0.0288045906
  -0.0376194930
  -0.0463504773
  -0.0363367275
  -0.0512677551
  -0.0536174116
  -0.0492454570
  -0.0448830393
  -0.0541989837
  -0.0552976235
  -0.0528019306
  -0.0396732257
  -0.0498910364
  -0.0527283468
  -0.0481278684
  -0.0348501083
  -0.0436768019
  -0.0311732508
  -0.0226049027
   0.0035437912
   0.0029431978
   0.0138352724
   0.0031124084
   0.0031219322
   0.0044899881
   0.0047884612
   0.0097611315
  -0.0250974739
   0.0002946718
   0.0094763948
   0.0119683622
   0.0029562978
   0.0032024324
  -0.0022238171
  -0.0017378909
   0.0042156260
   0.0056111102
   0.0035682958
  -0.0378402205
   0.0028517798
  -0.0008915153
  -0.0029595386
   0.0296292277
   0.0353647350
   0.0315779605
   0.0303247802
   0.0497064290
   0.0366901449
   0.0320603799
   0.0300882546
   0.0375121991
   0.0307036372
   0.0375573536
   0.0222038473
   0.0028258737
   0.0274203366
   0.0205624621
   0.0096144841
  -0.0083282145
  -0.0027026864
   0.0233036569
   0.0175445737
   0.0120158274
   0.0179961466
   0.0246556582
   0.0200780194
   0.0183674556
   0.0222533569
   0.0150901178
   0.0073124835
   0.0164969182
   0.0226934714
   0.0258113992
   0.0198306505
   0.0069781319
  -0.0188155242
   0.0050510855
   0.0365239824
   0.0255869213
   0.0440138260
   0.0252001619
   0.0360132176
   0.0441912917
   0.0260192590
   0.0365729680
   0.0371603354
   0.0272734850
  -0.0087905492
   0.0027124973
   0.0102673371
   0.0050858016
  -0.0161292622
   0.0101818405
   0.0044994130
  -0.0196016937
   0.0006744180
   0.0054055686
   0.0054285802
   0.0019481989
  -0.0036948752
   0.0062287974
   0.0069525238
  -0.0151934787
   0.0021885878
   0.0082932326
   0.0084783859
  -0.0246681569
   0.0004513881
  -0.0240417664
   0.0001627223
  -0.0240667425
  -0.0093928552
   0.0034534164
   0.0086058682
   0.0088888525
   0.0051883672
   0.0045041360
   0.0013861491
   0.0074560104
   0.0067520385
   0.0067483364
   0.0026802243
   0.0008693215
   0.0022292996
   0.0026802756
  -0.0040765471
   0.0009426416
   0.0031677005
   0.0033719384
  -0.0026636068
  -0.0186234226
  -0.0066963607
  -0.0378271158
   0.0043842250
  -0.0055776713
  -0.0330434382
   0.0021945831
   0.0033964693
  -0.0019969584
  -0.0189250720
   0.0009308668
   0.0018165343
   0.0025994194
  -0.0051228146
   0.0014519055
   0.0022894490
  -0.0209522751
  -0.0040986148
  -0.0228383603
  -0.0013642504
   0.0043571587
  -0.0266370191
  -0.0024145359
   0.0036621572
  -0.0068986767
   0.0224165169
   0.0246954923
   0.0320905992
   0.0233173042
   0.0177072006
   0.0238076713
   0.0252483978
   0.0086195221
   0.0075671722
   0.0109069141
   0.0074362603
   0.0188330057
   0.0102240265
   0.0333979203
   0.0141155237
   0.0220296701
   0.0134885637
   0.0090909238
  -0.0054081865
  -0.0131267899
  -0.0102836418
  -0.0208046562
  -0.0128595289
  -0.0231714416
  -0.0192500581
   0.0025289776
  -0.0241769537
  -0.0189980757
  -0.0157916936
  -0.0224649404
  -0.0114542585
  -0.0073109756
  -0.0163625886
  -0.0100840835
  -0.0075492846
   0.0025327692
   0.0028378687
   0.0105369580
   0.0004990976
   0.0058545260
  -0.0033727288
   0.0007602999
   0.0027287300
   0.0094696438
   0.0037100706
   0.0055281718
   0.0055223181
   0.0025048451
   0.0015596788
  -0.0019187567
  -0.0056878791
   0.0083706295
   0.0030484117
  -0.0034272821
   0.0036387297
  -0.0179342936
  -0.0196802959
  -0.0289412553
  -0.0244795370
  -0.0305462055
  -0.0348887519
  -0.0286598783
  -0.0287744972
  -0.0360896183
  -0.0363212851
  -0.0277092296
  -0.0356042809
  -0.0362561386
  -0.0279347484
  -0.0338383706
  -0.0296129002
  -0.0136952380
  -0.0262609532
  -0.0230616308
  -0.0140762067
   0.0009293990
  -0.0026219876
   0.0076849023
  -0.0010993685
   0.0005377771
   0.0112000571
   0.0031447680
   0.0013623406
   0.0092197699
  -0.0043664308
  -0.0024416909
   0.0046233246
  -0.0212502471
  -0.0270733272
  -0.0344856309
  -0.0263983705
  -0.0384585590
  -0.0414941431
  -0.0367138204
  -0.0403180111
  -0.0441666127
  -0.0434885545
  -0.0374899097
  -0.0396692213
  -0.0437895449
  -0.0431456164
  -0.0371211061
  -0.0371029770
  -0.0402569266
  -0.0348478004
  -0.0248883262
  -0.0318035619
  -0.0214528808
  -0.0163640296
   0.0029614013
   0.0013913320
   0.0079543108
  -0.0000766940
   0.0027419912
   0.0021601219
   0.0062843884
   0.0073445268
   0.0082337483
   0.0073803172
   0.0084322962
   0.0061353754
   0.0003784152
   0.0015526800
  -0.0033414893
   0.0010436346
   0.0026824044
   0.0019066313
   0.0021600532
  -0.0036605535
   0.0257062842
   0.0288923462
   0.0267076106
   0.0376774089
   0.0302833699
   0.0274695111
   0.0258054367
   0.0381749341
   0.0309708838
   0.0272973623
   0.0255774314
   0.0399126949
   0.0313159568
   0.0264751642
   0.0306050337
   0.0198475026
   0.0105737458
  -0.0047484101
   0.0224690632
   0.0174569076
   0.0101221808
  -0.0007319306
  -0.0057972890
   0.0193781149
   0.0150817662
   0.0100350978
   0.0118767340
   0.0170071581
   0.0208489143
   0.0162812940
   0.0143605727
   0.0179877343
   0.0129702974
   0.0059926375
   0.0091830869
   0.0152274698
   0.0189555371
   0.0210321260
   0.0163840395
   0.0077184816
  -0.0076901032
   0.0196819481
   0.0105314438
  -0.0067697035
   0.0295978334
   0.0220816788
   0.0363426388
   0.0214457076
   0.0296154630
   0.0392102611
   0.0156617088
   0.0259973503
   0.0325053283
   0.0365203232
   0.0083474965
   0.0224728301
   0.0302866307
   0.0301286333
   0.0234495457
  -0.0068418333
  -0.0007137088
   0.0060104883
   0.0003317720
  -0.0171594401
   0.0079107615
   0.0043774375
  -0.0054496679
   0.0056591303
  -0.0010007071
  -0.0035607652
   0.0027129786
   0.0033821352
   0.0013372345
  -0.0051416327
  -0.0003035498
   0.0044178021
   0.0042972073
  -0.0213986681
  -0.0052336296
   0.0030392750
   0.0058484983
   0.0051346469
  -0.0101150222
   0.0012431649
   0.0064602694
  -0.0296015822
  -0.0085431733
   0.0016337138
   0.0068030692
  -0.0134657063
  -0.0122166648
  -0.0022395019
   0.0039824743
   0.0061189178
   0.0049520492
   0.0032629172
   0.0030894919
  -0.0002948650
   0.0023293429
   0.0051905765
   0.0041294587
   0.0040865348
   0.0003087418
  -0.0004818737
   0.0000235520
   0.0009778939
  -0.0022492379
  -0.0046197497
  -0.0001376146
  -0.0000688237
   0.0014240788
  -0.0009348147
  -0.0083021747
  -0.0202621805
   0.0016602555
  -0.0040088268
  -0.0164199679
   0.0012850590
  -0.0034090297
  -0.0149537780
  -0.0007615449
   0.0012497213
  -0.0007139690
  -0.0082883389
  -0.0225372505
  -0.0005001049
  -0.0003667224
   0.0008066010
  -0.0026203543
  -0.0052799785
   0.0003638168
   0.0000706985
  -0.0167089215
  -0.0075435563
  -0.0238257977
  -0.0059608644
   0.0004044817
  -0.0120151573
  -0.0017018153
   0.0022020444
  -0.0077805606
  -0.0005506890
  -0.0106673481
   0.0187892286
   0.0209015278
   0.0250809080
   0.0233368362
   0.0194552596
   0.0205722475
   0.0157589437
   0.0074078894
  -0.0112431048
   0.0201478277
   0.0223826669
   0.0212323264
   0.0079798071
   0.0069739037
   0.0100970936
   0.0064149091
   0.0151716583
   0.0083008385
   0.0257036778
   0.0101697030
   0.0209186096
   0.0066412899
   0.0288088729
   0.0176649031
   0.0107637121
   0.0078516362
  -0.0028789867
  -0.0081138408
  -0.0058063140
  -0.0132232106
  -0.0078248151
  -0.0150849886
  -0.0125219123
  -0.0165377399
  -0.0073502157
  -0.0163270864
  -0.0122092754
  -0.0109830632
  -0.0145506367
  -0.0067985040
  -0.0050103994
  -0.0103569428
  -0.0056834316
  -0.0041738252
   0.0019985554
   0.0024962643
   0.0001105718
   0.0039267037
  -0.0028647271
   0.0006094021
   0.0028463142
   0.0060042845
   0.0035373239
   0.0047892451
   0.0039177090
   0.0031123359
  -0.0000222920
  -0.0016195333
  -0.0053382510
   0.0026078507
  -0.0076954660
  -0.0033122843
   0.0019652367
  -0.0131094942
  -0.0132462823
  -0.0220033239
  -0.0185093325
  -0.0217564544
  -0.0271456825
  -0.0244159125
  -0.0193159022
  -0.0275809142
  -0.0290947655
  -0.0180721961
  -0.0270121006
  -0.0289271879
  -0.0237022103
  -0.0187120237
  -0.0259186958
  -0.0246067847
  -0.0194442121
  -0.0173612478
  -0.0097263684
   0.0003234161
   0.0046274651
  -0.0006904993
   0.0068732630
   0.0021506048
  -0.0006890350
   0.0053247160
  -0.0044614603
  -0.0028967546
  -0.0094227100
   0.0020647717
  -0.0161605487
  -0.0204404481
  -0.0272406394
  -0.0199753922
  -0.0265809589
  -0.0331634698
  -0.0324603850
  -0.0241967435
  -0.0285678713
  -0.0350076396
  -0.0361926822
  -0.0335465697
  -0.0346180582
  -0.0358568040
  -0.0331477687
  -0.0255107548
  -0.0320635655
  -0.0311099331
  -0.0189177515
  -0.0248863040
  -0.0122480553
   0.0020876865
   0.0008961561
   0.0050177433
   0.0021067655
   0.0012732272
  -0.0053875472
   0.0055099477
  -0.0130941624
  -0.0008219596
   0.0042838317
   0.0059865589
   0.0053090948
   0.0055774314
   0.0040197431
  -0.0003514668
   0.0008263680
  -0.0034449146
  -0.0004873593
   0.0005377861
   0.0003306518
   0.0008468552
  -0.0005786274
  -0.0061261927
  -0.0204567609
   0.0000117557
  -0.0037308456
   0.0228767686
   0.0256588359
   0.0234912761
   0.0320678879
   0.0263610941
   0.0240467908
   0.0225672785
   0.0326659967
   0.0269321464
   0.0239656575
   0.0224673294
   0.0338462236
   0.0272066709
   0.0234655032
   0.0271905160
   0.0096657162
  -0.0029181676
   0.0201800769
   0.0153203250
   0.0089367405
  -0.0004252699
  -0.0093462609
   0.0169095393
   0.0122526107
   0.0072127884
   0.0092552740
   0.0146072174
   0.0187242441
   0.0136446898
   0.0116235771
   0.0153518869
   0.0100996629
   0.0031556445
   0.0065590203
   0.0127227091
   0.0166089863
   0.0186417711
   0.0142300698
   0.0069717324
  -0.0057278960
   0.0097137971
  -0.0041108943
   0.0256732310
   0.0183586668
   0.0319509844
   0.0078330476
   0.0191569718
   0.0258434960
   0.0346070448
   0.0145795058
   0.0226948143
   0.0282906210
   0.0320314532
   0.0094166835
   0.0199679249
   0.0263513582
   0.0260921072
   0.0195551543
  -0.0015732402
   0.0034647635
  -0.0027279184
   0.0052460544
   0.0013677503
  -0.0089819870
   0.0029565555
  -0.0043422481
  -0.0042724685
   0.0010938868
   0.0021120001
   0.0001309052
  -0.0067083647
  -0.0021136177
   0.0026380836
   0.0028707220
  -0.0131212514
  -0.0023697205
   0.0027949395
   0.0044021639
  -0.0206766825
  -0.0051281874
   0.0021489928
  -0.0177537917
  -0.0043917749
   0.0024394762
  -0.0169946401
  -0.0082315450
  -0.0006336264
   0.0034353184
   0.0045877571
   0.0018909595
   0.0018025359
  -0.0019494237
   0.0004656543
   0.0034373311
   0.0027080508
   0.0024516274
  -0.0010573982
  -0.0015288623
  -0.0011562963
  -0.0005088088
  -0.0037610354
  -0.0058746299
  -0.0011098883
   0.0001049133
  -0.0009896513
  -0.0056222658
  -0.0146510528
  -0.0024732653
  -0.0103998784
  -0.0272415521
   0.0005904416
  -0.0023107216
  -0.0094437361
  -0.0256111785
  -0.0002163175
  -0.0009375960
  -0.0054491651
  -0.0152830264
  -0.0014772702
  -0.0015121154
  -0.0006596401
  -0.0040811242
  -0.0064026150
  -0.0003364041
  -0.0011789036
  -0.0080046620
  -0.0089453875
  -0.0019858324
  -0.0153937468
  -0.0045450444
  -0.0001558628
  -0.0109121453
  -0.0029057094
  -0.0108309840
   0.0158501553
   0.0202755721
   0.0196352748
   0.0196821534
   0.0167279046
   0.0176649887
   0.0135332526
   0.0066560618
  -0.0076064888
   0.0180426044
   0.0140002268
   0.0175563215
   0.0192061152
   0.0244096754
   0.0180598455
   0.0071888166
   0.0101016268
   0.0064000000
   0.0091403851
   0.0057655166
   0.0125881125
   0.0071183146
   0.0205261179
   0.0080595698
   0.0164028292
   0.0077256414
   0.0229361486
   0.0106002019
   0.0145814794
   0.0058162527
   0.0090420619
   0.0070154771
  -0.0012581562
  -0.0049776084
  -0.0029948131
  -0.0050342472
  -0.0084402381
  -0.0044906274
  -0.0104299555
  -0.0065239097
  -0.0098703717
  -0.0104624490
  -0.0020769683
  -0.0104857420
  -0.0104941581
  -0.0015137589
  -0.0111685320
  -0.0059132373
  -0.0075528073
  -0.0094434484
  -0.0037162968
  -0.0032615013
  -0.0065067810
  -0.0028468099
  -0.0019982746
   0.0017015258
   0.0025484216
   0.0001122093
   0.0028093136
   0.0007244031
   0.0026679209
   0.0039458681
   0.0035132680
   0.0043697532
   0.0029718579
   0.0032980922
  -0.0007036095
  -0.0012243797
  -0.0047143937
   0.0025025979
  -0.0050827010
  -0.0029292384
   0.0012041998
  -0.0098096873
  -0.0093535856
  -0.0163108146
  -0.0140786306
  -0.0151124352
  -0.0203874482
  -0.0199911772
  -0.0125406980
  -0.0207412105
  -0.0230675675
  -0.0201739763
  -0.0195299416
  -0.0232760663
  -0.0228462271
  -0.0196101184
  -0.0225995336
  -0.0206202421
  -0.0114272292
  -0.0187274182
  -0.0194819878
  -0.0151694532
  -0.0137795571
  -0.0128247590
  -0.0068021518
  -0.0003354077
   0.0026810406
  -0.0013717642
   0.0044142303
   0.0012115885
  -0.0016880604
   0.0029769730
  -0.0042770645
  -0.0030069458
  -0.0071951418
   0.0006543512
  -0.0126916055
  -0.0157988493
  -0.0210423801
  -0.0154702816
  -0.0246749937
  -0.0265393315
  -0.0235965420
  -0.0265016783
  -0.0293838544
  -0.0287848452
  -0.0243689928
  -0.0281283439
  -0.0302098706
  -0.0296413416
  -0.0261756222
  -0.0258564826
  -0.0288266688
  -0.0281465360
  -0.0234798389
  -0.0236155158
  -0.0252402471
  -0.0216411517
  -0.0144520690
  -0.0188374202
   0.0012356899
   0.0006356554
   0.0033030237
   0.0014693824
   0.0007944894
   0.0003913129
  -0.0037827524
   0.0035309871
   0.0005408105
   0.0035556990
   0.0044006063
   0.0008042406
   0.0036330918
   0.0044339873
   0.0039720733
   0.0034115544
   0.0026743488
  -0.0011715590
  -0.0005026697
   0.0003990380
  -0.0033338970
  -0.0107204628
  -0.0049048472
  -0.0011570460
  -0.0004890880
  -0.0003509344
  -0.0009007415
  -0.0039762235
  -0.0117878714
  -0.0005259687
  -0.0008247291
  -0.0017977025
  -0.0063987116
  -0.0036534649
   0.0207495342
   0.0270515482
   0.0230028544
   0.0211977971
   0.0199527541
   0.0276474416
   0.0234721416
   0.0213849573
   0.0200231656
   0.0282077262
   0.0237756576
   0.0212251034
   0.0288189257
   0.0238875635
   0.0209502455
   0.0236699810
  -0.0029442412
   0.0152823632
   0.0093621745
   0.0009736742
   0.0172694836
   0.0131117597
   0.0077992610
   0.0008138463
  -0.0045686844
   0.0145536958
   0.0104349780
   0.0064521703
   0.0080635684
   0.0126382389
   0.0160973838
   0.0116755345
   0.0096298084
   0.0128792717
   0.0082869071
   0.0029304500
   0.0055080406
   0.0107228939
   0.0140213512
   0.0157134116
   0.0118153869
   0.0056809019
  -0.0039339809
   0.0146023534
   0.0086812006
  -0.0009316955
   0.0269861187
   0.0157463481
   0.0217357291
   0.0303855634
   0.0134774108
   0.0199187659
   0.0247537843
   0.0303578351
   0.0138728996
   0.0201716571
   0.0249078044
   0.0270748689
   0.0166160787
   0.0222549436
   0.0219707559
   0.0164075447
   0.0022421265
  -0.0026902274
   0.0032323935
  -0.0006512641
   0.0030665375
  -0.0010790139
   0.0015954210
  -0.0044655438
  -0.0038701802
   0.0000614817
   0.0012615349
  -0.0006723392
  -0.0057779723
  -0.0026385097
   0.0012747984
   0.0018205125
  -0.0109792989
  -0.0028707537
   0.0014408669
   0.0029347448
  -0.0103613660
  -0.0020787734
   0.0021732069
  -0.0081717099
  -0.0012417080
   0.0025806769
  -0.0117810402
  -0.0066007579
  -0.0010630817
   0.0021867105
   0.0031316367
   0.0012212671
   0.0009397833
  -0.0019252859
  -0.0002874160
   0.0021372492
   0.0018232151
   0.0013766631
  -0.0018868624
  -0.0019267716
  -0.0017510411
  -0.0015066825
  -0.0040553924
  -0.0053520175
  -0.0018059292
  -0.0009416755
  -0.0018305166
  -0.0054307580
  -0.0117583422
  -0.0017646535
  -0.0059715642
  -0.0142015964
  -0.0067836433
  -0.0176535645
  -0.0005609358
  -0.0017723971
  -0.0055964333
  -0.0136611119
  -0.0011981875
  -0.0018432441
  -0.0054278097
  -0.0124257757
  -0.0018165333
  -0.0020126627
  -0.0016408251
  -0.0043046735
  -0.0056082245
  -0.0010856047
  -0.0019188784
  -0.0074857082
  -0.0087096826
  -0.0029492297
  -0.0164502094
  -0.0064156818
  -0.0018979875
  -0.0178409788
  -0.0069922606
  -0.0022160733
  -0.0107825792
  -0.0039226067
  -0.0098610125
