#! FIELDS phi psi file.free der_phi der_psi
#! SET min_phi -pi
#! SET max_phi pi
#! SET nbins_phi  33
#! SET periodic_phi true
#! SET min_psi -pi
#! SET max_psi pi
#! SET nbins_psi  18
#! SET periodic_psi true
   -3.141592654   -3.141592654   19.026575695  -54.834159114   14.495051239
   -2.951193099   -3.141592654   10.241675044  -36.625551935   16.958389685
   -2.760793544   -3.141592654    5.264734540  -15.812264355   18.730387774
   -2.570393989   -3.141592654    4.020052171    1.719294807   19.856456862
   -2.379994435   -3.141592654    5.463570142   12.068589749   20.641502448
   -2.189594880   -3.141592654    8.119003267   14.673127077   21.557267672
   -1.999195325   -3.141592654   10.730066288   12.267279774   23.020640809
   -1.808795770   -3.141592654   12.752150745    9.229348501   25.140135719
   -1.618396215   -3.141592654   14.459305061    9.476988635   27.577223415
   -1.427996661   -3.141592654   16.687633341   14.758798012   29.634554761
   -1.237597106   -3.141592654   20.348634557   24.140083390   30.541826317
   -1.047197551   -3.141592654   25.963064992   34.649338360   29.785807757
   -0.856797996   -3.141592654   33.394790469   42.616036036   27.299313503
   -0.666398442   -3.141592654   41.853627425   45.021128232   23.405513183
   -0.475998887   -3.141592654   50.109411173   40.360558583   18.617799009
   -0.285599332   -3.141592654   56.803873991   28.802011153   13.415384094
   -0.095199777   -3.141592654   60.756929476   11.989949591    8.097815454
    0.095199777   -3.141592654   61.234860943   -7.103311756    2.800742123
    0.285599332   -3.141592654   58.186988896  -24.304136297   -2.387669920
    0.475998887   -3.141592654   52.416860825  -34.907707853   -7.252004261
    0.666398442   -3.141592654   45.569272125  -35.151936642  -11.377147020
    0.856797996   -3.141592654   39.776876074  -23.982264345  -14.224208949
    1.047197551   -3.141592654   37.008510046   -4.187718243  -15.358247567
    1.237597106   -3.141592654   38.352899911   18.053579861  -14.695951273
    1.427996661   -3.141592654   43.572818922   35.367139162  -12.573325628
    1.618396215   -3.141592654   51.142798946   42.061536058   -9.599270348
    1.808795770   -3.141592654   58.775639744   36.008351342   -6.384452732
    1.999195325   -3.141592654   64.145430203   18.847053684   -3.308490413
    2.189594880   -3.141592654   65.517157904   -5.130212382   -0.444145798
    2.379994435   -3.141592654   62.109076728  -30.408144936    2.352167809
    2.570393989   -3.141592654   54.203704060  -51.514327646    5.265289757
    2.760793544   -3.141592654   43.048605684  -63.926384761    8.363252661
    2.951193099   -3.141592654   30.589762269  -65.001686352   11.529849586

   -3.141592654   -2.792526803   25.521787030  -49.948009254   21.894832876
   -2.951193099   -2.792526803   17.512562538  -33.427076654   24.401231689
   -2.760793544   -2.792526803   12.978068735  -14.323691242   25.739897645
   -2.570393989   -2.792526803   11.892771502    2.035165281   26.090940203
   -2.379994435   -2.792526803   13.358834241   12.167409952   25.942975572
   -2.189594880   -2.792526803   16.095272230   15.577674332   25.911604203
   -1.999195325   -2.792526803   19.010257611   14.604754650   26.469760312
   -1.808795770   -2.792526803   21.610240527   12.867905899   27.700212145
   -1.618396215   -2.792526803   24.063710967   13.464674095   29.207010365
   -1.427996661   -2.792526803   26.969905778   17.638920996   30.250193007
   -1.237597106   -2.792526803   30.958672520   24.512875582   30.053876750
   -1.047197551   -2.792526803   36.332806168   31.695148996   28.134586209
   -0.856797996   -2.792526803   42.876704902   36.314591356   24.481890293
   -0.666398442   -2.792526803   49.865041884   36.034340341   19.500286267
   -0.475998887   -2.792526803   56.231996016   29.695491014   13.802272152
   -0.285599332   -2.792526803   60.815713599   17.455912510    7.969884651
   -0.095199777   -2.792526803   62.608324046    0.763489730    2.390967122
    0.095199777   -2.792526803   61.008374683  -17.609145385   -2.742698546
    0.285599332   -2.792526803   56.071912114  -33.528310023   -7.328119036
    0.475998887   -2.792526803   48.717894491  -42.197227576  -11.192446591
    0.666398442   -2.792526803   40.724257604  -39.778170890  -14.033346797
    0.856797996   -2.792526803   34.349546215  -25.400496871  -15.486584102
    1.047197551   -2.792526803   31.621963427   -2.375428314  -15.322560640
    1.237597106   -2.792526803   33.572231621   22.459325488  -13.627992176
    1.427996661   -2.792526803   39.792321415   41.277361248  -10.818557339
    1.618396215   -2.792526803   48.540374604   48.372590465   -7.456177737
    1.808795770   -2.792526803   57.353518944   42.032736255   -4.003188243
    1.999195325   -2.792526803   63.830308649   24.476618045   -0.646190892
    2.189594880   -2.792526803   66.260478079    0.427008364    2.704516627
    2.379994435   -2.792526803   63.936554489  -24.525272163    6.263593335
    2.570393989   -2.792526803   57.196766317  -45.168046374   10.168112243
    2.760793544   -2.792526803   47.275788313  -57.398850489   14.325708368
    2.951193099   -2.792526803   36.029519488  -58.929252940   18.395491041

   -3.141592654   -2.443460953   33.179718780  -44.719461703   20.537499739
   -2.951193099   -2.443460953   25.969730591  -30.318561432   22.618051002
   -2.760793544   -2.443460953   21.822968123  -13.300830286   23.617232543
   -2.570393989   -2.443460953   20.780855788    1.616479465   23.747634901
   -2.379994435   -2.443460953   22.109290300   11.318713821   23.453626903
   -2.189594880   -2.443460953   24.721851611   15.256462965   23.221649596
   -1.999195325   -2.443460953   27.667609409   15.265860670   23.358330992
   -1.808795770   -2.443460953   30.468914788   14.207855680   23.820685516
   -1.618396215   -2.443460953   33.167430075   14.497756466   24.200548616
   -1.427996661   -2.443460953   36.139665091   17.097689472   23.881970893
   -1.237597106   -2.443460953   39.790298303   21.389726735   22.313608884
   -1.047197551   -2.443460953   44.290040515   25.660434939   19.263934970
   -0.856797996   -2.443460953   49.436681194   27.814772587   14.928319364
   -0.666398442   -2.443460953   54.648686783   26.077973371    9.825684089
   -0.475998887   -2.443460953   59.074622536   19.466421052    4.578155957
   -0.285599332   -2.443460953   61.764482469    7.934139290   -0.311680003
   -0.095199777   -2.443460953   61.861113795   -7.459355927   -4.587039690
    0.095199777   -2.443460953   58.838812715  -24.305233798   -8.204337212
    0.285599332   -2.443460953   52.776792313  -38.634957493  -11.199711543
    0.475998887   -2.443460953   44.608529650  -45.610940814  -13.534225086
    0.666398442   -2.443460953   36.142996969  -41.272191048  -15.038398485
    0.856797996   -2.443460953   29.682362985  -24.779940445  -15.467951621
    1.047197551   -2.443460953   27.269712970    0.281717792  -14.668848156
    1.237597106   -2.443460953   29.884627851   26.681403470  -12.721917963
    1.427996661   -2.443460953   37.001240043   46.352724950   -9.956338851
    1.618396215   -2.443460953   46.743363972   53.655123198   -6.798778906
    1.808795770   -2.443460953   56.556006225   47.237175556   -3.584333364
    1.999195325   -2.443460953   64.025395751   29.748489937   -0.425345443
    2.189594880   -2.443460953   67.497275514    6.160671139    2.776674460
    2.379994435   -2.443460953   66.336873054  -18.010660650    6.195166277
    2.570393989   -2.443460953   60.912124021  -37.921801419    9.909543651
    2.760793544   -2.443460953   52.403043204  -49.943532179   13.785522936
    2.951193099   -2.443460953   42.529394463  -52.137261401   17.476012922

   -3.141592654   -2.094395102   38.970853793  -40.780331431   13.550799019
   -2.951193099   -2.094395102   32.367498162  -27.914351438   14.951252570
   -2.760793544   -2.094395102   28.537131078  -12.330607444   15.662305674
   -2.570393989   -2.094395102   27.578532134    1.627486984   15.820724441
   -2.379994435   -2.094395102   28.867797153   10.996265175   15.651886492
   -2.189594880   -2.094395102   31.426593980   15.062060433   15.342211793
   -1.999195325   -2.094395102   34.353342148   15.219674257   14.933887468
   -1.808795770   -2.094395102   37.123330740   13.804463426   14.282380117
   -1.618396215   -2.094395102   39.643472754   12.876065172   13.118603272
   -1.427996661   -2.094395102   42.122534003   13.431201833   11.183893567
   -1.237597106   -2.094395102   44.845798377   15.317725529    8.379071140
   -1.047197551   -2.094395102   47.981405860   17.535738055    4.849477657
   -0.856797996   -2.094395102   51.460127839   18.627985466    0.958976280
   -0.666398442   -2.094395102   54.921485314   17.086754434   -2.847359674
   -0.475998887   -2.094395102   57.740886800   11.730800475   -6.201950473
   -0.285599332   -2.094395102   59.123306783    1.981404255   -8.924628934
   -0.095199777   -2.094395102   58.256168298  -11.675024973  -11.045230934
    0.095199777   -2.094395102   54.565695726  -27.181061330  -12.724333440
    0.285599332   -2.094395102   48.048262269  -40.584227136  -14.117618765
    0.475998887   -2.094395102   39.581678993  -46.787587304  -15.253969521
    0.666398442   -2.094395102   30.978088400  -41.489396463  -15.994694823
    0.856797996   -2.094395102   24.593721466  -23.698053418  -16.082030268
    1.047197551   -2.094395102   22.527700616    2.859338499  -15.289501930
    1.237597106   -2.094395102   25.766563720   30.601345164  -13.564526729
    1.427996661   -2.094395102   33.722965171   51.159075107  -11.089460729
    1.618396215   -2.094395102   44.421740843   58.811729822   -8.187497519
    1.808795770   -2.094395102   55.219914502   52.392463967   -5.179478053
    1.999195325   -2.094395102   63.665779343   34.860738741   -2.251707950
    2.189594880   -2.094395102   68.121271777   11.410537520    0.574523597
    2.379994435   -2.094395102   67.989802137  -12.439011312    3.370295933
    2.570393989   -2.094395102   63.656675269  -32.063072424    6.185078212
    2.760793544   -2.094395102   56.265648164  -44.146140482    8.955077100
    2.951193099   -2.094395102   47.445803911  -46.978916531   11.491584630

   -3.141592654   -1.745329252   41.999604255  -38.549842246    5.709582324
   -2.951193099   -1.745329252   35.732993963  -26.626283897    6.309970737
   -2.760793544   -1.745329252   32.059551649  -11.951862648    6.590253592
   -2.570393989   -1.745329252   31.099183396    1.264658366    6.581883034
   -2.379994435   -1.745329252   32.261688379   10.040227212    6.292938356
   -2.189594880   -1.745329252   34.581872467   13.487227697    5.661221973
   -1.999195325   -1.745329252   37.131039132   12.771374946    4.558219009
   -1.808795770   -1.745329252   39.322610804   10.122718696    2.843512954
   -1.618396215   -1.745329252   41.003715209    7.734896012    0.457460147
   -1.427996661   -1.745329252   42.372750119    6.976210794   -2.504170501
   -1.237597106   -1.745329252   43.785925087    8.149874979   -5.771361514
   -1.047197551   -1.745329252   45.559628106   10.572965864   -8.953424750
   -0.856797996   -1.745329252   47.808520029   12.817636877  -11.646362855
   -0.666398442   -1.745329252   50.328396696   13.078750198  -13.564365056
   -0.475998887   -1.745329252   52.571912579    9.675385528  -14.625297899
   -0.285599332   -1.745329252   53.723008125    1.517003375  -14.968081281
   -0.095199777   -1.745329252   52.865946532  -11.231532601  -14.893953486
    0.095199777   -1.745329252   49.288305778  -26.541159740  -14.750529145
    0.285599332   -1.745329252   42.870508498  -40.214336534  -14.791333814
    0.475998887   -1.745329252   34.440950892  -46.737822788  -15.072739283
    0.666398442   -1.745329252   25.843083421  -41.391338200  -15.429830754
    0.856797996   -1.745329252   19.527095392  -22.981252089  -15.530306090
    1.047197551   -1.745329252   17.696289574    4.670841508  -15.031876562
    1.237597106   -1.745329252   21.398549658   33.636073860  -13.735633776
    1.427996661   -1.745329252   30.033327087   55.175806864  -11.691058791
    1.618396215   -1.745329252   41.554725355   63.342381179   -9.150205632
    1.808795770   -1.745329252   53.228374673   56.986927761   -6.451563139
    1.999195325   -1.745329252   62.533304713   39.259157016   -3.881104746
    2.189594880   -1.745329252   67.803020173   15.563305183   -1.591447313
    2.379994435   -1.745329252   68.443971280   -8.471988882    0.389754756
    2.570393989   -1.745329252   64.851671295  -28.257391209    2.099171777
    2.760793544   -1.745329252   58.162410766  -40.614921380    3.567968643
    2.951193099   -1.745329252   49.970840541  -43.962228724    4.785109102

   -3.141592654   -1.396263402   41.079872227  -39.189680314    2.892323172
   -2.951193099   -1.396263402   34.697462757  -27.178066587    2.794309367
   -2.760793544   -1.396263402   30.939969098  -12.279341094    2.425260850
   -2.570393989   -1.396263402   29.935627975    1.099661167    1.783624705
   -2.379994435   -1.396263402   31.058130989    9.705921764    0.806302283
   -2.189594880   -1.396263402   33.255492693   12.426841124   -0.645662949
   -1.999195325   -1.396263402   35.484860578   10.383713880   -2.735384092
   -1.808795770   -1.396263402   37.063895743    6.055343263   -5.537046358
   -1.618396215   -1.396263402   37.817404604    2.134475185   -8.919885751
   -1.427996661   -1.396263402   38.028241677    0.576392263  -12.511519010
   -1.237597106   -1.396263402   38.236663291    2.106210283  -15.779489618
   -1.047197551   -1.396263402   38.990681367    6.094996835  -18.194140159
   -0.856797996   -1.396263402   40.608990901   10.765004172  -19.397885406
   -0.666398442   -1.396263402   42.992450557   13.672114692  -19.316210646
   -0.475998887   -1.396263402   45.567820501   12.433418713  -18.161760991
   -0.285599332   -1.396263402   47.373176014    5.435428998  -16.361709075
   -0.095199777   -1.396263402   47.277063934   -7.357905791  -14.429745999
    0.095199777   -1.396263402   44.347149177  -23.753953658  -12.816640488
    0.285599332   -1.396263402   38.305496494  -39.092326556  -11.778816707
    0.475998887   -1.396263402   29.930557102  -47.221898623  -11.315391110
    0.666398442   -1.396263402   21.138760326  -42.788832494  -11.197369955
    0.856797996   -1.396263402   14.553802313  -24.228287128  -11.061308801
    1.047197551   -1.396263402   12.584351789    4.600786283  -10.576286689
    1.237597106   -1.396263402   16.436035089   35.302433289   -9.557602864
    1.427996661   -1.396263402   25.552735416   58.491728575   -8.034570733
    1.618396215   -1.396263402   37.815738046   67.670771863   -6.188801365
    1.808795770   -1.396263402   50.341702905   61.458718725   -4.257787152
    1.999195325   -1.396263402   60.450122008   43.118878988   -2.441472293
    2.189594880   -1.396263402   66.359132767   18.371205599   -0.856905508
    2.379994435   -1.396263402   67.424818097   -6.813825626    0.452058938
    2.570393989   -1.396263402   64.049632074  -27.595988634    1.481149966
    2.760793544   -1.396263402   57.412309449  -40.681870274    2.234489825
    2.951193099   -1.396263402   49.162889471  -44.455053166    2.707009447

   -3.141592654   -1.047197551   39.248465952  -40.967548574    2.945179707
   -2.951193099   -1.047197551   32.539777745  -28.812959035    1.806364058
   -2.760793544   -1.047197551   28.487499099  -13.758788576    0.258535795
   -2.570393989   -1.047197551   27.199822542   -0.457341163   -1.590204401
   -2.379994435   -1.047197551   27.984978056    7.634185524   -3.701650019
   -2.189594880   -1.047197551   29.698814957    9.343628060   -6.151555014
   -1.999195325   -1.047197551   31.218219857    5.991663509   -9.065040313
   -1.808795770   -1.047197551   31.844988976    0.521411646  -12.460359881
   -1.618396215   -1.047197551   31.490014418   -3.807782971  -16.102727226
   -1.427996661   -1.047197551   30.619914963   -4.629299414  -19.488455500
   -1.237597106   -1.047197551   30.002735773   -1.182887787  -21.992409255
   -1.047197551   -1.047197551   30.379825310    5.509196892  -23.101557559
   -0.856797996   -1.047197551   32.161173621   13.021734328  -22.608407986
   -0.666398442   -1.047197551   35.207634440   18.237846797  -20.681749766
   -0.475998887   -1.047197551   38.793688620   18.287786987  -17.794011357
   -0.285599332   -1.047197551   41.740188475   11.364008588  -14.571348773
   -0.095199777   -1.047197551   42.691997162   -2.439691959  -11.605177149
    0.095199777   -1.047197551   40.543460518  -20.539165529   -9.287386543
    0.285599332   -1.047197551   34.934923699  -37.734654555   -7.716080343
    0.475998887   -1.047197551   26.669299387  -47.335330159   -6.718300590
    0.666398442   -1.047197551   17.776458544  -43.595044360   -5.978875879
    0.856797996   -1.047197551   11.043364433  -24.855791313   -5.190894877
    1.047197551   -1.047197551    9.029439337    4.837805668   -4.200498414
    1.237597106   -1.047197551   13.035044974   36.678947712   -3.015511910
    1.427996661   -1.047197551   22.514589458   60.859575291   -1.764540823
    1.618396215   -1.047197551   35.288407169   70.568201103   -0.581254140
    1.808795770   -1.047197551   48.370879894   64.304283124    0.466122848
    1.999195325   -1.047197551   58.974076038   45.392232158    1.382068344
    2.189594880   -1.047197551   65.232398445   19.726011352    2.198425115
    2.379994435   -1.047197551   66.456946249   -6.503390559    2.915161253
    2.570393989   -1.047197551   63.047180401  -28.238035380    3.467188237
    2.760793544   -1.047197551   56.215554289  -42.029563716    3.735766602
    2.951193099   -1.047197551   47.668730944  -46.173824169    3.589373979

   -3.141592654   -0.698131701   38.955047438  -44.245634301    2.685975550
   -2.951193099   -0.698131701   31.554959552  -32.740255784    0.931420895
   -2.760793544   -0.698131701   26.720833293  -17.989089104   -1.289749706
   -2.570393989   -0.698131701   24.616931689   -4.783592662   -3.836371256
   -2.379994435   -0.698131701   24.566731848    3.156395628   -6.619488240
   -2.189594880   -0.698131701   25.395024651    4.476568270   -9.649651320
   -1.999195325   -0.698131701   25.937714406    0.605131732  -12.965951592
   -1.808795770   -0.698131701   25.508733151   -5.084713211  -16.465977329
   -1.618396215   -0.698131701   24.127279261   -8.807377846  -19.773169905
   -1.427996661   -0.698131701   22.451148899   -7.908188784  -22.278190798
   -1.237597106   -0.698131701   21.451236658   -1.802866424  -23.365358089
   -1.047197551   -0.698131701   21.996065959    7.890626838  -22.693963869
   -0.856797996   -0.698131701   24.490577739   18.003117664  -20.365551082
   -0.666398442   -0.698131701   28.656183623   24.805838248  -16.887850051
   -0.475998887   -0.698131701   33.540260103   25.127324062  -12.975921663
   -0.285599332   -0.698131701   37.714841963   17.238615598   -9.308409037
   -0.095199777   -0.698131701   39.624834477    1.657666907   -6.311658695
    0.095199777   -0.698131701   38.068563090  -18.388549591   -4.051196454
    0.285599332   -0.698131701   32.717351561  -37.059012286   -2.268646881
    0.475998887   -0.698131701   24.508947060  -47.260299470   -0.572391784
    0.666398442   -0.698131701   15.647324011  -43.220462783    1.307170908
    0.856797996   -0.698131701    9.062860724  -23.639306110    3.353530127
    1.047197551   -0.698131701    7.369556908    6.948593415    5.258033462
    1.237597106   -0.698131701   11.835967057   39.316499231    6.634250461
    1.427996661   -0.698131701   21.828260608   63.518246815    7.238070142
    1.618396215   -0.698131701   35.078301360   72.860873516    7.108468698
    1.808795770   -0.698131701   48.548486447   66.074093027    6.526493994
    1.999195325   -0.698131701   59.439737637   46.657573459    5.848915802
    2.189594880   -0.698131701   65.894674736   20.529121821    5.333134818
    2.379994435   -0.698131701   67.224381088   -6.222929491    5.044639118
    2.570393989   -0.698131701   63.805069377  -28.654211124    4.861879410
    2.760793544   -0.698131701   56.810463049  -43.358708415    4.555324932
    2.951193099   -0.698131701   47.913924302  -48.519956843    3.882956914

   -3.141592654   -0.349065850   39.525655453  -47.629892146    2.184950363
   -2.951193099   -0.349065850   31.393500581  -36.993822535   -0.136375956
   -2.760793544   -0.349065850   25.689268360  -22.812081431   -2.901098733
   -2.570393989   -0.349065850   22.634989188   -9.908422603   -5.897372927
   -2.379994435   -0.349065850   21.588141096   -2.189350248   -8.972412540
   -2.189594880   -0.349065850   21.372932295   -1.147798425  -12.085892724
   -1.999195325   -0.349065850   20.822045007   -5.212025102  -15.221582050
   -1.808795770   -0.349065850   19.305974994  -10.545700004  -18.201404481
   -1.618396215   -0.349065850   16.999184293  -12.858877795  -20.571551914
   -1.427996661   -0.349065850   14.782657800   -9.349221558  -21.703083681
   -1.237597106   -0.349065850   13.822389577    0.117347677  -21.087529652
   -1.047197551   -0.349065850   15.049104814   13.026981291  -18.641573481
   -0.856797996   -0.349065850   18.749919203   25.300141510  -14.817324010
   -0.666398442   -0.349065850   24.386853141   32.690032774  -10.432843467
   -0.475998887   -0.349065850   30.704581937   32.081653409   -6.343874246
   -0.285599332   -0.349065850   36.034233192   22.320767528   -3.127884008
   -0.095199777   -0.349065850   38.720129391    4.777458332   -0.889510769
    0.095199777   -0.349065850   37.623150457  -16.514821806    0.729781657
    0.285599332   -0.349065850   32.599514593  -35.299543555    2.351322786
    0.475998887   -0.349065850   24.796480543  -44.657512310    4.515185262
    0.666398442   -0.349065850   16.539680043  -39.507321125    7.358002770
    0.856797996   -0.349065850   10.729236945  -19.400251686   10.495021773
    1.047197551   -0.349065850    9.810256699   10.644114000   13.177574654
    1.237597106   -0.349065850   14.848329533   41.498169567   14.699304590
    1.427996661   -0.349065850   25.077871852   63.827788297   14.738571383
    1.618396215   -0.349065850   38.232582260   71.657431336   13.492843924
    1.808795770   -0.349065850   51.390599544   64.143520762   11.533937151
    1.999195325   -0.349065850   61.907694400   44.764681566    9.507979734
    2.189594880   -0.349065850   68.041397204   19.080543041    7.861249496
    2.379994435   -0.349065850   69.137000568   -7.275343113    6.716959070
    2.570393989   -0.349065850   65.526728993  -29.688720514    5.903139862
    2.760793544   -0.349065850   58.297288125  -44.875411937    5.084377641
    2.951193099   -0.349065850   49.033994661  -50.899448006    3.916012579

   -3.141592654    0.000000000   40.099120500  -51.253758399    0.790571662
   -2.951193099    0.000000000   31.194090998  -41.432465113   -1.339758503
   -2.760793544    0.000000000   24.589664989  -27.760108045   -3.713377145
   -2.570393989    0.000000000   20.570866599  -15.042887013   -6.184593208
   -2.379994435    0.000000000   18.544217953   -7.325741952   -8.670650420
   -2.189594880    0.000000000   17.357715093   -6.192765887  -11.161815775
   -1.999195325    0.000000000   15.872875793   -9.902309902  -13.608621272
   -1.808795770    0.000000000   13.547980615  -14.197068642  -15.757261995
   -1.618396215    0.000000000   10.726115226  -14.431756286  -17.099610755
   -1.427996661    0.000000000    8.486348253   -7.903147466  -17.046292280
   -1.237597106    0.000000000    8.114782025    4.814180332  -15.255823237
   -1.047197551    0.000000000   10.490685374   20.184799614  -11.904016579
   -0.856797996    0.000000000   15.666175031   33.330619521   -7.694030953
   -0.666398442    0.000000000   22.773297183   39.838565425   -3.561088684
   -0.475998887    0.000000000   30.264393361   37.122806059   -0.268462092
   -0.285599332    0.000000000   36.326062945   25.011944950    1.903694899
   -0.095199777    0.000000000   39.355916470    5.893214794    3.258785510
    0.095199777    0.000000000   38.433410227  -15.536936344    4.519321981
    0.285599332    0.000000000   33.700892280  -33.022546067    6.483089261
    0.475998887    0.000000000   26.522016887  -40.354584017    9.595960166
    0.666398442    0.000000000   19.254348417  -33.595559423   13.658829383
    0.856797996    0.000000000   14.615972662  -13.315372953   17.830431153
    1.047197551    0.000000000   14.732570850   15.156374303   20.970724911
    1.237597106    0.000000000   20.375093163   43.210190436   22.191081138
    1.427996661    0.000000000   30.640779788   62.560875905   21.245736211
    1.618396215    0.000000000   43.329793987   68.232889845   18.588676053
    1.808795770    0.000000000   55.732154832   59.857228742   15.097601964
    1.999195325    0.000000000   65.445607367   40.766604063   11.656905873
    2.189594880    0.000000000   70.898078650   15.972250479    8.834171685
    2.379994435    0.000000000   71.489543875   -9.511265842    6.774213615
    2.570393989    0.000000000   67.502885355  -31.506793108    5.279765202
    2.760793544    0.000000000   59.918330332  -46.892773350    3.990303813
    2.951193099    0.000000000   50.210444755  -53.608904411    2.559811828

   -3.141592654    0.349065850   41.401745499  -53.600688807    0.043337769
   -2.951193099    0.349065850   31.975413359  -44.522241803   -1.375445149
   -2.760793544    0.349065850   24.723883420  -31.414638692   -2.839157115
   -2.570393989    0.349065850   19.974256855  -19.023330048   -4.313663023
   -2.379994435    0.349065850   17.173153238  -11.451302116   -5.811903054
   -2.189594880    0.349065850   15.200211697  -10.286565326   -7.366569879
   -1.999195325    0.349065850   12.966679866  -13.578789453   -8.921845225
   -1.808795770    0.349065850   10.037596683  -16.715220860  -10.219259031
   -1.618396215    0.349065850    6.921533944  -14.851197973  -10.806332484
   -1.427996661    0.349065850    4.858940738   -5.565467277  -10.226984775
   -1.237597106    0.349065850    5.191027977    9.762273977   -8.306565115
   -1.047197551    0.349065850    8.677041953   26.642150566   -5.336711956
   -0.856797996    0.349065850   15.095242220   39.643064604   -2.006739035
   -0.666398442    0.349065850   23.268097293   44.533754155    0.925519307
   -0.475998887    0.349065850   31.440952525   39.573610149    2.999866548
   -0.285599332    0.349065850   37.786977151   25.717173389    4.274587943
   -0.095199777    0.349065850   40.892520935    6.262344077    5.308226709
    0.095199777    0.349065850   40.147249738  -13.768231494    6.893157237
    0.285599332    0.349065850   35.992630983  -28.593935887    9.676400127
    0.475998887    0.349065850   29.930195423  -33.161639751   13.781218359
    0.666398442    0.349065850   24.202182426  -24.943600840   18.638094817
    0.856797996    0.349065850   21.173937209   -5.486808721   23.120527796
    1.047197551    0.349065850   22.518069421   19.895625483   25.988572527
    1.237597106    0.349065850   28.656845578   43.600611713   26.440220012
    1.427996661    0.349065850   38.588777542   58.829908382   24.439497840
    1.618396215    0.349065850   50.284616156   61.846649580   20.666577370
    1.808795770    0.349065850   61.371942908   52.752189914   16.162588379
    1.999195325    0.349065850   69.797166904   34.553848888   11.885712066
    2.189594880    0.349065850   74.223587638   11.471768890    8.410539951
    2.379994435    0.349065850   74.126636364  -12.303531733    5.866051540
    2.570393989    0.349065850   69.728318112  -33.166782287    4.057608662
    2.760793544    0.349065850   61.873085058  -48.210531409    2.658769280
    2.951193099    0.349065850   51.891070042  -55.253056070    1.375462100

   -3.141592654    0.698131701   42.543658696  -55.251431976   -1.337493748
   -2.951193099    0.698131701   32.760857761  -46.582879217   -1.847862565
   -2.760793544    0.698131701   25.085928930  -33.761143111   -2.191338587
   -2.570393989    0.698131701   19.875374413  -21.485649671   -2.455144604
   -2.379994435    0.698131701   16.604182901  -13.907275793   -2.756668726
   -2.189594880    0.698131701   14.172276568  -12.624428113   -3.194555581
   -1.999195325    0.698131701   11.522238701  -15.556654343   -3.763209667
   -1.808795770    0.698131701    8.285399158  -17.878493878   -4.295619629
   -1.618396215    0.698131701    5.068995816  -14.661453614   -4.498484920
   -1.427996661    0.698131701    3.198260538   -3.730964135   -4.093143823
   -1.237597106    0.698131701    4.019962982   12.970583407   -2.989717405
   -1.047197551    0.698131701    8.184638024   30.381311592   -1.375095653
   -0.856797996    0.698131701   15.281476006   42.875075744    0.365806575
   -0.666398442    0.698131701   23.962116607   46.583683346    1.884956092
   -0.475998887    0.698131701   32.414108360   40.540811988    3.086562186
   -0.285599332    0.698131701   38.909207407   26.521314739    4.218720097
   -0.095199777    0.698131701   42.260232872    8.270246641    5.793138454
    0.095199777    0.698131701   42.113014718   -9.337343335    8.334931363
    0.285599332    0.698131701   39.075383524  -21.318146004   12.095320837
    0.475998887    0.698131701   34.618034499  -23.809525676   16.809482896
    0.666398442    0.698131701   30.723888192  -15.420711284   21.670315573
    0.856797996    0.698131701   29.334866755    1.806092479   25.540007733
    1.047197551    0.698131701   31.694425306   23.030578708   27.383892422
    1.237597106    0.698131701   37.968816986   41.912402569   26.701825946
    1.427996661    0.698131701   47.172504392   53.113931595   23.723968115
    1.618396215    0.698131701   57.535914972   53.914024708   19.264109731
    1.808795770    0.698131701   67.063647453   44.615061011   14.352489493
    1.999195325    0.698131701   74.045338214   27.713322600    9.849399901
    2.189594880    0.698131701   77.351724098    6.585045234    6.225688988
    2.379994435    0.698131701   76.506745207  -15.345826807    3.559770522
    2.570393989    0.698131701   71.660524641  -34.950058222    1.682860760
    2.760793544    0.698131701   63.528028817  -49.454478720    0.353988174
    2.951193099    0.698131701   53.311457764  -56.540967604   -0.618973330

   -3.141592654    1.047197551   40.896823463  -56.098297066   -4.810911041
   -2.951193099    1.047197551   31.035467120  -46.551487749   -4.335306326
   -2.760793544    1.047197551   23.438254759  -33.012091230   -3.449478503
   -2.570393989    1.047197551   18.412623151  -20.353940253   -2.419108353
   -2.379994435    1.047197551   15.361316506  -12.791799247   -1.495963675
   -2.189594880    1.047197551   13.114626455  -11.826786036   -0.843508775
   -1.999195325    1.047197551   10.578324639  -15.148362441   -0.499514934
   -1.808795770    1.047197551    7.394422152  -17.686150698   -0.392472511
   -1.618396215    1.047197551    4.217844597  -14.389455661   -0.392564831
   -1.427996661    1.047197551    2.425636464   -3.160508827   -0.371651983
   -1.237597106    1.047197551    3.386143099   13.830649967   -0.243652264
   -1.047197551    1.047197551    7.727534955   31.322530953    0.027372193
   -0.856797996    1.047197551   14.994437746   43.700524698    0.459354526
   -0.666398442    1.047197551   23.823766398   47.364333498    1.127803844
   -0.475998887    1.047197551   32.455156952   41.749676727    2.205159379
   -0.285599332    1.047197551   39.282051727   28.937851929    3.950505252
   -0.095199777    1.047197551   43.269548432   12.638332253    6.629941424
    0.095199777    1.047197551   44.168914098   -2.718923468   10.356974289
    0.285599332    1.047197551   42.573909050  -12.944711231   14.937647831
    0.475998887    1.047197551   39.776621803  -15.025725137   19.777841974
    0.666398442    1.047197551   37.444649396   -8.125524104   23.973076604
    0.856797996    1.047197551   37.156667978    5.824123852   26.549090517
    1.047197551    1.047197551   39.882596520   22.787452996   26.832721464
    1.237597106    1.047197551   45.711734566   37.616938039   24.720613068
    1.427996661    1.047197551   53.803909920   46.004033008   20.726394106
    1.618396215    1.047197551   62.680448663   45.689098051   15.738787200
    1.808795770    1.047197551   70.658350386   36.761627203   10.668946143
    1.999195325    1.047197551   76.253483350   21.085344445    6.157959466
    2.189594880    1.047197551   78.433440033    1.365551820    2.481519445
    2.379994435    1.047197551   76.712912322  -19.379254743   -0.360049723
    2.570393989    1.047197551   71.186484752  -38.103735315   -2.468029889
    2.760793544    1.047197551   62.522239773  -51.891700473   -3.911419710
    2.951193099    1.047197551   51.909647392  -58.237475947   -4.693552292

   -3.141592654    1.396263402   36.713709248  -56.148483755  -10.083747600
   -2.951193099    1.396263402   27.011056769  -44.867352062   -9.532860062
   -2.760793544    1.396263402   19.865101860  -30.059048855   -8.240051097
   -2.570393989    1.396263402   15.467824060  -16.826600909   -6.492010495
   -2.379994435    1.396263402   13.087686240   -9.370131798   -4.597934509
   -2.189594880    1.396263402   11.441945433   -8.996665168   -2.793606916
   -1.999195325    1.396263402    9.366801139  -13.158760725   -1.216910769
   -1.808795770    1.396263402    6.475451304  -16.603779955    0.050774093
   -1.618396215    1.396263402    3.423454399  -14.146854942    0.939023220
   -1.427996661    1.396263402    1.612247231   -3.565261121    1.397990651
   -1.237597106    1.396263402    2.460604208   13.117024795    1.462664308
   -1.047197551    1.396263402    6.674710226   30.772166995    1.303430085
   -0.856797996    1.396263402   13.896397553   43.866239186    1.217703009
   -0.666398442    1.396263402   22.869434187   48.791129088    1.568868591
   -0.475998887    1.396263402   31.929293467   44.877083327    2.683001800
   -0.285599332    1.396263402   39.533744005   33.989783502    4.761551766
   -0.095199777    1.396263402   44.658017716   19.464696374    7.816384108
    0.095199777    1.396263402   46.979255318    5.237537779   11.609318884
    0.285599332    1.396263402   46.918812384   -5.019021641   15.630498539
    0.475998887    1.396263402   45.510689548   -8.606143206   19.155967175
    0.666398442    1.396263402   44.142993388   -4.612227434   21.428354269
    0.856797996    1.396263402   44.176110783    5.624565166   21.879249351
    1.047197551    1.396263402   46.511157920   18.972906600   20.361189502
    1.237597106    1.396263402   51.341441671   31.154878031   17.193616325
    1.427996661    1.396263402   58.061452484   38.291127600   13.048042682
    1.618396215    1.396263402   65.454814996   37.995281918    8.661717405
    1.808795770    1.396263402   72.033440093   29.825289856    4.585075470
    1.999195325    1.396263402   76.395238006   15.052043376    1.056578137
    2.189594880    1.396263402   77.496765158   -3.972515048   -1.945268138
    2.379994435    1.396263402   74.809009162  -24.214584059   -4.541158583
    2.570393989    1.396263402   68.412636044  -42.361775419   -6.786587689
    2.760793544    1.396263402   59.020419979  -55.188387438   -8.590930378
    2.951193099    1.396263402   47.910234214  -60.077415315   -9.752578986

   -3.141592654    1.745329252   31.219662289  -56.404636955  -15.756942974
   -2.951193099    1.745329252   21.668040669  -43.057227422  -15.473401000
   -2.760793544    1.745329252   15.030606151  -26.640345862  -14.080025355
   -2.570393989    1.745329252   11.378866810  -12.549913120  -11.824076637
   -2.379994435    1.745329252    9.833955015   -4.987787373   -9.035334720
   -2.189594880    1.745329252    8.985698423   -5.081576482   -6.000558741
   -1.999195325    1.745329252    7.579954278  -10.097490510   -2.931538857
   -1.808795770    1.745329252    5.167381567  -14.679240655   -0.020729187
   -1.618396215    1.745329252    2.359499708  -13.525222521    2.501450394
   -1.427996661    1.745329252    0.547321956   -4.156220972    4.400540654
   -1.237597106    1.745329252    1.205260734   11.816726996    5.559154305
   -1.047197551    1.745329252    5.174647922   29.659385385    6.080233636
   -0.856797996    1.745329252   12.285372074   43.972536512    6.283193570
   -0.666398442    1.745329252   21.462727012   50.926483732    6.589784677
   -0.475998887    1.745329252   31.152500060   49.356223410    7.356973560
   -0.285599332    1.745329252   39.815522323   40.532482558    8.748187063
   -0.095199777    1.745329252   46.318846008   27.230154875   10.667981348
    0.095199777    1.745329252   50.137036775   12.958354034   12.758047164
    0.285599332    1.745329252   51.427939242    1.205567647   14.460829397
    0.475998887    1.745329252   50.956698167   -5.164347792   15.182685587
    0.666398442    1.745329252   49.913738644   -4.698111790   14.522206467
    0.856797996    1.745329252   49.594792342    2.113449716   12.434929984
    1.047197551    1.745329252   51.003146363   12.950716043    9.295708005
    1.237597106    1.745329252   54.557571573   24.014472571    5.726158126
    1.427996661    1.745329252   59.918367522   31.331427754    2.354563464
    1.618396215    1.745329252   66.069721419   31.974384979   -0.448096851
    1.808795770    1.745329252   71.602017610   24.812584004   -2.662794545
    1.999195325    1.745329252   75.073840305   10.626008584   -4.545753908
    2.189594880    1.745329252   75.345436965   -8.333009555   -6.436886427
    2.379994435    1.745329252   71.810811188  -28.747516122   -8.556524152
    2.570393989    1.745329252   64.549181875  -46.832193103  -10.882745972
    2.760793544    1.745329252   54.360282084  -58.944783108  -13.140883380
    2.951193099    1.745329252   42.663400713  -62.354918189  -14.901892007

   -3.141592654    2.094395102   24.711037647  -57.660911114  -17.028571737
   -2.951193099    2.094395102   15.140570028  -41.997759469  -16.785890528
   -2.760793544    2.094395102    8.913268612  -23.475559069  -15.346594510
   -2.570393989    2.094395102    6.020542242   -7.861613127  -12.910378870
   -2.379994435    2.094395102    5.461013307    0.571094627   -9.776295592
   -2.189594880    2.094395102    5.711021914    0.819178403   -6.202857085
   -1.999195325    2.094395102    5.428621074   -4.265564153   -2.380338583
   -1.808795770    2.094395102    4.087380835   -9.336776582    1.488040096
   -1.618396215    2.094395102    2.214376714   -9.125646128    5.097471570
   -1.427996661    2.094395102    1.122257056   -1.027191981    8.072179256
   -1.237597106    2.094395102    2.255026677   13.710033657   10.121974596
   -1.047197551    2.094395102    6.502678051   30.786648340   11.203114145
   -0.856797996    2.094395102   13.811789435   45.043190077   11.554881587
   -0.666398442    2.094395102   23.239103042   52.552474356   11.576934075
   -0.475998887    2.094395102   33.314072751   51.767214641   11.630363380
   -0.285599332    2.094395102   42.493667730   43.455365814   11.878209753
   -0.095199777    2.094395102   49.546256775   29.925236014   12.208209199
    0.095199777    2.094395102   53.775151343   14.392194067   12.265132375
    0.285599332    2.094395102   55.139903522    0.402223672   11.569268992
    0.475998887    2.094395102   54.257298346   -8.699318161    9.739711277
    0.666398442    2.094395102   52.298276415  -10.655194601    6.721642839
    0.856797996    2.094395102   50.699207519   -5.115730119    2.881472232
    1.047197551    2.094395102   50.733452196    6.005972267   -1.073734508
    1.237597106    2.094395102   53.104641679   18.703518948   -4.404897970
    1.427996661    2.094395102   57.662040731   28.218940087   -6.633657810
    1.618396215    2.094395102   63.406845621   30.688668853   -7.741896100
    1.808795770    2.094395102   68.789029673   24.323861670   -8.127210883
    1.999195325    2.094395102   72.148520222    9.758340976   -8.386065751
    2.189594880    2.094395102   72.148469194  -10.402377445   -9.045841141
    2.379994435    2.094395102   68.084259520  -32.208193543  -10.364343342
    2.570393989    2.094395102   60.063542520  -51.211278740  -12.258879478
    2.760793544    2.094395102   49.026038784  -63.287411191  -14.353160429
    2.951193099    2.094395102   36.591730563  -65.583491254  -16.111808008

   -3.141592654    2.443460953   19.012173834  -58.715981544  -11.636841438
   -2.951193099    2.443460953    9.426268409  -41.094566186  -10.832897508
   -2.760793544    2.443460953    3.555524686  -20.690438860   -9.102688801
   -2.570393989    2.443460953    1.344045890   -3.574964631   -6.609565741
   -2.379994435    2.443460953    1.709823593    5.939504412   -3.563272240
   -2.189594880    2.443460953    3.060534906    6.971496947   -0.097409397
   -1.999195325    2.443460953    4.006170292    2.435559946    3.723868026
   -1.808795770    2.443460953    3.965915448   -2.457569710    7.780813577
   -1.618396215    2.443460953    3.374321755   -2.662610855   11.768341675
   -1.427996661    2.443460953    3.419328840    4.349098056   15.211465715
   -1.237597106    2.443460953    5.435001026   17.562400040   17.642245826
   -1.047197551    2.443460953   10.268289831   33.117913744   18.816933481
   -0.856797996    2.443460953   17.904387634   46.221231368   18.812179381
   -0.666398442    2.443460953   27.484444795   53.039149192   17.932028060
   -0.475998887    2.443460953   37.609958341   51.821053057   16.515190194
   -0.285599332    2.443460953   46.752621817   42.955126091   14.764083122
   -0.095199777    2.443460953   53.620570770   28.386262889   12.657132083
    0.095199777    2.443460953   57.405096586   11.150946765    9.992720594
    0.285599332    2.443460953   57.951123618   -5.002854074    6.528704162
    0.475998887    2.443460953   55.836892638  -16.145129678    2.207728832
    0.666398442    2.443460953   52.331415803  -19.235441789   -2.665071573
    0.856797996    2.443460953   49.107356682  -13.308862573   -7.417734736
    1.047197551    2.443460953   47.744761747   -0.243192111  -11.209477556
    1.237597106    2.443460953   49.195291849   15.370987049  -13.403085874
    1.427996661    2.443460953   53.401282114   27.774956196  -13.832465994
    1.618396215    2.443460953   59.265712714   32.179593004  -12.875694554
    1.808795770    2.443460953   65.003875747   26.333309772  -11.267559355
    1.999195325    2.443460953   68.687450348   10.973944521   -9.786321737
    2.189594880    2.443460953   68.775668470  -10.758035127   -8.978707585
    2.379994435    2.443460953   64.480805314  -34.227128302   -9.024441813
    2.570393989    2.443460953   55.953980348  -54.375410389   -9.753392513
    2.760793544    2.443460953   44.275380447  -66.682276139  -10.755011307
    2.951193099    2.443460953   31.252658007  -68.212472106  -11.527293138

   -3.141592654    2.792526803   16.328661491  -58.111611608    1.016598881
   -2.951193099    2.792526803    6.972079856  -39.296834664    2.827607235
   -2.760793544    2.792526803    1.555797844  -17.750129046    4.744058122
   -2.570393989    2.792526803    0.000000000    0.335591046    6.654941199
   -2.379994435    2.792526803    1.193363474   10.714255080    8.576627110
   -2.189594880    2.792526803    3.536801844   12.631456736   10.687728600
   -1.999195325    2.792526803    5.645295209    8.969767508   13.216088596
   -1.808795770    2.792526803    6.911296217    4.638257891   16.231304354
   -1.618396215    2.792526803    7.669119958    4.261866024   19.479256156
   -1.427996661    2.792526803    8.938731115   10.123892837   22.405468041
   -1.237597106    2.792526803   11.876151545   21.363496601   24.372124519
   -1.047197551    2.792526803   17.213553808   34.602864210   24.938414708
   -0.856797996    2.792526803   24.921586148   45.548781116   24.023061517
   -0.666398442    2.792526803   34.202252585   50.637216384   21.854580822
   -0.475998887    2.792526803   43.737678559   48.070603283   18.794368918
   -0.285599332    2.792526803   52.050102893   37.981796327   15.154935335
   -0.095199777    2.792526803   57.846376645   22.075746832   11.086609955
    0.095199777    2.792526803   60.288256005    3.342228257    6.606458920
    0.285599332    2.792526803   59.211462925  -14.180029691    1.716479058
    0.475998887    2.792526803   55.268761137  -26.004929318   -3.412375983
    0.666398442    2.792526803   49.917799889  -28.508871498   -8.336843558
    0.856797996    2.792526803   45.103964328  -20.472724961  -12.395676632
    1.047197551    2.792526803   42.675704643   -4.128599226  -14.934686019
    1.237597106    2.792526803   43.731722231   15.087987499  -15.616998053
    1.427996661    2.792526803   48.179409344   30.418549622  -14.579607728
    1.618396215    2.792526803   54.719096764   36.379591612  -12.380580238
    1.808795770    2.792526803   61.283738529   30.590819046   -9.752978082
    1.999195325    2.792526803   65.689577082   14.170019698   -7.317561056
    2.189594880    2.792526803   66.241401169   -9.105316098   -5.398102054
    2.379994435    2.792526803   62.118978541  -34.001213174   -3.997811325
    2.570393989    2.792526803   53.538665144  -55.050826309   -2.902332000
    2.760793544    2.792526803   41.701903377  -67.546610101   -1.828994165
    2.951193099    2.792526803   28.552049223  -68.590494567   -0.552093999
