#! FIELDS phi psi file.free der_phi der_psi
#! SET min_phi -pi
#! SET max_phi pi
#! SET nbins_phi  33
#! SET periodic_phi true
#! SET min_psi -pi
#! SET max_psi pi
#! SET nbins_psi  18
#! SET periodic_psi true
   -3.141592654   -3.141592654   17.971434185  -53.833106242   17.244067109
   -2.951193099   -3.141592654    9.485735064  -34.676036303   19.590115282
   -2.760793544   -3.141592654    4.890262265  -13.932258344   21.030447754
   -2.570393989   -3.141592654    3.940536224    2.848221930   21.741130502
   -2.379994435   -3.141592654    5.516514062   12.342023869   22.163454182
   -2.189594880   -3.141592654    8.170633914   14.449460397   22.880928206
   -1.999195325   -3.141592654   10.734794578   12.067142838   24.381877356
   -1.808795770   -3.141592654   12.756536663    9.468790207   26.804970558
   -1.618396215   -3.141592654   14.571677437   10.377169881   29.803215679
   -1.427996661   -3.141592654   17.045406558   16.423262995   32.633595484
   -1.237597106   -3.141592654   21.105005091   26.657848483   34.439309800
   -1.047197551   -3.141592654   27.289490903   38.107250149   34.570909124
   -0.856797996   -3.141592654   35.472071961   47.007738960   32.784804282
   -0.666398442   -3.141592654   44.838692208   50.073893083   29.215642702
   -0.475998887   -3.141592654   54.069308407   45.381642125   24.233923938
   -0.285599332   -3.141592654   61.634419482   32.706403889   18.284305327
   -0.095199777   -3.141592654   66.129854040   13.574682629   11.778191960
    0.095199777   -3.141592654   66.617878279   -8.693062522    5.092009618
    0.285599332   -3.141592654   62.954520220  -29.127914656   -1.387220477
    0.475998887   -3.141592654   56.023923629  -42.065181734   -7.189753865
    0.666398442   -3.141592654   47.719465039  -43.004803117  -11.779730849
    0.856797996   -3.141592654   40.514237527  -30.699635127  -14.668153988
    1.047197551   -3.141592654   36.695423749   -8.347029775  -15.606781434
    1.237597106   -3.141592654   37.547151896   17.034901689  -14.738953131
    1.427996661   -3.141592654   42.848162862   37.072899431  -12.556300688
    1.618396215   -3.141592654   50.909027599   45.232595440   -9.680297098
    1.808795770   -3.141592654   59.154152594   38.972758159   -6.596254275
    1.999195325   -3.141592654   64.948694743   20.142226616   -3.503770775
    2.189594880   -3.141592654   66.348843749   -6.150474098   -0.347835707
    2.379994435   -3.141592654   62.554068278  -33.292704755    3.018199099
    2.570393989   -3.141592654   54.022470808  -54.961279941    6.656250861
    2.760793544   -3.141592654   42.277832389  -66.469061265   10.445456768
    2.951193099   -3.141592654   29.500451330  -65.750430638   14.096519100

   -3.141592654   -2.792526803   25.512976283  -49.597318208   25.446035048
   -2.951193099   -2.792526803   17.645416726  -32.436738975   27.526903154
   -2.760793544   -2.792526803   13.302015605  -13.440414408   28.356888027
   -2.570393989   -2.792526803   12.336904052    2.356596680   28.263554804
   -2.379994435   -2.792526803   13.812387259   11.974191604   27.840170324
   -2.189594880   -2.792526803   16.498547672   15.316058391   27.758134781
   -1.999195325   -2.792526803   19.404196448   14.842718622   28.506088982
   -1.808795770   -2.792526803   22.133873503   14.034542262   30.152459513
   -1.618396215   -2.792526803   24.915331061   15.735631723   32.256328674
   -1.427996661   -2.792526803   28.359365943   20.974400521   33.995066778
   -1.237597106   -2.792526803   33.072666590   28.728872804   34.471660021
   -1.047197551   -2.792526803   39.312736663   36.494311456   33.047104756
   -0.856797996   -2.792526803   46.794999630   41.268616657   29.551919766
   -0.666398442   -2.792526803   54.696607844   40.545117812   24.267675098
   -0.475998887   -2.792526803   61.821008216   32.987912908   17.772730313
   -0.285599332   -2.792526803   66.850303086   18.693850151   10.741802107
   -0.095199777   -2.792526803   68.629893308   -0.710169623    3.783431137
    0.095199777   -2.792526803   66.474533665  -21.967466035   -2.616566196
    0.285599332   -2.792526803   60.471404367  -40.245921469   -8.081965614
    0.475998887   -2.792526803   51.705589599  -50.084809527  -12.287380318
    0.666398442   -2.792526803   42.222514246  -47.287904649  -14.954469605
    0.856797996   -2.792526803   34.572757885  -31.096437493  -15.902418870
    1.047197551   -2.792526803   31.013005904   -5.343882028  -15.160179123
    1.237597106   -2.792526803   32.679640977   22.400188263  -13.030351776
    1.427996661   -2.792526803   39.127956198   43.573207356  -10.012039632
    1.618396215   -2.792526803   48.453206808   51.906019636   -6.595566706
    1.808795770   -2.792526803   57.948346344   45.421442254   -3.069652091
    1.999195325   -2.792526803   64.957008107   26.500494707    0.548543811
    2.189594880   -2.792526803   67.588267989    0.476243365    4.415835468
    2.379994435   -2.792526803   65.099304626  -26.202396566    8.671300915
    2.570393989   -2.792526803   57.950060001  -47.606136816   13.268268910
    2.760793544   -2.792526803   47.588128897  -59.430711639   17.912268698
    2.951193099   -2.792526803   36.061779689  -59.789958809   22.134287303

   -3.141592654   -2.443460953   34.187591961  -45.184680918   22.895135789
   -2.951193099   -2.443460953   26.946445827  -30.277588365   24.514634336
   -2.760793544   -2.443460953   22.819038726  -13.234144646   25.099805432
   -2.570393989   -2.443460953   21.768951067    1.427380407   24.967376617
   -2.379994435   -2.443460953   23.044968383   10.991327610   24.601510678
   -2.189594880   -2.443460953   25.617849600   15.236552185   24.480397864
   -1.999195325   -2.443460953   28.633058212   16.080927396   24.879115188
   -1.808795770   -2.443460953   31.699974960   16.209418231   25.713343607
   -1.618396215   -2.443460953   34.899437665   17.723239777   26.519390772
   -1.427996661   -2.443460953   38.586050253   21.296237385   26.598774840
   -1.237597106   -2.443460953   43.095565393   26.107206839   25.293414713
   -1.047197551   -2.443460953   48.500649942   30.333623189   22.252767494
   -0.856797996   -2.443460953   54.486138716   31.831369654   17.579016739
   -0.666398442   -2.443460953   60.352906031   28.827165855   11.758353708
   -0.475998887   -2.443460953   65.137686839   20.388933672    5.475588956
   -0.285599332   -2.443460953   67.797074390    6.628600214   -0.598255213
   -0.095199777   -2.443460953   67.423395257  -11.099578690   -5.959768921
    0.095199777   -2.443460953   63.509647746  -29.958680882  -10.313733843
    0.285599332   -2.443460953   56.240285015  -45.519803448  -13.532785690
    0.475998887   -2.443460953   46.732223658  -52.617757896  -15.574914496
    0.666398442   -2.443460953   37.015841178  -47.237998930  -16.432997143
    0.856797996   -2.443460953   29.595651621  -28.793549916  -16.118702336
    1.047197551   -2.443460953   26.646819829   -1.316291759  -14.714287205
    1.237597106   -2.443460953   29.190112129   27.470856513  -12.417028481
    1.427996661   -2.443460953   36.650876328   49.052392018   -9.520326818
    1.618396215   -2.443460953   47.026083548   57.429386340   -6.305011656
    1.808795770   -2.443460953   57.576477542   51.018152715   -2.936053956
    1.999195325   -2.443460953   65.682986120   32.495914629    0.577110991
    2.189594880   -2.443460953   69.523492533    7.216231211    4.317596853
    2.379994435   -2.443460953   68.397534851  -18.655525753    8.332793324
    2.570393989   -2.443460953   62.735972544  -39.633895035   12.523197187
    2.760793544   -2.443460953   53.874694040  -51.796755336   16.607392985
    2.951193099   -2.443460953   43.698432723  -53.401786107   20.189957408

   -3.141592654   -2.094395102   40.330574044  -41.905356343   13.750257665
   -2.951193099   -2.094395102   33.577531653  -28.421786199   14.863189546
   -2.760793544   -2.094395102   29.686240048  -12.543664034   15.437389447
   -2.570393989   -2.094395102   28.695725727    1.461668617   15.629687337
   -2.379994435   -2.094395102   29.961812351   10.939224015   15.621317944
   -2.189594880   -2.094395102   32.548912553   15.471702573   15.526987671
   -1.999195325   -2.094395102   35.635145203   16.537845109   15.324872902
   -1.808795770   -2.094395102   38.766418997   16.292606710   14.827658572
   -1.618396215   -2.094395102   41.868801532   16.444320532   13.736292083
   -1.427996661   -2.094395102   45.100361547   17.659436208   11.755639418
   -1.237597106   -2.094395102   48.643772752   19.570445866    8.742633985
   -1.047197551   -2.094395102   52.538923286   21.132268578    4.799949818
   -0.856797996   -2.094395102   56.593066210   20.970538877    0.280838488
   -0.666398442   -2.094395102   60.347425764   17.757609904   -4.327935041
   -0.475998887   -2.094395102   63.119311016   10.534796095   -8.549515191
   -0.285599332   -2.094395102   64.100556889   -1.020494024  -12.035109316
   -0.095199777   -2.094395102   62.515078129  -16.164707790  -14.623985992
    0.095199777   -2.094395102   57.872591929  -32.605763214  -16.331528835
    0.285599332   -2.094395102   50.290469287  -46.240332928  -17.285104418
    0.475998887   -2.094395102   40.784899868  -51.948073522  -17.638753861
    0.666398442   -2.094395102   31.297234891  -45.542689679  -17.497254739
    0.856797996   -2.094395102   24.282920400  -26.227745669  -16.862753583
    1.047197551   -2.094395102   21.900332565    2.072230341  -15.669536795
    1.237597106   -2.094395102   25.161237821   31.601077314  -13.860373913
    1.427996661   -2.094395102   33.467732864   53.770741695  -11.471403018
    1.618396215   -2.094395102   44.783210652   62.555480441   -8.631586783
    1.808795770   -2.094395102   56.339020682   56.435022711   -5.520495011
    1.999195325   -2.094395102   65.503800499   38.188974800   -2.299389129
    2.189594880   -2.094395102   70.457160792   13.200023170    0.922282894
    2.379994435   -2.094395102   70.493612644  -12.464781072    4.068979908
    2.570393989   -2.094395102   66.011185763  -33.507412884    7.056163841
    2.760793544   -2.094395102   58.276738234  -46.176468476    9.760945743
    2.951193099   -2.094395102   49.084177542  -48.773635899   12.034559059

   -3.141592654   -1.745329252   43.008652934  -39.909710634    4.579440835
   -2.951193099   -1.745329252   36.570783905  -27.113560874    5.158018505
   -2.760793544   -1.745329252   32.865672368  -11.890394102    5.601129170
   -2.570393989   -1.745329252   31.942157660    1.520947363    5.876140542
   -2.379994435   -1.745329252   33.164049103   10.403341798    5.876775789
   -2.189594880   -1.745329252   35.581832795   14.187393408    5.426681967
   -1.999195325   -1.745329252   38.326645716   14.169277148    4.325085229
   -1.808795770   -1.745329252   40.870366388   12.428911197    2.415662850
   -1.618396215   -1.745329252   43.070050906   10.806612216   -0.333569375
   -1.427996661   -1.745329252   45.062666023   10.339819234   -3.785527385
   -1.237597106   -1.745329252   47.094295953   11.148507313   -7.631367463
   -1.047197551   -1.745329252   49.356298358   12.594711867  -11.449280804
   -0.856797996   -1.745329252   51.864002874   13.449335268  -14.794301965
   -0.666398442   -1.745329252   54.360613891   12.192392524  -17.317134833
   -0.475998887   -1.745329252   56.301622545    7.413915848  -18.840462499
   -0.285599332   -1.745329252   56.920160708   -1.757516207  -19.387446390
   -0.095199777   -1.745329252   55.382791834  -15.038960883  -19.157826994
    0.095199777   -1.745329252   51.070739883  -30.395401417  -18.465639104
    0.285599332   -1.745329252   43.947301147  -43.745549885  -17.645397094
    0.475998887   -1.745329252   34.895086321  -49.747143111  -16.953521060
    0.666398442   -1.745329252   25.780892122  -43.813068406  -16.482501129
    0.856797996   -1.745329252   19.066695366  -24.737754796  -16.104903191
    1.047197551   -1.745329252   16.982544710    3.807334362  -15.533990279
    1.237597106   -1.745329252   20.635845225   34.039706534  -14.453893693
    1.427996661   -1.745329252   29.494967487   57.135229359  -12.694247468
    1.618396215   -1.745329252   41.534571836   66.744957005  -10.305970524
    1.808795770   -1.745329252   53.942276234   61.117664260   -7.540798061
    1.999195325   -1.745329252   64.015492544   42.977136278   -4.736735768
    2.189594880   -1.745329252   69.866142341   17.787456169   -2.185937816
    2.379994435   -1.745329252   70.742598536   -8.256335225   -0.056741445
    2.570393989   -1.745329252   67.018964913  -29.759735488    1.614618077
    2.760793544   -1.745329252   59.950103623  -42.945692697    2.883905897
    2.951193099   -1.745329252   51.318863937  -46.123900885    3.842762339

   -3.141592654   -1.396263402   41.474895770  -40.416667663    2.043169063
   -2.951193099   -1.396263402   34.971122525  -27.282193511    2.014205966
   -2.760793544   -1.396263402   31.271429387  -11.689129903    1.887494700
   -2.570393989   -1.396263402   30.405019173    1.854422917    1.574604832
   -2.379994435   -1.396263402   31.664293825   10.354328464    0.877795796
   -2.189594880   -1.396263402   33.981788255   13.060758585   -0.473787829
   -1.999195325   -1.396263402   36.354622717   11.294660287   -2.723901403
   -1.808795770   -1.396263402   38.152614026    7.456591906   -5.951764749
   -1.618396215   -1.396263402   39.217072933    3.944429305   -9.964079476
   -1.427996661   -1.396263402   39.786061892    2.435993008  -14.291825345
   -1.237597106   -1.396263402   40.316424084    3.522160211  -18.303388360
   -1.047197551   -1.396263402   41.266365762    6.665226528  -21.388792714
   -0.856797996   -1.396263402   42.897907172   10.307014315  -23.125505953
   -0.666398442   -1.396263402   45.102697437   12.276109663  -23.381013340
   -0.475998887   -1.396263402   47.347245130   10.404108375  -22.309590935
   -0.285599332   -1.396263402   48.740664072    3.194614620  -20.287989470
   -0.095199777   -1.396263402   48.231684856   -9.419491064  -17.813591182
    0.095199777   -1.396263402   44.947336340  -25.423716635  -15.388177048
    0.285599332   -1.396263402   38.623299186  -40.446685579  -13.405090406
    0.475998887   -1.396263402   29.998393172  -48.576852493  -12.066287489
    0.666398442   -1.396263402   20.921751409  -44.480189151  -11.345334816
    0.856797996   -1.396263402   13.978836339  -26.277936876  -10.992959575
    1.047197551   -1.396263402   11.621768938    2.691851061  -10.645293197
    1.237597106   -1.396263402   15.195297442   34.439631878   -9.951754589
    1.427996661   -1.396263402   24.318559737   59.502873766   -8.726053913
    1.618396215   -1.396263402   36.976361041   70.744426318   -6.994182559
    1.808795770   -1.396263402   50.232482771   65.842131453   -4.963783594
    1.999195325   -1.396263402   61.190883966   47.379477170   -2.924561757
    2.189594880   -1.396263402   67.783872575   21.081915809   -1.136066704
    2.379994435   -1.396263402   69.153733840   -6.384857341    0.243772456
    2.570393989   -1.396263402   65.659741585  -29.164786074    1.175385938
    2.760793544   -1.396263402   58.615175134  -43.200383890    1.715619219
    2.951193099   -1.396263402   49.895380793  -46.716761550    1.968628282

   -3.141592654   -1.047197551   38.872718358  -41.901332216    3.251255873
   -2.951193099   -1.047197551   32.130538261  -28.302371134    1.953424540
   -2.760793544   -1.047197551   28.273102589  -12.379817606    0.450137214
   -2.570393989   -1.047197551   27.272115471    1.026193406   -1.209762858
   -2.379994435   -1.047197551   28.306542142    8.694864175   -3.116211718
   -2.189594880   -1.047197551   30.172407835    9.876904762   -5.491254644
   -1.999195325   -1.047197551   31.760710979    6.222137877   -8.564912773
   -1.808795770   -1.047197551   32.427499917    0.750830869  -12.379419672
   -1.618396215   -1.047197551   32.130050101   -3.446538163  -16.640325866
   -1.427996661   -1.047197551   31.337773126   -4.220811143  -20.731048166
   -1.237597106   -1.047197551   30.787194341   -0.961485841  -23.902740048
   -1.047197551   -1.047197551   31.173370993    5.335920039  -25.540480749
   -0.856797996   -1.047197551   32.878838760   12.382384447  -25.367707279
   -0.666398442   -1.047197551   35.768947885   17.256431871  -23.514902780
   -0.475998887   -1.047197551   39.157541727   17.232366585  -20.443384729
   -0.285599332   -1.047197551   41.922710638   10.546322702  -16.797198064
   -0.095199777   -1.047197551   42.760715146   -2.822304338  -13.221783677
    0.095199777   -1.047197551   40.580345752  -20.549752693  -10.202026025
    0.285599332   -1.047197551   34.977926148  -37.769835545   -7.960487243
    0.475998887   -1.047197551   26.658416790  -47.986687331   -6.454149222
    0.666398442   -1.047197551   17.544868610  -45.319803644   -5.462322567
    0.856797996   -1.047197551   10.384088671  -27.567811301   -4.693271711
    1.047197551   -1.047197551    7.820471577    1.949753892   -3.908021074
    1.237597106   -1.047197551   11.362678599   34.908831420   -2.955698584
    1.427996661   -1.047197551   20.707207129   61.319529358   -1.798804179
    1.618396215   -1.047197551   33.811754111   73.507856542   -0.476180558
    1.808795770   -1.047197551   47.627714946   68.815821154    0.922828060
    1.999195325   -1.047197551   59.110483504   49.792467000    2.279598050
    2.189594880   -1.047197551   66.064141048   22.394395741    3.461733141
    2.379994435   -1.047197551   67.562892313   -6.340993977    4.337258692
    2.570393989   -1.047197551   63.969978186  -30.187738518    4.792704881
    2.760793544   -1.047197551   56.662361726  -44.854163051    4.758503363
    2.951193099   -1.047197551   47.608400984  -48.489491033    4.224373538

   -3.141592654   -0.698131701   38.398397889  -45.804279240    3.425580880
   -2.951193099   -0.698131701   30.883289393  -32.449932355    1.274529044
   -2.760793544   -0.698131701   26.240434130  -16.448005261   -1.100421464
   -2.570393989   -0.698131701   24.476908238   -2.940341738   -3.586578690
   -2.379994435   -0.698131701   24.741747549    4.500707171   -6.212759466
   -2.189594880   -0.698131701   25.748666071    4.973905858   -9.146836020
   -1.999195325   -0.698131701   26.312963353    0.373034780  -12.551656944
   -1.808795770   -0.698131701   25.799675416   -5.670698271  -16.359010584
   -1.618396215   -0.698131701   24.303563128   -9.394171742  -20.126085008
   -1.427996661   -0.698131701   22.533757008   -8.309824029  -23.111299673
   -1.237597106   -0.698131701   21.477636128   -2.032908325  -24.562534852
   -1.047197551   -0.698131701   21.989352583    7.732179948  -24.047576326
   -0.856797996   -0.698131701   24.455228205   17.833898530  -21.644627949
   -0.666398442   -0.698131701   28.589847292   24.646948789  -17.896577521
   -0.475998887   -0.698131701   33.454247726   25.086438746  -13.591793702
   -0.285599332   -0.698131701   37.644131329   17.439032901   -9.496806912
   -0.095199777   -0.698131701   39.619445231    2.109342569   -6.121971897
    0.095199777   -0.698131701   38.159791077  -17.904737229   -3.595631617
    0.285599332   -0.698131701   32.868645400  -37.028616884   -1.690381641
    0.475998887   -0.698131701   24.577846271  -48.266651667   -0.007125190
    0.666398442   -0.698131701   15.396737502  -45.600411697    1.768236675
    0.856797996   -0.698131701    8.248165698  -27.087446380    3.694212972
    1.047197551   -0.698131701    5.878610522    3.509518883    5.555218546
    1.237597106   -0.698131701    9.813445761   37.410437894    7.047384123
    1.427996661   -0.698131701   19.693865760   64.359851476    7.967201536
    1.618396215   -0.698131701   33.391912645   76.621210931    8.326469585
    1.808795770   -0.698131701   47.775606686   71.604637584    8.309888061
    1.999195325   -0.698131701   59.733914196   51.954805298    8.138718802
    2.189594880   -0.698131701   67.020051845   23.690063601    7.940111422
    2.379994435   -0.698131701   68.666534496   -6.114885939    7.693419070
    2.570393989   -0.698131701   65.003472931  -31.163361803    7.259708498
    2.760793544   -0.698131701   57.393273496  -47.045141348    6.466471638
    2.951193099   -0.698131701   47.819273178  -51.713076161    5.190987453

   -3.141592654   -0.349065850   39.108058639  -50.463391702    3.028517426
   -2.951193099   -0.349065850   30.656048093  -37.549026017    0.070905453
   -2.760793544   -0.349065850   25.032227828  -21.592314323   -3.038463164
   -2.570393989   -0.349065850   22.299886752   -7.971007955   -6.103471775
   -2.379994435   -0.349065850   21.605249157   -0.598493445   -9.084004509
   -2.189594880   -0.349065850   21.606816210   -0.535980641  -12.094922719
   -1.999195325   -0.349065850   21.072281849   -5.622946857  -15.239263118
   -1.808795770   -0.349065850   19.411341056  -11.564382164  -18.366632893
   -1.618396215   -0.349065850   16.899315610  -13.917424116  -20.952974005
   -1.427996661   -0.349065850   14.517256166   -9.990810253  -22.242873250
   -1.237597106   -0.349065850   13.493509985    0.072592562  -21.617243497
   -1.047197551   -0.349065850   14.766418879   13.505455554  -18.948392306
   -0.856797996   -0.349065850   18.592775678   26.077269829  -14.731423679
   -0.666398442   -0.349065850   24.388934387   33.533827242   -9.889242653
   -0.475998887   -0.349065850   30.861018217   32.820772011   -5.405329720
   -0.285599332   -0.349065850   36.315060551   22.857835703   -1.965200743
   -0.095199777   -0.349065850   39.079362343    5.027389347    0.267558670
    0.095199777   -0.349065850   37.992852679  -16.710145993    1.659729839
    0.285599332   -0.349065850   32.869863140  -36.220032027    2.905934561
    0.475998887   -0.349065850   24.800051217  -46.599500903    4.667402811
    0.666398442   -0.349065850   16.070370257  -42.522216558    7.217856667
    0.856797996   -0.349065850    9.620936978  -22.976151637   10.289879915
    1.047197551   -0.349065850    8.057327052    7.665387212   13.204758141
    1.237597106   -0.349065850   12.704160953   40.585994856   15.257226997
    1.427996661   -0.349065850   23.048836382   66.024965350   16.055368880
    1.618396215   -0.349065850   36.924706149   76.886483512   15.668669455
    1.808795770   -0.349065850   51.265235733   70.987353329   14.510882507
    1.999195325   -0.349065850   63.064951158   50.979954745   13.078406323
    2.189594880   -0.349065850   70.152689799   22.593535787   11.706884596
    2.379994435   -0.349065850   71.571693305   -7.452633158   10.465314312
    2.570393989   -0.349065850   67.605272188  -33.075218709    9.194155565
    2.760793544   -0.349065850   59.549345639  -49.861346689    7.638757110
    2.951193099   -0.349065850   49.342309790  -55.538936572    5.596066752

   -3.141592654    0.000000000   39.935297324  -55.629523019    1.421655416
   -2.951193099    0.000000000   30.458117923  -43.062750061   -1.377025445
   -2.760793544    0.000000000   23.783816432  -27.044023523   -4.115867427
   -2.570393989    0.000000000   20.038588189  -13.141379382   -6.675779927
   -2.379994435    0.000000000   18.382319322   -5.554222187   -9.081839199
   -2.189594880    0.000000000   17.446101881   -5.443101507  -11.461062378
   -1.999195325    0.000000000   15.987846759  -10.347085106  -13.860127208
   -1.808795770    0.000000000   13.498681411  -15.358926585  -16.037765986
   -1.618396215    0.000000000   10.449590114  -15.534779993  -17.418391816
   -1.427996661    0.000000000    8.063134698   -8.271818040  -17.310686765
   -1.237597106    0.000000000    7.719189372    5.457175877  -15.305256993
   -1.047197551    0.000000000   10.305308917   21.665822055  -11.582951669
   -0.856797996    0.000000000   15.807317061   35.161840472   -6.932852933
   -0.666398442    0.000000000   23.253324634   41.459100983   -2.416536740
   -0.475998887    0.000000000   30.997556563   38.085694067    1.084003364
   -0.285599332    0.000000000   37.161961177   25.090767351    3.219024551
   -0.095199777    0.000000000   40.121628902    5.068680056    4.290118572
    0.095199777    0.000000000   38.964886691  -17.173283859    5.088009103
    0.285599332    0.000000000   33.852889359  -35.376084675    6.533463408
    0.475998887    0.000000000   26.166877803  -43.326704325    9.226716511
    0.666398442    0.000000000   18.294373340  -36.929765797   13.120274886
    0.856797996    0.000000000   13.036220888  -16.365680233   17.482039252
    1.047197551    0.000000000   12.684813622   13.478460444   21.205109654
    1.237597106    0.000000000   18.239138192   44.129442303   23.335962811
    1.427996661    0.000000000   28.992091628   66.778169731   23.475211587
    1.618396215    0.000000000   42.776762374   75.322424023   21.873451404
    1.808795770    0.000000000   56.677925066   68.125846713   19.209091343
    1.999195325    0.000000000   67.888753163   47.794704138   16.224337042
    2.189594880    0.000000000   74.384548849   19.604153434   13.426317110
    2.379994435    0.000000000   75.255573911  -10.261632915   10.976882543
    2.570393989    0.000000000   70.743851552  -36.073413314    8.756899437
    2.760793544    0.000000000   62.064277786  -53.480065430    6.527550844
    2.951193099    0.000000000   51.089797685  -59.985883723    4.094611763

   -3.141592654    0.349065850   41.539662820  -59.476538856    0.548116077
   -2.951193099    0.349065850   31.297064492  -47.198143046   -1.305571324
   -2.760793544    0.349065850   23.824292906  -31.247737300   -2.950992623
   -2.570393989    0.349065850   19.283443572  -17.277607863   -4.400566117
   -2.379994435    0.349065850   16.845587279   -9.628700860   -5.763496782
   -2.189594880    0.349065850   15.138567761   -9.440007345   -7.176318377
   -1.999195325    0.349065850   12.949151555  -13.930691234   -8.646715879
   -1.808795770    0.349065850    9.878008125  -17.715654293   -9.917860150
   -1.618396215    0.349065850    6.582120138  -15.594956353  -10.489625233
   -1.427996661    0.349065850    4.466921287   -5.301598416   -9.847929394
   -1.237597106    0.349065850    4.969498337   11.254588794   -7.797438205
   -1.047197551    0.349065850    8.832865737   28.986923180   -4.661031976
   -0.856797996    0.349065850   15.722231454   42.083314383   -1.201125425
   -0.666398442    0.349065850   24.306902663   46.279480467    1.753888298
   -0.475998887    0.349065850   32.701576874   40.078118227    3.710119204
   -0.285599332    0.349065850   39.011471652   24.818955226    4.741639196
   -0.095199777    0.349065850   41.827229794    4.153289407    5.459262203
    0.095199777    0.349065850   40.597541116  -16.693017512    6.726999127
    0.285599332    0.349065850   35.844385547  -31.905240301    9.271970332
    0.475998887    0.349065850   29.148222347  -36.462776643   13.305267511
    0.666398442    0.349065850   22.829612650  -27.779877781   18.344317207
    0.856797996    0.349065850   19.359414744   -7.177567384   23.321795925
    1.047197551    0.349065850   20.565071017   20.275799637   26.992889614
    1.237597106    0.349065850   27.047655579   46.932349011   28.459628499
    1.427996661    0.349065850   37.924786934   65.372671977   27.509622626
    1.618396215    0.349065850   51.116975706   70.760856595   24.616902828
    1.808795770    0.349065850   63.979836612   62.074043044   20.651853747
    1.999195325    0.349065850   74.021280982   41.779516093   16.489961060
    2.189594880    0.349065850   79.452020888   14.518249386   12.721243102
    2.379994435    0.349065850   79.461342335  -14.258592469    9.562417902
    2.570393989    0.349065850   74.265425859  -39.357430897    6.941665216
    2.760793544    0.349065850   64.983391761  -56.620803162    4.661180451
    2.951193099    0.349065850   53.387864676  -63.410819094    2.549289312

   -3.141592654    0.698131701   43.031713035  -62.140491256   -0.516324236
   -2.951193099    0.698131701   32.272987877  -49.914104385   -1.104318786
   -2.760793544    0.698131701   24.287073730  -33.885729914   -1.417531550
   -2.570393989    0.698131701   19.258714146  -19.742366577   -1.599114635
   -2.379994435    0.698131701   16.368541276  -11.912299742   -1.814161656
   -2.189594880    0.698131701   14.243642341  -11.528118664   -2.188242478
   -1.999195325    0.698131701   11.688099779  -15.631334918   -2.721745490
   -1.808795770    0.698131701    8.363430611  -18.586405179   -3.245522232
   -1.618396215    0.698131701    5.023273936  -15.112172107   -3.471412314
   -1.427996661    0.698131701    3.151399544   -3.233935196   -3.141048015
   -1.237597106    0.698131701    4.173697245   14.528047832   -2.197148780
   -1.047197551    0.698131701    8.702362103   32.503288584   -0.846497141
   -0.856797996    0.698131701   16.195296781   44.746999095    0.540685077
   -0.666398442    0.698131701   25.150076891   47.469033289    1.681944064
   -0.475998887    0.698131701   33.644551795   40.055063688    2.581251891
   -0.285599332    0.698131701   39.919736327   24.718932091    3.579012887
   -0.095199777    0.698131701   42.833145392    5.541107265    5.227734209
    0.095199777    0.698131701   42.121725082  -12.464065136    8.028720121
    0.285599332    0.698131701   38.492723810  -24.345514761   12.169986479
    0.475998887    0.698131701   33.503702346  -26.322302919   17.332475697
    0.666398442    0.698131701   29.215943886  -16.983953925   22.695167623
    0.856797996    0.698131701   27.667813081    1.794383069   27.138057613
    1.047197551    0.698131701   30.234952248   25.332980264   29.634664812
    1.237597106    0.698131701   37.222877991   47.160491990   29.640896865
    1.427996661    0.698131701   47.713088557   61.281184322   27.281401532
    1.618396215    0.698131701   59.834259790   63.916579458   23.238026314
    1.808795770    0.698131701   71.282433516   54.360095466   18.437253354
    1.999195325    0.698131701   79.897119271   34.702952595   13.711826787
    2.189594880    0.698131701   84.108551062    8.848390079    9.591297764
    2.379994435    0.698131701   83.181716338  -18.465500013    6.273876673
    2.570393989    0.698131701   77.293809429  -42.512045621    3.727236540
    2.760793544    0.698131701   67.467297368  -59.272505024    1.823070492
    2.951193099    0.698131701   55.378740347  -65.980276875    0.436487063

   -3.141592654    1.047197551   41.358115784  -62.828548396   -3.744702076
   -2.951193099    1.047197551   30.567350850  -49.575667948   -2.875485640
   -2.760793544    1.047197551   22.721262668  -32.806454062   -1.719057495
   -2.570393989    1.047197551   17.936278602  -18.332157965   -0.583600543
   -2.379994435    1.047197551   15.312551971  -10.581612288    0.313665890
   -2.189594880    1.047197551   13.409336846  -10.556556063    0.884942334
   -1.999195325    1.047197551   10.997371234  -15.086843599    1.153073043
   -1.808795770    1.047197551    7.744159561  -18.351529887    1.193286779
   -1.618396215    1.047197551    4.434016119  -15.008806943    1.077205251
   -1.427996661    1.047197551    2.577774886   -3.176074543    0.848886984
   -1.237597106    1.047197551    3.602193042   14.463932140    0.539596339
   -1.047197551    1.047197551    8.096455640   32.175511397    0.211566773
   -0.856797996    1.047197551   15.502194816   44.188794409    0.003055933
   -0.666398442    1.047197551   24.358221904   47.095115007    0.174637826
   -0.475998887    1.047197551   32.861789101   40.678746838    1.078106148
   -0.285599332    1.047197551   39.429060194   27.319299278    3.067096280
   -0.095199777    1.047197551   43.086983180   10.836843312    6.370570030
    0.095199777    1.047197551   43.652328991   -4.406974358   10.947590860
    0.285599332    1.047197551   41.762576465  -14.349671161   16.402502052
    0.475998887    1.047197551   38.736470691  -16.016717559   21.979140531
    0.666398442    1.047197551   36.277811323   -8.419024002   26.703621781
    0.856797996    1.047197551   36.045697614    6.805082055   29.618657800
    1.047197551    1.047197551   39.144176414   25.836547555   30.102119459
    1.237597106    1.047197551   45.806523072   43.372405690   28.077648343
    1.427996661    1.047197551   55.255636618   54.391871485   24.036755869
    1.618396215    1.047197551   65.898858029   55.551842399   18.819588996
    1.808795770    1.047197551   75.733165179   45.972035361   13.309320146
    1.999195325    1.047197551   82.825669813   27.200077718    8.185148675
    2.189594880    1.047197551   85.723320876    2.566755256    3.836546989
    2.379994435    1.047197551   83.717348936  -23.539238382    0.421596505
    2.570393989    1.047197551   76.969279950  -46.487068017   -2.019154716
    2.760793544    1.047197551   66.485966761  -62.188975195   -3.487930841
    2.951193099    1.047197551   53.944779410  -67.797338354   -4.023794500

   -3.141592654    1.396263402   36.948192626  -61.484863708   -9.244146246
   -2.951193099    1.396263402   26.567165510  -46.705227977   -7.952351232
   -2.760793544    1.396263402   19.356945955  -29.121704873   -6.235772914
   -2.570393989    1.396263402   15.292381722  -14.555047491   -4.403096001
   -2.379994435    1.396263402   13.352492640   -7.241843735   -2.654141327
   -2.189594880    1.396263402   12.018719614   -7.947245400   -1.058848298
   -1.999195325    1.396263402   10.021543354  -13.361427179    0.366920907
   -1.808795770    1.396263402    7.002582367  -17.642282212    1.556544501
   -1.618396215    1.396263402    3.722189988  -15.424325552    2.352463213
   -1.427996661    1.396263402    1.681915570   -4.673670939    2.585764924
   -1.237597106    1.396263402    2.344482814   12.241948875    2.228856099
   -1.047197551    1.396263402    6.403471650   29.960756004    1.509088818
   -0.856797996    1.396263402   13.467252227   42.986493203    0.895632155
   -0.666398442    1.396263402   22.274066330   47.938083960    0.974845008
   -0.475998887    1.396263402   31.197130792   44.326797120    2.248174923
   -0.285599332    1.396263402   38.748874372   33.994085596    4.959495554
   -0.095199777    1.396263402   43.932271807   20.040786386    8.999491062
    0.095199777    1.396263402   46.399820781    6.114731205   13.886428387
    0.285599332    1.396263402   46.504512531   -4.242121485   18.840345019
    0.475998887    1.396263402   45.214287607   -8.175684264   22.942173975
    0.666398442    1.396263402   43.908494366   -4.336956396   25.371166782
    0.856797996    1.396263402   44.034579989    6.465120962   25.615111828
    1.047197551    1.396263402   46.667205903   21.416367455   23.639090083
    1.237597106    1.396263402   52.188158728   36.042798064   19.863513791
    1.427996661    1.396263402   60.083350320   45.641358199   15.014766499
    1.618396215    1.396263402   69.030301036   46.650867743    9.852438552
    1.808795770    1.396263402   77.219315010   37.661294459    4.954919747
    1.999195325    1.396263402   82.807887027   19.724495792    0.632191301
    2.189594880    1.396263402   84.363516083   -4.049667656   -3.013383191
    2.379994435    1.396263402   81.186456988  -29.185869935   -5.954754180
    2.570393989    1.396263402   73.478654622  -50.848022861   -8.134407756
    2.760793544    1.396263402   62.320784702  -64.832494921   -9.446865356
    2.951193099    1.396263402   49.464126836  -68.426529487   -9.806073231

   -3.141592654    1.745329252   31.132419009  -59.605827001  -15.613373349
   -2.951193099    1.745329252   21.262741609  -43.314650839  -14.500049108
   -2.760793544    1.745329252   14.785749508  -24.936593348  -12.676076124
   -2.570393989    1.745329252   11.538715019  -10.250212102  -10.384271425
   -2.379994435    1.745329252   10.393279341   -3.253621694   -7.802897371
   -2.189594880    1.745329252    9.770154898   -4.503465890   -5.014756397
   -1.999195325    1.745329252    8.361882203  -10.666207543   -2.089363828
   -1.808795770    1.745329252    5.760015469  -16.027456279    0.797360802
   -1.618396215    1.745329252    2.655465156  -15.247783073    3.323636872
   -1.427996661    1.745329252    0.503510366   -5.999035528    5.139362961
   -1.237597106    1.745329252    0.810133204    9.964060197    6.081696440
   -1.047197551    1.745329252    4.436492552   27.916239398    6.328657693
   -0.856797996    1.745329252   11.250314684   42.640968242    6.370832761
   -0.666398442    1.745329252   20.252895315   50.487014035    6.816045320
   -0.475998887    1.745329252   29.980995051   50.230454692    8.124533899
   -0.285599332    1.745329252   38.945831080   42.776320160   10.415265760
   -0.095199777    1.745329252   45.974788978   30.366765532   13.400726615
    0.095199777    1.745329252   50.408073241   16.095992115   16.448311479
    0.285599332    1.745329252   52.222532900    3.417983800   18.747456997
    0.475998887    1.745329252   52.040801605   -4.381465992   19.563734644
    0.666398442    1.745329252   51.025700337   -5.098765309   18.504213825
    0.856797996    1.745329252   50.593805379    1.524578334   15.650058990
    1.047197551    1.745329252   51.982842603   13.547514979   11.543332591
    1.237597106    1.745329252   55.858519677   26.899697059    6.944066204
    1.427996661    1.745329252   62.010375669   36.661546383    2.558981826
    1.618396215    1.745329252   69.334050208   38.650677733   -1.206206432
    1.808795770    1.745329252   76.109049658   30.781668822   -4.302999031
    1.999195325    1.745329252   80.474867178   13.705891761   -6.927432584
    2.189594880    1.745329252   80.943621787   -9.465479635   -9.317179144
    2.379994435    1.745329252   76.792771711  -33.951376604  -11.571820929
    2.570393989    1.745329252   68.268335624  -54.562476897  -13.584315534
    2.760793544    1.745329252   56.546959542  -66.933158780  -15.094623587
    2.951193099    1.745329252   43.476056812  -68.528796333  -15.822709634

   -3.141592654    2.094395102   24.397876506  -58.966313757  -18.103343805
   -2.951193099    2.094395102   14.810806297  -41.033893036  -17.039256559
   -2.760793544    2.094395102    8.898553678  -21.364032273  -15.161167133
   -2.570393989    2.094395102    6.422246261   -5.797134962  -12.651945300
   -2.379994435    2.094395102    6.184602223    1.789019824   -9.661832681
   -2.189594880    2.094395102    6.563377434    0.943653376   -6.258823553
   -1.999195325    2.094395102    6.212832633   -5.065763712   -2.499965581
   -1.808795770    2.094395102    4.656501803  -10.750601980    1.437927459
   -1.618396215    2.094395102    2.477456760  -10.911198533    5.192384755
   -1.427996661    2.094395102    1.024633594   -3.034377805    8.317415190
   -1.237597106    2.094395102    1.769295600   11.661906438   10.509201759
   -1.047197551    2.094395102    5.651791787   29.055066655   11.788999598
   -0.856797996    2.094395102   12.708923779   44.216884059   12.501381421
   -0.666398442    2.094395102   22.119498561   53.281268882   13.119282158
   -0.475998887    2.094395102   32.514783072   54.402410995   13.981750899
   -0.285599332    2.094395102   42.363332565   47.722426518   15.115212862
   -0.095199777    2.094395102   50.313137022   34.853668045   16.193004828
    0.095199777    2.094395102   55.437095411   18.608317534   16.643528954
    0.285599332    2.094395102   57.437298946    2.684084524   15.853014025
    0.475998887    2.094395102   56.757600117   -8.873631459   13.438958834
    0.666398442    2.094395102   54.563134974  -12.809534156    9.470117758
    0.856797996    2.094395102   52.468754014   -7.906680077    4.497850919
    1.047197551    2.094395102   52.048073544    4.274547804   -0.607714904
    1.237597106    2.094395102   54.303372950   19.349225355   -5.018265647
    1.427996661    2.094395102   59.243565118   31.511660590   -8.238451835
    1.618396215    2.094395102   65.797544909   35.598452217  -10.259740059
    1.808795770    2.094395102   72.118175281   28.880863714  -11.465426587
    1.999195325    2.094395102   76.146284740   11.909468336  -12.387808358
    2.189594880    2.094395102   76.225113173  -11.818623553  -13.447896334
    2.379994435    2.094395102   71.563309741  -36.912245126  -14.792138403
    2.570393989    2.094395102   62.452434044  -57.635888893  -16.273772715
    2.760793544    2.094395102   50.195170568  -69.343977354  -17.552398654
    2.951193099    2.094395102   36.784176709  -69.593638593  -18.249719983

   -3.141592654    2.443460953   18.249197074  -58.541972034  -12.815745375
   -2.951193099    2.443460953    8.876366115  -39.230260981  -11.401138813
   -2.760793544    2.443460953    3.429869002  -18.321501726   -9.373273654
   -2.570393989    2.443460953    1.635136168   -1.720267983   -6.863650012
   -2.379994435    2.443460953    2.262712195    6.787212636   -3.954945865
   -2.189594880    2.443460953    3.679554508    6.841073853   -0.625859629
   -1.999195325    2.443460953    4.531638421    1.628550575    3.174489513
   -1.808795770    2.443460953    4.298513391   -3.644904084    7.370723633
   -1.618396215    2.443460953    3.460434139   -4.062603296   11.648062145
   -1.427996661    2.443460953    3.230563471    2.859323430   15.509353877
   -1.237597106    2.443460953    4.974014922   16.230983545   18.483773609
   -1.047197551    2.443460953    9.607055238   32.420757900   20.339209486
   -0.856797996    2.443460953   17.224150236   46.809140071   21.144286742
   -0.666398442    2.443460953   27.086870366   55.469496767   21.135825703
   -0.475998887    2.443460953   37.863302040   56.169099209   20.515225425
   -0.285599332    2.443460953   47.970919985   48.548760320   19.306243588
   -0.095199777    2.443460953   55.920350094   33.867077550   17.327559765
    0.095199777    2.443460953   60.611279057   14.913975826   14.300106279
    0.285599332    2.443460953   61.610439141   -4.157218497   10.025690015
    0.475998887    2.443460953   59.352001766  -18.466974345    4.603251631
    0.666398442    2.443460953   55.166557837  -23.839086923   -1.451471547
    0.856797996    2.443460953   50.983361026  -18.469251115   -7.286198678
    1.047197551    2.443460953   48.741809059   -4.038271910  -11.977679586
    1.237597106    2.443460953   49.717617446   14.305439011  -14.912367071
    1.427996661    2.443460953   54.009961382   29.652433627  -16.003428316
    1.618396215    2.443460953   60.437620059   35.918855717  -15.687436043
    1.808795770    2.443460953   66.915633697   29.988225306  -14.685398804
    1.999195325    2.443460953   71.129339326   12.597646826  -13.690350731
    2.189594880    2.443460953   71.242708191  -12.185067353  -13.132289064
    2.379994435    2.443460953   66.406146117  -38.318991296  -13.097153042
    2.570393989    2.443460953   56.965376067  -59.573094311  -13.386619834
    2.760793544    2.443460953   44.346474481  -71.073942719  -13.652650233
    2.951193099    2.443460953   30.680096283  -70.454507552  -13.541586292

   -3.141592654    2.792526803   15.197614368  -57.193755826    1.294870138
   -2.951193099    2.792526803    6.154593915  -37.128432758    3.425560106
   -2.760793544    2.792526803    1.180804975  -15.473331527    5.399080488
   -2.570393989    2.792526803    0.000000000    1.881200109    7.167962626
   -2.379994435    2.792526803    1.394352780   11.267897126    8.867190544
   -2.189594880    2.792526803    3.765605724   12.415078581   10.804768373
   -1.999195325    2.792526803    5.793275457    8.390225562   13.310524980
   -1.808795770    2.792526803    6.942505650    4.022245861   16.513016250
   -1.618396215    2.792526803    7.595787751    3.781049894   20.178324687
   -1.427996661    2.792526803    8.799423518    9.911420900   23.745302859
   -1.237597106    2.792526803   11.742181455   21.665697891   26.545590706
   -1.047197551    2.792526803   17.219327697   35.821582112   28.069501370
   -0.856797996    2.792526803   25.284591588   48.126363476   28.114661244
   -0.666398442    2.792526803   35.206980296   54.784330249   26.736891350
   -0.475998887    2.792526803   45.661649958   53.454347451   24.108686554
   -0.285599332    2.792526803   55.043670726   43.597270066   20.397782487
   -0.095199777    2.792526803   61.817324868   26.443338143   15.716259081
    0.095199777    2.792526803   64.856493538    5.022448021   10.179239243
    0.285599332    2.792526803   63.776027982  -15.964652427    4.004813061
    0.475998887    2.792526803   59.179136954  -30.963146813   -2.371187136
    0.666398442    2.792526803   52.684013271  -35.290540878   -8.285761733
    0.856797996    2.792526803   46.560030936  -27.130926221  -12.983165909
    1.047197551    2.792526803   43.028895595   -8.811339000  -15.865866006
    1.237597106    2.792526803   43.478906822   13.479783445  -16.755484107
    1.427996661    2.792526803   47.919665808   31.822773404  -15.951940963
    1.618396215    2.792526803   54.927244747   39.589694008  -14.087070320
    1.808795770    2.792526803   62.129530213   33.730366965  -11.842465634
    1.999195325    2.792526803   66.983380427   15.486319200   -9.701823509
    2.189594880    2.792526803   67.536920338  -10.443939418   -7.846022654
    2.379994435    2.792526803   62.934371909  -37.531413894   -6.203577967
    2.570393989    2.792526803   53.587101125  -59.290622300   -4.584451725
    2.760793544    2.792526803   41.014502614  -70.791982341   -2.818008719
    2.951193099    2.792526803   27.435985531  -69.768113357   -0.836718933
