#! FIELDS phi psi file.free der_phi der_psi
#! SET min_phi -pi
#! SET max_phi pi
#! SET nbins_phi  33
#! SET periodic_phi true
#! SET min_psi -pi
#! SET max_psi pi
#! SET nbins_psi  18
#! SET periodic_psi true
   -3.141592654   -3.141592654   17.937079237  -53.303773479   16.863993134
   -2.951193099   -3.141592654    9.530940627  -34.384857651   19.272420709
   -2.760793544   -3.141592654    4.962904729  -13.933197699   20.782419933
   -2.570393989   -3.141592654    3.986759535    2.584346913   21.556384157
   -2.379994435   -3.141592654    5.493552208   11.898810291   22.023917099
   -2.189594880   -3.141592654    8.054144503   13.933631055   22.761873110
   -1.999195325   -3.141592654   10.521108142   11.581007210   24.258073736
   -1.808795770   -3.141592654   12.459136618    9.083840585   26.655217110
   -1.618396215   -3.141592654   14.212445940   10.110709525   29.611871049
   -1.427996661   -3.141592654   16.643168847   16.229012878   32.388735413
   -1.237597106   -3.141592654   20.665760106   26.449645800   34.130396272
   -1.047197551   -3.141592654   26.802609177   37.809123449   34.190525727
   -0.856797996   -3.141592654   34.916908822   46.593569317   32.334052681
   -0.666398442   -3.141592654   44.196249807   49.588166667   28.712952079
   -0.475998887   -3.141592654   53.336028351   44.939894529   23.718838920
   -0.285599332   -3.141592654   60.833323455   32.465099854   17.811476132
   -0.095199777   -3.141592654   65.313687623   13.680077795   11.400780680
    0.095199777   -3.141592654   65.860922567   -8.170422795    4.841303582
    0.285599332   -3.141592654   62.333165514  -28.244600015   -1.515682700
    0.475998887   -3.141592654   55.591636321  -40.998509601   -7.236183609
    0.666398442   -3.141592654   47.488778130  -41.989926676  -11.805501392
    0.856797996   -3.141592654   40.455247966  -29.933754353  -14.734769960
    1.047197551   -3.141592654   36.749965971   -7.924117433  -15.757039099
    1.237597106   -3.141592654   37.649352248   17.121742654  -14.988362796
    1.427996661   -3.141592654   42.939131438   36.880864056  -12.894922695
    1.618396215   -3.141592654   50.941639356   44.823829486  -10.082425037
    1.808795770   -3.141592654   59.093564686   38.420137101   -7.033049777
    1.999195325   -3.141592654   64.777731662   19.560515798   -3.953695375
    2.189594880   -3.141592654   66.077095172   -6.596620961   -0.800632971
    2.379994435   -3.141592654   62.223216962  -33.445023798    2.563926303
    2.570393989   -3.141592654   53.696926133  -54.751477618    6.201267855
    2.760793544   -3.141592654   42.021979873  -65.965879255    9.997316427
    2.951193099   -3.141592654   29.354251155  -65.131844440   13.671809215

   -3.141592654   -2.792526803   25.394900519  -48.893252376   25.233576022
   -2.951193099   -2.792526803   17.640367942  -31.972768956   27.410347346
   -2.760793544   -2.792526803   13.355143163  -13.295647108   28.314030177
   -2.570393989   -2.792526803   12.386954047    2.189398763   28.265345725
   -2.379994435   -2.792526803   13.805906450   11.566033890   27.855930233
   -2.189594880   -2.792526803   16.399229882   14.772828292   27.759286383
   -1.999195325   -2.792526803   19.197221310   14.275474007   28.469180573
   -1.808795770   -2.792526803   21.823643926   13.527622099   30.061703646
   -1.618396215   -2.792526803   24.517147645   15.318552757   32.105026420
   -1.427996661   -2.792526803   27.887736234   20.612807368   33.784704709
   -1.237597106   -2.792526803   32.531786908   28.352797609   34.209662058
   -1.047197551   -2.792526803   38.694263902   36.054461092   32.746729012
   -0.856797996   -2.792526803   46.086825561   40.778583783   29.233672191
   -0.666398442   -2.792526803   53.896393343   40.091468247   23.963103961
   -0.475998887   -2.792526803   60.948536753   32.710706266   17.523467895
   -0.285599332   -2.792526803   65.953239230   18.736043498   10.590548089
   -0.095199777   -2.792526803   67.778694876   -0.261022927    3.757545473
    0.095199777   -2.792526803   65.746784416  -21.129225635   -2.520880577
    0.285599332   -2.792526803   59.929591424  -39.161885961   -7.905249464
    0.475998887   -2.792526803   51.375645872  -48.983738954  -12.097592513
    0.666398442   -2.792526803   42.084452257  -46.405478677  -14.825668364
    0.856797996   -2.792526803   34.568520213  -30.585713317  -15.893250594
    1.047197551   -2.792526803   31.067218819   -5.233157869  -15.300559331
    1.237597106   -2.792526803   32.721799255   22.181215105  -13.321292931
    1.427996661   -2.792526803   39.105072972   43.127541596  -10.433604733
    1.618396215   -2.792526803   48.330767796   51.320015628   -7.116567126
    1.808795770   -2.792526803   57.706845985   44.773014410   -3.654983906
    1.999195325   -2.792526803   64.594029953   25.895406567   -0.066061348
    2.189594880   -2.792526803   67.125584816    0.061575140    3.805643475
    2.379994435   -2.792526803   64.587390933  -26.284228575    8.096749554
    2.570393989   -2.792526803   57.459770043  -47.295642189   12.757790519
    2.760793544   -2.792526803   47.189402755  -58.797890609   17.489698067
    2.951193099   -2.792526803   35.800029271  -59.014324083   21.815172748

   -3.141592654   -2.443460953   34.051592893  -44.256346480   23.018058233
   -2.951193099   -2.443460953   26.961379301  -29.643931033   24.730735008
   -2.760793544   -2.443460953   22.917835942  -12.990686350   25.369478415
   -2.570393989   -2.443460953   21.876550466    1.287470803   25.252080926
   -2.379994435   -2.443460953   23.095242939   10.549812529   24.869944695
   -2.189594880   -2.443460953   25.564485316   14.615732480   24.710827815
   -1.999195325   -2.443460953   28.454677944   15.411930678   25.060281842
   -1.808795770   -2.443460953   31.398406071   15.598578625   25.845347686
   -1.618396215   -2.443460953   34.491669479   17.221661187   26.613416802
   -1.427996661   -2.443460953   38.092084194   20.886918485   26.673910578
   -1.237597106   -2.443460953   42.527617770   25.730555024   25.370787837
   -1.047197551   -2.443460953   47.859780981   29.943496982   22.350942058
   -0.856797996   -2.443460953   53.769919241   31.442693625   17.711940231
   -0.666398442   -2.443460953   59.568857482   28.526120527   11.938331086
   -0.475998887   -2.443460953   64.314740517   20.307030222    5.714957821
   -0.285599332   -2.443460953   66.988865972    6.882499534   -0.291042624
   -0.095199777   -2.443460953   66.699300556  -10.469305107   -5.589863350
    0.095199777   -2.443460953   62.936079261  -29.025812114   -9.908476979
    0.285599332   -2.443460953   55.858816825  -44.470287472  -13.140895055
    0.475998887   -2.443460953   46.542773346  -51.688332232  -15.253781985
    0.666398442   -2.443460953   36.974761713  -46.633354380  -16.229509307
    0.856797996   -2.443460953   29.629744240  -28.610977316  -16.056110121
    1.047197551   -2.443460953   26.676621492   -1.528484625  -14.790573261
    1.237597106   -2.443460953   29.150049610   26.971953226  -12.614626252
    1.427996661   -2.443460953   36.497970544   48.386216040   -9.817422225
    1.618396215   -2.443460953   46.737651473   56.686092472   -6.680384744
    1.808795770   -2.443460953   57.145254732   50.277667834   -3.366505061
    1.999195325   -2.443460953   65.119293932   31.868525803    0.122233791
    2.189594880   -2.443460953   68.862787762    6.852775557    3.878787368
    2.379994435   -2.443460953   67.704394026  -18.612313801    7.955711618
    2.570393989   -2.443460953   62.094654137  -39.133026175   12.249739337
    2.760793544   -2.443460953   53.365853558  -50.928556944   16.465847414
    2.951193099   -2.443460953   43.373169850  -52.377838329   20.187920166

   -3.141592654   -2.094395102   40.329368731  -40.796990167   14.349562043
   -2.951193099   -2.094395102   33.752355359  -27.705115240   15.518642489
   -2.760793544   -2.094395102   29.952080380  -12.304782878   16.090409913
   -2.570393989   -2.094395102   28.963104490    1.255218847   16.238121515
   -2.379994435   -2.094395102   30.155608670   10.398019825   16.165562582
   -2.189594880   -2.094395102   32.619035683   14.743442600   16.007918396
   -1.999195325   -2.094395102   35.560911363   15.776373318   15.758790782
   -1.808795770   -2.094395102   38.554512439   15.625457436   15.241825513
   -1.618396215   -2.094395102   41.544860212   15.939937828   14.164466766
   -1.427996661   -2.094395102   44.695458221   17.307545971   12.231717401
   -1.237597106   -2.094395102   48.180923451   19.302547642    9.291745253
   -1.047197551   -2.094395102   52.026969020   20.879411518    5.430671510
   -0.856797996   -2.094395102   56.032517748   20.721999233    0.981936402
   -0.666398442   -2.094395102   59.744349825   17.579690746   -3.582537813
   -0.475998887   -2.094395102   62.497980504   10.544503013   -7.792097755
   -0.285599332   -2.094395102   63.507209393   -0.721973738  -11.297904044
   -0.095199777   -2.094395102   62.008234727  -15.557211864  -13.938509078
    0.095199777   -2.094395102   57.503971061  -31.781105973  -15.730102166
    0.285599332   -2.094395102   50.084888520  -45.385921688  -16.798800457
    0.475998887   -2.094395102   40.727644555  -51.276029351  -17.289372482
    0.666398442   -2.094395102   31.336853807  -45.213900662  -17.287516648
    0.856797996   -2.094395102   24.347009144  -26.295819171  -16.774056221
    1.047197551   -2.094395102   21.916866527    1.657981776  -15.669836178
    1.237597106   -2.094395102   25.074098977   30.947529961  -13.918868188
    1.427996661   -2.094395102   33.241716941   52.984387454  -11.569289355
    1.618396215   -2.094395102   44.401497905   61.721308582   -8.760613264
    1.808795770   -2.094395102   55.801017205   55.647091315   -5.671279477
    1.999195325   -2.094395102   64.830572693   37.585206327   -2.447790505
    2.189594880   -2.094395102   69.700043258   12.953737981    0.820312204
    2.379994435   -2.094395102   69.735559936  -12.209651821    4.068505936
    2.570393989   -2.094395102   65.352351840  -32.726946192    7.205357626
    2.760793544   -2.094395102   57.806235461  -45.010395355   10.082789010
    2.951193099   -2.094395102   48.851243530  -47.489293012   12.516991471

   -3.141592654   -1.745329252   43.271638828  -38.722278867    5.419707260
   -2.951193099   -1.745329252   37.014143363  -26.427411893    5.996280871
   -2.760793544   -1.745329252   33.386190092  -11.759271710    6.373731981
   -2.570393989   -1.745329252   32.440087399    1.177292958    6.551592810
   -2.379994435   -1.745329252   33.563018004    9.739315969    6.459065332
   -2.189594880   -1.745329252   35.837695815   13.381501769    5.947277196
   -1.999195325   -1.745329252   38.429316636   13.395056194    4.830623670
   -1.808795770   -1.745329252   40.840097321   11.825663834    2.956620055
   -1.618396215   -1.745329252   42.947617559   10.446756047    0.287871862
   -1.427996661   -1.745329252   44.893751618   10.202299548   -3.052222018
   -1.237597106   -1.745329252   46.912446787   11.132608703   -6.776161353
   -1.047197551   -1.745329252   49.172827026   12.579619293  -10.488443379
   -0.856797996   -1.745329252   51.671269673   13.367747268  -13.768952051
   -0.666398442   -1.745329252   54.146864253   12.068724891  -16.283509814
   -0.475998887   -1.745329252   56.067689100    7.348883660  -17.856055139
   -0.285599332   -1.745329252   56.688241669   -1.653795726  -18.500220397
   -0.095199777   -1.745329252   55.190788738  -14.720375814  -18.401978929
    0.095199777   -1.745329252   50.955805806  -29.917107250  -17.861423465
    0.285599332   -1.745329252   43.927576133  -43.248653223  -17.198444421
    0.475998887   -1.745329252   34.958706144  -49.390931507  -16.651714300
    0.666398442   -1.745329252   25.889137929  -43.710892621  -16.294807842
    0.856797996   -1.745329252   19.166932995  -24.919218264  -15.988339173
    1.047197551   -1.745329252   17.023660430    3.379962345  -15.447965419
    1.237597106   -1.745329252   20.576928009   33.429106919  -14.374921650
    1.427996661   -1.745329252   29.306460277   56.397237079  -12.620627758
    1.618396215   -1.745329252   41.197562084   65.937118369  -10.246672041
    1.808795770   -1.745329252   53.452546883   60.346029441   -7.495462706
    1.999195325   -1.745329252   63.395811883   42.420890795   -4.679011705
    2.189594880   -1.745329252   69.177965273   17.660999975   -2.062260193
    2.379994435   -1.745329252   70.084472237   -7.796575458    0.196415308
    2.570393989   -1.745329252   66.505079643  -28.718870381    2.044223153
    2.760793544   -1.745329252   59.674813912  -41.523431124    3.498364482
    2.951193099   -1.745329252   51.324329101  -44.651870613    4.605282391

   -3.141592654   -1.396263402   42.009087087  -39.236346294    2.707639637
   -2.951193099   -1.396263402   35.675783886  -26.687571432    2.660786795
   -2.760793544   -1.396263402   32.031048298  -11.691402049    2.465866229
   -2.570393989   -1.396263402   31.116594459    1.384987708    2.068612265
   -2.379994435   -1.396263402   32.256966661    9.612188580    1.306502402
   -2.189594880   -1.396263402   34.423150208   12.249469193   -0.065572393
   -1.999195325   -1.396263402   36.649668493   10.598700779   -2.280192044
   -1.808795770   -1.396263402   38.337601389    7.014348892   -5.419139894
   -1.618396215   -1.396263402   39.347440876    3.814427005   -9.302904328
   -1.427996661   -1.396263402   39.917879754    2.565759448  -13.484356113
   -1.237597106   -1.396263402   40.485817341    3.760552555  -17.358716928
   -1.047197551   -1.396263402   41.476453005    6.830988337  -20.344291439
   -0.856797996   -1.396263402   43.121837199   10.280500649  -22.041749205
   -0.666398442   -1.396263402   45.301841804   12.056575335  -22.329991237
   -0.475998887   -1.396263402   47.493898814   10.099562876  -21.358747548
   -0.285599332   -1.396263402   48.832580176    2.948880708  -19.487342068
   -0.095199777   -1.396263402   48.290239274   -9.512295601  -17.189533278
    0.095199777   -1.396263402   45.003003201  -25.364519286  -14.943308589
    0.285599332   -1.396263402   38.698182335  -40.319200745  -13.121307406
    0.475998887   -1.396263402   30.095343264  -48.486523076  -11.908484122
    0.666398442   -1.396263402   21.025662027  -44.504137439  -11.268254757
    0.856797996   -1.396263402   14.064573582  -26.442949257  -10.952842577
    1.047197551   -1.396263402   11.662373115    2.386409120  -10.613328498
    1.237597106   -1.396263402   15.164093410   33.992901135   -9.921967473
    1.427996661   -1.396263402   24.187878830   58.910399191   -8.711423812
    1.618396215   -1.396263402   36.720508683   70.035531503   -7.009595394
    1.808795770   -1.396263402   49.839240289   65.138435845   -5.005680863
    1.999195325   -1.396263402   60.680986250   46.903253311   -2.959292759
    2.189594880   -1.396263402   67.225070319   21.086000434   -1.105333333
    2.379994435   -1.396263402   68.655433671   -5.738008518    0.401607776
    2.570393989   -1.396263402   65.344293507  -27.913786061    1.499340202
    2.760793544   -1.396263402   58.576154505  -41.600900185    2.204476748
    2.951193099   -1.396263402   50.163653630  -45.150026290    2.579794859

   -3.141592654   -1.047197551   39.635108387  -40.712847527    3.738032878
   -2.951193099   -1.047197551   33.054238608  -27.804833544    2.407537093
   -2.760793544   -1.047197551   29.227590782  -12.527342882    0.828187695
   -2.570393989   -1.047197551   28.151813224    0.432480672   -0.918038122
   -2.379994435   -1.047197551   29.050391670    7.906627624   -2.887711535
   -2.189594880   -1.047197551   30.766295604    9.127682146   -5.279202997
   -1.999195325   -1.047197551   32.230583466    5.695717734   -8.314133701
   -1.808795770   -1.047197551   32.827830454    0.558434519  -12.041245332
   -1.618396215   -1.047197551   32.527526658   -3.291045075  -16.184143628
   -1.427996661   -1.047197551   31.790144834   -3.824257558  -20.150791464
   -1.237597106   -1.047197551   31.321633631   -0.531056677  -23.217440375
   -1.047197551   -1.047197551   31.773994165    5.571865234  -24.791055175
   -0.856797996   -1.047197551   33.492757834   12.278308794  -24.608631857
   -0.666398442   -1.047197551   36.329478739   16.818026907  -22.803232588
   -0.475998887   -1.047197551   39.613167236   16.604572517  -19.826286887
   -0.285599332   -1.047197551   42.256482224    9.929134133  -16.303165847
   -0.095199777   -1.047197551   42.990606961   -3.274705227  -12.857855006
    0.095199777   -1.047197551   40.744198161  -20.787219094   -9.956620681
    0.285599332   -1.047197551   35.113433263  -37.840956072   -7.809731359
    0.475998887   -1.047197551   26.788691240  -47.984091375   -6.368342120
    0.666398442   -1.047197551   17.675023775  -45.334914147   -5.412893259
    0.856797996   -1.047197551   10.503887527  -27.668166555   -4.659822025
    1.047197551   -1.047197551    7.908288822    1.709174629   -3.884039912
    1.237597106   -1.047197551   11.386987059   34.479200498   -2.949186434
    1.427996661   -1.047197551   20.629130095   60.681348483   -1.825813544
    1.618396215   -1.047197551   33.595689650   72.718480492   -0.546963027
    1.808795770   -1.047197551   47.260235829   68.056491533    0.818216641
    1.999195325   -1.047197551   58.623087826   49.346251237    2.177817997
    2.189594880   -1.047197551   65.544391910   22.543826243    3.418582083
    2.379994435   -1.047197551   67.141223337   -5.451823504    4.408128854
    2.570393989   -1.047197551   63.782016589  -28.657504814    5.009674576
    2.760793544   -1.047197551   56.801382956  -43.015751475    5.115802275
    2.951193099   -1.047197551   48.091157053  -46.787170058    4.679050841

   -3.141592654   -0.698131701   39.351737892  -44.643981598    3.687516419
   -2.951193099   -0.698131701   31.982577407  -32.078578186    1.514649292
   -2.760793544   -0.698131701   27.341192711  -16.766913324   -0.914481463
   -2.570393989   -0.698131701   25.470943073   -3.687702477   -3.460794016
   -2.379994435   -0.698131701   25.576671327    3.628874888   -6.126921812
   -2.189594880   -0.698131701   26.426820136    4.238444352   -9.062444876
   -1.999195325   -0.698131701   26.878934631   -0.046201715  -12.425775256
   -1.808795770   -0.698131701   26.323050302   -5.694392415  -16.158816374
   -1.618396215   -0.698131701   24.858265005   -9.057365507  -19.840224443
   -1.427996661   -0.698131701   23.174922615   -7.770370713  -22.753790430
   -1.237597106   -0.698131701   22.221035768   -1.538558210  -24.167171958
   -1.047197551   -0.698131701   22.801774445    7.933617220  -23.657283230
   -0.856797996   -0.698131701   25.265138422   17.601513557  -21.297782304
   -0.666398442   -0.698131701   29.315114313   24.014935464  -17.617168805
   -0.475998887   -0.698131701   34.034893894   24.243018019  -13.384135897
   -0.285599332   -0.698131701   38.063384252   16.629368165   -9.346832352
   -0.095199777   -0.698131701   39.903272131    1.522525243   -6.003843275
    0.095199777   -0.698131701   38.359025280  -18.202004448   -3.481490525
    0.285599332   -0.698131701   33.035142209  -37.088261516   -1.560229153
    0.475998887   -0.698131701   24.746498813  -48.202405529    0.144712656
    0.666398442   -0.698131701   15.579179335  -45.536911183    1.930873053
    0.856797996   -0.698131701    8.433914941  -27.128777979    3.842867028
    1.047197551   -0.698131701    6.039266986    3.279075960    5.657396813
    1.237597106   -0.698131701    9.906721680   36.930505155    7.072294408
    1.427996661   -0.698131701   19.670316999   63.625240817    7.895836563
    1.618396215   -0.698131701   33.210584578   75.728751593    8.161204821
    1.808795770   -0.698131701   47.426777883   70.788404872    8.079626786
    1.999195325   -0.698131701   59.262492271   51.542921632    7.895401728
    2.189594880   -0.698131701   66.533032988   23.980775069    7.745260582
    2.379994435   -0.698131701   68.312966060   -5.003073054    7.599489860
    2.570393989   -0.698131701   64.929239170  -29.388472010    7.292768469
    2.760793544   -0.698131701   57.689046850  -45.010760684    6.618458305
    2.951193099   -0.698131701   48.486899678  -49.918021502    5.424411588

   -3.141592654   -0.349065850   40.167510234  -49.286244365    3.171514097
   -2.951193099   -0.349065850   31.857377750  -37.233250083    0.204317280
   -2.760793544   -0.349065850   26.219933293  -22.007844021   -2.941470011
   -2.570393989   -0.349065850   23.361772833   -8.815486991   -6.050674531
   -2.379994435   -0.349065850   22.492583685   -1.530128200   -9.063726223
   -2.189594880   -0.349065850   22.331551564   -1.271533253  -12.082137384
   -1.999195325   -0.349065850   21.690521342   -5.985268128  -15.207592806
   -1.808795770   -0.349065850   20.001109742  -11.503260336  -18.301770672
   -1.618396215   -0.349065850   17.535750859  -13.512452224  -20.861913331
   -1.427996661   -0.349065850   15.248173535   -9.440277512  -22.153536289
   -1.237597106   -0.349065850   14.321605584    0.502009354  -21.566565547
   -1.047197551   -0.349065850   15.644633314   13.578539542  -18.966114171
   -0.856797996   -0.349065850   19.440794295   25.690526979  -14.824750675
   -0.666398442   -0.349065850   25.124384380   32.771168461  -10.037955538
   -0.475998887   -0.349065850   31.432888956   31.915190638   -5.567051643
   -0.285599332   -0.349065850   36.722399520   22.079752122   -2.088121675
   -0.095199777   -0.349065850   39.366287369    4.563778112    0.229735285
    0.095199777   -0.349065850   38.225155305  -16.823566781    1.734648008
    0.285599332   -0.349065850   33.106147655  -36.087772981    3.094409955
    0.475998887   -0.349065850   25.071045331  -46.394436593    4.941839629
    0.666398442   -0.349065850   16.373199404  -42.415406465    7.527756495
    0.856797996   -0.349065850    9.924343488  -23.089792116   10.573887990
    1.047197551   -0.349065850    8.311792496    7.262298063   13.405324591
    1.237597106   -0.349065850   12.851980708   39.875018550   15.334498606
    1.427996661   -0.349065850   23.034755962   65.057427317   15.995816171
    1.618396215   -0.349065850   36.712877767   75.815651234   15.487679287
    1.808795770   -0.349065850   50.860666690   70.089809462   14.249547359
    1.999195325   -0.349065850   62.533218891   50.601732668   12.794246171
    2.189594880   -0.349065850   69.622035060   23.021472676   11.459574559
    2.379994435   -0.349065850   71.207590940   -6.138401333   10.301807395
    2.570393989   -0.349065850   67.561110950  -31.085568849    9.136733929
    2.760793544   -0.349065850   59.913088902  -47.650872529    7.681246322
    2.951193099   -0.349065850   50.104751619  -53.641735614    5.709253841

   -3.141592654    0.000000000   41.035755489  -54.395599650    1.446387788
   -2.951193099    0.000000000   31.704244318  -42.761313780   -1.354509986
   -2.760793544    0.000000000   25.008471810  -27.522730552   -4.114531377
   -2.570393989    0.000000000   21.123323543  -14.065090780   -6.703798932
   -2.379994435    0.000000000   19.278609610   -6.548074915   -9.136196130
   -2.189594880    0.000000000   18.171325399   -6.204492257  -11.531618619
   -1.999195325    0.000000000   16.604874448  -10.705056299  -13.938465530
   -1.808795770    0.000000000   14.088588951  -15.295113336  -16.127281667
   -1.618396215    0.000000000   11.083163737  -15.171191981  -17.539413576
   -1.427996661    0.000000000    8.776640840   -7.834464621  -17.495572696
   -1.237597106    0.000000000    8.501758338    5.708875123  -15.582526959
   -1.047197551    0.000000000   11.101551036   21.544908088  -11.959703614
   -0.856797996    0.000000000   16.540390117   34.635354153   -7.382571814
   -0.666398442    0.000000000   23.857742444   40.676144140   -2.882069479
   -0.475998887    0.000000000   31.448945173   37.313567439    0.674851380
   -0.285599332    0.000000000   37.488447313   24.590577754    2.932848311
   -0.095199777    0.000000000   40.390697870    4.977637489    4.170885873
    0.095199777    0.000000000   39.253314569  -16.896641973    5.147724898
    0.285599332    0.000000000   34.214415236  -34.921902339    6.751110309
    0.475998887    0.000000000   26.611931414  -42.940750111    9.552721205
    0.666398442    0.000000000   18.788679952  -36.823998178   13.485596620
    0.856797996    0.000000000   13.513413774  -16.659987683   17.811821024
    1.047197551    0.000000000   13.064729320   12.758540215   21.434134839
    1.237597106    0.000000000   18.444636099   43.036323764   23.423169274
    1.427996661    0.000000000   28.963136319   65.442855126   23.411680265
    1.618396215    0.000000000   42.487185126   73.968704941   21.681930819
    1.808795770    0.000000000   56.153756367   67.076973718   18.936173421
    1.999195325    0.000000000   67.222556816   47.410859588   15.927196752
    2.189594880    0.000000000   73.730952604   20.153111165   13.157706131
    2.379994435    0.000000000   74.800111036   -8.745770383   10.773567879
    2.570393989    0.000000000   70.649857778  -33.858660138    8.633361637
    2.760793544    0.000000000   62.419031868  -51.072725380    6.476933547
    2.951193099    0.000000000   51.875072758  -57.954891295    4.095441247

   -3.141592654    0.349065850   42.601899303  -58.176273305    0.405699781
   -2.951193099    0.349065850   32.514493272  -46.862313930   -1.453639648
   -2.760793544    0.349065850   25.024187978  -31.718019405   -3.112284221
   -2.570393989    0.349065850   20.343348418  -18.208957077   -4.581322109
   -2.379994435    0.349065850   17.714919693  -10.636515743   -5.967271324
   -2.189594880    0.349065850   15.833801312  -10.220539856   -7.404526333
   -1.999195325    0.349065850   13.531114704  -14.326398383   -8.902838393
   -1.808795770    0.349065850   10.422015038  -17.732445745  -10.213100510
   -1.618396215    0.349065850    7.148705336  -15.374617152  -10.844371811
   -1.427996661    0.349065850    5.080257333   -5.065686629  -10.284601601
   -1.237597106    0.349065850    5.610899922   11.286063515   -8.325270325
   -1.047197551    0.349065850    9.449552249   28.695706095   -5.262411060
   -0.856797996    0.349065850   16.253802038   41.507206876   -1.826870791
   -0.666398442    0.349065850   24.715596250   45.610380714    1.173427286
   -0.475998887    0.349065850   32.994605507   39.580025029    3.243885675
   -0.285599332    0.349065850   39.243475303   24.705102321    4.437657390
   -0.095199777    0.349065850   42.080282062    4.486459123    5.334379683
    0.095199777    0.349065850   40.948002774  -16.033496952    6.767650922
    0.285599332    0.349065850   36.331387813  -31.177351639    9.441519035
    0.475998887    0.349065850   29.756610228  -35.958423367   13.551818324
    0.666398442    0.349065850   23.493330639  -27.728729743   18.607753699
    0.856797996    0.349065850   19.980072960   -7.684730595   23.542580107
    1.047197551    0.349065850   21.036329806   19.231042741   27.122744418
    1.237597106    0.349065850   27.277298332   45.470001352   28.472404904
    1.427996661    0.349065850   37.851366724   63.696375516   27.406762838
    1.618396215    0.349065850   50.725625747   69.153705442   24.424001402
    1.808795770    0.349065850   63.316697091   60.890494634   20.408233131
    1.999195325    0.349065850   73.201964511   41.378937638   16.234997546
    2.189594880    0.349065850   78.651386540   15.142001235   12.483333686
    2.379994435    0.349065850   78.878652030  -12.616106558    9.354734182
    2.570393989    0.349065850   74.070145332  -37.002467112    6.763816700
    2.760793544    0.349065850   65.262573736  -54.086656639    4.504972758
    2.951193099    0.349065850   54.119167349  -61.280661280    2.404503837

   -3.141592654    0.698131701   44.014637016  -60.853006214   -0.913946216
   -2.951193099    0.698131701   33.410267703  -49.575614808   -1.526543328
   -2.760793544    0.698131701   25.408009811  -34.348445275   -1.847888705
   -2.570393989    0.698131701   20.240576263  -20.674141231   -2.032002940
   -2.379994435    0.698131701   17.158067784  -12.940392559   -2.254482202
   -2.189594880    0.698131701   14.852390393  -12.360304926   -2.647586494
   -1.999195325    0.698131701   12.169792984  -16.121799560   -3.214471904
   -1.808795770    0.698131701    8.784434184  -18.747630625   -3.786264376
   -1.618396215    0.698131701    5.435173450  -15.077247708   -4.071262221
   -1.427996661    0.698131701    3.573235194   -3.191496949   -3.800621208
   -1.237597106    0.698131701    4.590281710   14.412954558   -2.897889006
   -1.047197551    0.698131701    9.075712450   32.172990215   -1.547239671
   -0.856797996    0.698131701   16.489637633   44.277339434   -0.102606324
   -0.666398442    0.698131701   25.355602319   47.046337693    1.152057449
   -0.475998887    0.698131701   33.791031432   39.894335099    2.198601686
   -0.285599332    0.698131701   40.072417313   24.961467454    3.343574687
   -0.095199777    0.698131701   43.071096887    6.182725952    5.109147462
    0.095199777    0.698131701   42.507553754  -11.587867926    7.981300464
    0.285599332    0.698131701   39.046003946  -23.510892356   12.149417747
    0.475998887    0.698131701   34.188262041  -25.819294018   17.305528301
    0.666398442    0.698131701   29.946535440  -17.025014064   22.640885559
    0.856797996    0.698131701   28.331517032    1.135265645   27.046120176
    1.047197551    0.698131701   30.717971388   24.118535480   29.504346301
    1.237597106    0.698131701   37.433788746   45.553209855   29.481548962
    1.427996661    0.698131701   47.598197912   59.512847014   27.110827814
    1.618396215    0.698131701   59.389513277   62.274575869   23.075657445
    1.808795770    0.698131701   70.563343325   53.180560547   18.294830683
    1.999195325    0.698131701   79.024045728   34.316758427   13.585891471
    2.189594880    0.698131701   83.255931205    9.473593394    9.462406444
    2.379994435    0.698131701   82.545182784  -16.844306491    6.113892182
    2.570393989    0.698131701   77.038770522  -40.196091912    3.510634264
    2.760793544    0.698131701   67.678697703  -56.780962478    1.537167975
    2.951193099    0.698131701   56.034985410  -63.881415370    0.085697574

   -3.141592654    1.047197551   42.224352328  -61.613207394   -4.505686393
   -2.951193099    1.047197551   31.580163143  -49.250294947   -3.695304271
   -2.760793544    1.047197551   23.718695893  -33.251842195   -2.537029539
   -2.570393989    1.047197551   18.797996550  -19.252017473   -1.360484644
   -2.379994435    1.047197551   15.981411150  -11.630829036   -0.409830206
   -2.189594880    1.047197551   13.889216463  -11.453603760    0.203939692
   -1.999195325    1.047197551   11.334026188  -15.679586600    0.489660224
   -1.808795770    1.047197551    7.998671322  -18.631361216    0.519666195
   -1.618396215    1.047197551    4.657796265  -15.076289472    0.374089420
   -1.427996661    1.047197551    2.796667744   -3.179815037    0.115690076
   -1.237597106    1.047197551    3.815607850   14.397916971   -0.200862909
   -1.047197551    1.047197551    8.287117403   32.012230200   -0.494370874
   -0.856797996    1.047197551   15.656270215   43.991929925   -0.622534898
   -0.666398442    1.047197551   24.481493661   46.996896534   -0.341644725
   -0.475998887    1.047197551   32.986380695   40.813410419    0.667422913
   -0.285599332    1.047197551   39.607182228   27.753345108    2.724850214
   -0.095199777    1.047197551   43.373648804   11.529422336    6.042210226
    0.095199777    1.047197551   44.083959606   -3.606101740   10.585093527
    0.285599332    1.047197551   42.339327419  -13.663755680   15.982874689
    0.475998887    1.047197551   39.414359895  -15.671860664   21.509475508
    0.666398442    1.047197551   36.974969613   -8.576400044   26.213435919
    0.856797996    1.047197551   36.660182191    6.098823893   29.148213974
    1.047197551    1.047197551   39.576202946   24.649409205   29.692546268
    1.237597106    1.047197551   45.977959546   41.855098195   27.764375075
    1.427996661    1.047197551   55.122461502   52.750210675   23.843521004
    1.618396215    1.047197551   65.460542590   54.035955211   18.749749551
    1.808795770    1.047197551   75.041077930   44.876291938   13.337724374
    1.999195325    1.047197551   81.988658647   26.821461344    8.255928110
    2.189594880    1.047197551   84.899719871    3.110781987    3.871844011
    2.379994435    1.047197551   83.086821925  -22.074101001    0.340955115
    2.570393989    1.047197551   76.686197658  -44.365532697   -2.275932051
    2.760793544    1.047197551   66.632347011  -59.883995175   -3.943514302
    2.951193099    1.047197551   54.504518548  -65.837303769   -4.658574347

   -3.141592654    1.396263402   37.600252310  -60.456325081  -10.187105884
   -2.951193099    1.396263402   27.342707728  -46.438271486   -8.974944228
   -2.760793544    1.396263402   20.116117484  -29.525929101   -7.243606979
   -2.570393989    1.396263402   15.929517412  -15.381030631   -5.332619799
   -2.379994435    1.396263402   13.815860731   -8.191496339   -3.483740194
   -2.189594880    1.396263402   12.309727034   -8.772511389   -1.804490838
   -1.999195325    1.396263402   10.179145206  -13.922163682   -0.332632822
   -1.808795770    1.396263402    7.081123993  -17.917890359    0.863131036
   -1.618396215    1.396263402    3.770486457  -15.484401773    1.640786275
   -1.427996661    1.396263402    1.729993769   -4.630179608    1.857673445
   -1.237597106    1.396263402    2.402124423   12.288549705    1.511637906
   -1.047197551    1.396263402    6.466107078   29.971999119    0.843751288
   -0.856797996    1.396263402   13.529588500   42.986228429    0.316663655
   -0.666398442    1.396263402   22.339920065   47.991634205    0.489419302
   -0.475998887    1.396263402   31.283577050   44.502967521    1.825695349
   -0.285599332    1.396263402   38.883486194   34.329054063    4.538728004
   -0.095199777    1.396263402   44.144652029   20.517520273    8.512321988
    0.095199777    1.396263402   46.710314962    6.653593150   13.287224459
    0.285599332    1.396263402   46.912953736   -3.775233754   18.126464749
    0.475998887    1.396263402   45.692306708   -7.934360061   22.156446648
    0.666398442    1.396263402   44.400205248   -4.447276130   24.587334159
    0.856797996    1.396263402   44.466743419    5.950901232   24.916216493
    1.047197551    1.396263402   46.964697456   20.531070924   23.097963392
    1.237597106    1.396263402   52.289016766   34.885607317   19.529968390
    1.427996661    1.396263402   59.948952907   44.357248730   14.907994584
    1.618396215    1.396263402   68.653396993   45.424723387    9.954378576
    1.808795770    1.396263402   76.632328511   36.726275571    5.206274903
    1.999195325    1.396263402   82.090669386   19.335212332    0.935849471
    2.189594880    1.396263402   83.640536148   -3.694260596   -2.776827010
    2.379994435    1.396263402   80.606220986  -28.051874572   -5.900404023
    2.570393989    1.396263402   73.174599478  -49.130685770   -8.344089505
    2.760793544    1.396263402   62.368928322  -62.921752590   -9.948318745
    2.951193099    1.396263402   49.857507039  -66.778130236  -10.567792065

   -3.141592654    1.745329252   31.541505840  -58.883874655  -16.547838777
   -2.951193099    1.745329252   21.755687043  -43.157963321  -15.495782731
   -2.760793544    1.745329252   15.258190275  -25.282281871  -13.631341367
   -2.570393989    1.745329252   11.911386996  -10.913780945  -11.233481311
   -2.379994435    1.745329252   10.626875242   -4.013316074   -8.528224750
   -2.189594880    1.745329252    9.865011986   -5.172320491   -5.640769456
   -1.999195325    1.745329252    8.347382935  -11.130946698   -2.664618008
   -1.808795770    1.745329252    5.679612044  -16.255857547    0.223205638
   -1.618396215    1.745329252    2.552075717  -15.270855317    2.719177728
   -1.427996661    1.745329252    0.409402723   -5.887048004    4.501115082
   -1.237597106    1.745329252    0.743565321   10.131298927    5.429889249
   -1.047197551    1.745329252    4.401848766   28.082806373    5.693285136
   -0.856797996    1.745329252   11.244250657   42.776569243    5.772140108
   -0.666398442    1.745329252   20.268703129   50.585570566    6.248550576
   -0.475998887    1.745329252   30.012676524   50.305723310    7.552742507
   -0.285599332    1.745329252   38.991582172   42.857421592    9.785199541
   -0.095199777    1.745329252   46.039225287   30.489976952   12.663985049
    0.095199777    1.745329252   50.501468956   16.280556141   15.587890108
    0.285599332    1.745329252   52.355120945    3.638867341   17.792656625
    0.475998887    1.745329252   52.213221409   -4.197514944   18.586451810
    0.666398442    1.745329252   51.221597854   -5.048898446   17.599187764
    0.856797996    1.745329252   50.779897905    1.365166465   14.909607318
    1.047197551    1.745329252   52.116003395   13.154377418   11.036667217
    1.237597106    1.745329252   55.896094322   26.298783519    6.706280666
    1.427996661    1.745329252   61.918392388   35.917586981    2.587453141
    1.618396215    1.745329252   69.094165422   37.864298193   -0.953470386
    1.808795770    1.745329252   75.726675603   30.105103680   -3.907068420
    1.999195325    1.745329252   79.989227956   13.334758625   -6.501891367
    2.189594880    1.745329252   80.431298802   -9.346168058   -8.990915515
    2.379994435    1.745329252   76.356994274  -33.265462062  -11.461898188
    2.570393989    1.745329252   68.010156393  -53.415095181  -13.767597506
    2.760793544    1.745329252   56.529888531  -65.600674422  -15.588691058
    2.951193099    1.745329252   43.702087899  -67.359758854  -16.583087226

   -3.141592654    2.094395102   24.556027243  -58.444225050  -18.759076348
   -2.951193099    2.094395102   15.033133302  -40.886771916  -17.737918213
   -2.760793544    2.094395102    9.113846355  -21.568856604  -15.821737757
   -2.570393989    2.094395102    6.573188676   -6.243460254  -13.226386919
   -2.379994435    2.094395102    6.238603468    1.242501286  -10.141888440
   -2.189594880    2.094395102    6.513757879    0.424352612   -6.668552647
   -1.999195325    2.094395102    6.074094808   -5.467245504   -2.878693319
   -1.808795770    2.094395102    4.456601737  -10.987366849    1.054027100
   -1.618396215    2.094395102    2.248967291  -10.977372893    4.783134431
   -1.427996661    2.094395102    0.796975502   -2.963229351    7.881727585
   -1.237597106    2.094395102    1.563397379   11.809917950   10.057254386
   -1.047197551    2.094395102    5.475855926   29.215917147   11.330216396
   -0.856797996    2.094395102   12.559487286   44.328987876   12.032485106
   -0.666398442    2.094395102   21.982602181   53.298871726   12.619576909
   -0.475998887    2.094395102   32.370696565   54.314333230   13.417968541
   -0.285599332    2.094395102   42.194876025   47.567862781   14.455267622
   -0.095199777    2.094395102   50.115377594   34.719738520   15.423599113
    0.095199777    2.094395102   55.223346399   18.591807077   15.783827549
    0.285599332    2.094395102   57.235966382    2.835567755   14.957465350
    0.475998887    2.094395102   56.599330765   -8.582884972   12.586527180
    0.666398442    2.094395102   54.465762729  -12.477374564    8.744589092
    0.856797996    2.094395102   52.429038473   -7.649011541    3.968193962
    1.047197551    2.094395102   52.042884402    4.371868853   -0.899683236
    1.237597106    2.094395102   54.297810088   19.247219859   -5.061078829
    1.427996661    2.094395102   59.199287968   31.212621780   -8.049214826
    1.618396215    2.094395102   65.680079789   35.141908223   -9.883607377
    1.808795770    2.094395102   71.905421085   28.361916316  -10.976142191
    1.999195325    2.094395102   75.840534923   11.484299710  -11.883842379
    2.189594880    2.094395102   75.861754994  -11.967253837  -13.038791756
    2.379994435    2.094395102   71.208369289  -36.663136046  -14.575447006
    2.570393989    2.094395102   62.182456423  -57.008340392  -16.310591183
    2.760793544    2.094395102   50.067781945  -68.509458715  -17.851686858
    2.951193099    2.094395102   36.815061468  -68.804324939  -18.767933590

   -3.141592654    2.443460953   18.235248411  -58.114226539  -13.145563678
   -2.951193099    2.443460953    8.921460013  -39.047425756  -11.738255636
   -2.760793544    2.443460953    3.483802949  -18.404409312   -9.678174604
   -2.570393989    2.443460953    1.651389799   -2.018375643   -7.119412727
   -2.379994435    2.443460953    2.208387153    6.362625295   -4.167464651
   -2.189594880    2.443460953    3.539759988    6.388918450   -0.815982546
   -1.999195325    2.443460953    4.310021498    1.238713926    2.982633358
   -1.808795770    2.443460953    4.014072922   -3.906654022    7.159024383
   -1.618396215    2.443460953    3.140924044   -4.168211618   11.407875697
   -1.427996661    2.443460953    2.904079921    2.888185919   15.238083827
   -1.237597106    2.443460953    4.660837055   16.330442358   18.176913848
   -1.047197551    2.443460953    9.312907428   32.511667461   19.985030915
   -0.856797996    2.443460953   16.939961923   46.814973816   20.723386550
   -0.666398442    2.443460953   26.791059381   55.340034037   20.628098919
   -0.475998887    2.443460953   37.529402298   55.907406568   19.910235251
   -0.285599332    2.443460953   47.579617676   48.227532498   18.612724606
   -0.095199777    2.443460953   55.472261036   33.619060032   16.577348273
    0.095199777    2.443460953   60.134116827   14.880752014   13.544173143
    0.285599332    2.443460953   61.154257436   -3.896371519    9.323250957
    0.475998887    2.443460953   58.972064995  -17.939703142    4.007553647
    0.666398442    2.443460953   54.902622887  -23.171470605   -1.904852056
    0.856797996    2.443460953   50.846594371  -17.825741535   -7.583648030
    1.047197551    2.443460953   48.713644001   -3.557184716  -12.123716737
    1.237597106    2.443460953   49.758377786   14.541331193  -14.921653464
    1.427996661    2.443460953   54.069296051   29.612432872  -15.894836167
    1.618396215    2.443460953   60.463444379   35.615697225  -15.485021542
    1.808795770    2.443460953   66.863407568   29.493360507  -14.424212749
    1.999195325    2.443460953   70.975157314   12.052907862  -13.419936197
    2.189594880    2.443460953   70.994904558  -12.589238434  -12.911590426
    2.379994435    2.443460953   66.107987789  -38.423069154  -12.980683627
    2.570393989    2.443460953   56.680703306  -59.330946325  -13.407763124
    2.760793544    2.443460953   44.134017640  -70.581007506  -13.812968537
    2.951193099    2.443460953   30.570339047  -69.899103325  -13.811459646

   -3.141592654    2.792526803   15.122776065  -56.738060789    1.072907982
   -2.951193099    2.792526803    6.149105250  -36.869322863    3.214854930
   -2.760793544    2.792526803    1.200991760  -15.461080731    5.210989266
   -2.570393989    2.792526803    0.000000000    1.667258408    7.002947829
   -2.379994435    2.792526803    1.336987155   10.895909114    8.717507066
   -2.189594880    2.792526803    3.629071623   11.976783845   10.659173977
   -1.999195325    2.792526803    5.574129285    7.979481929   13.158489446
   -1.808795770    2.792526803    6.653873948    3.712643999   16.346207556
   -1.618396215    2.792526803    7.260625469    3.602802161   19.989072067
   -1.427996661    2.792526803    8.440598288    9.835062898   23.522797504
   -1.237597106    2.792526803   11.372496378   21.614260080   26.272622654
   -1.047197551    2.792526803   16.834907660   35.708325805   27.724675783
   -0.856797996    2.792526803   24.866963825   47.886974969   27.679527264
   -0.666398442    2.792526803   34.729878858   54.405541451   26.207899021
   -0.475998887    2.792526803   45.102948448   52.994812764   23.506295799
   -0.285599332    2.792526803   54.399316836   43.185201710   19.767532468
   -0.095199777    2.792526803   61.111968198   26.244549895   15.118779550
    0.095199777    2.792526803   64.144726003    5.173998508    9.672450828
    0.285599332    2.792526803   63.130125053  -15.426960636    3.625976988
    0.475998887    2.792526803   58.665764629  -30.133267820   -2.615581598
    0.666398442    2.792526803   52.341494659  -34.358436669   -8.417926297
    0.856797996    2.792526803   46.388097583  -26.298995772  -13.041793827
    1.047197551    2.792526803   42.993778968   -8.219847406  -15.889807838
    1.237597106    2.792526803   43.528204461   13.773402478  -16.771444873
    1.427996661    2.792526803   47.996024753   31.818378202  -15.970330196
    1.618396215    2.792526803   54.976139680   39.314551569  -14.107132794
    1.808795770    2.792526803   62.104492445   33.247267539  -11.862427297
    1.999195325    2.792526803   66.855479786   14.916246637   -9.727427149
    2.189594880    2.792526803   67.305901583  -10.923833604   -7.891990167
    2.379994435    2.792526803   62.634379136  -37.752036018   -6.287877973
    2.570393989    2.792526803   53.276905134  -59.174155083   -4.718390844
    2.760793544    2.792526803   40.754854121  -70.394630648   -2.999313654
    2.951193099    2.792526803   27.266113654  -69.249552633   -1.049628581
