#! FIELDS phi psi file.free der_phi der_psi
#! SET min_phi -pi
#! SET max_phi pi
#! SET nbins_phi  33
#! SET periodic_phi true
#! SET min_psi -pi
#! SET max_psi pi
#! SET nbins_psi  18
#! SET periodic_psi true
   -3.141592654   -3.141592654   17.963017031  -53.665764648   17.147913586
   -2.951193099   -3.141592654    9.501479632  -34.595431687   19.480328181
   -2.760793544   -3.141592654    4.911221238  -13.958960857   20.910991935
   -2.570393989   -3.141592654    3.946845816    2.725628730   21.619345033
   -2.379994435   -3.141592654    5.493319416   12.162883062   22.045362712
   -2.189594880   -3.141592654    8.112087837   14.265873375   22.768486492
   -1.999195325   -3.141592654   10.644546328   11.925145421   24.273400214
   -1.808795770   -3.141592654   12.645161099    9.390202425   26.697209977
   -1.618396215   -3.141592654   14.450994559   10.353932414   29.694290251
   -1.427996661   -3.141592654   16.922869826   16.419940975   32.524298985
   -1.237597106   -3.141592654   20.980010291   26.628236032   34.332958027
   -1.047197551   -3.141592654   27.153477452   38.018189402   34.471772520
   -0.856797996   -3.141592654   35.312803645   46.855614367   32.695596426
   -0.666398442   -3.141592654   44.646259926   49.884067222   29.135941312
   -0.475998887   -3.141592654   53.840218240   45.193480495   24.159824737
   -0.285599332   -3.141592654   61.372227147   32.551090776   18.210139456
   -0.095199777   -3.141592654   65.842233011   13.462901610   11.699149123
    0.095199777   -3.141592654   66.312504699   -8.770090591    5.006600892
    0.285599332   -3.141592654   62.636377093  -29.187652721   -1.476276907
    0.475998887   -3.141592654   55.694891086  -42.121234451   -7.276591057
    0.666398442   -3.141592654   47.379880661  -43.058567356  -11.858072450
    0.856797996   -3.141592654   40.165448555  -30.739356692  -14.734679343
    1.047197551   -3.141592654   36.341968996   -8.352591654  -15.663442454
    1.237597106   -3.141592654   37.197427446   17.082749287  -14.793157490
    1.427996661   -3.141592654   42.513397334   37.182247649  -12.618322228
    1.618396215   -3.141592654   50.600379300   45.394623138   -9.758743490
    1.808795770   -3.141592654   58.879626935   39.164663697   -6.693622713
    1.999195325   -3.141592654   64.711543229   20.339428015   -3.614582048
    2.189594880   -3.141592654   66.148650294   -5.959807203   -0.461000256
    2.379994435   -3.141592654   62.389883358  -33.102996676    2.913429282
    2.570393989   -3.141592654   53.895430328  -54.758837389    6.564196200
    2.760793544   -3.141592654   42.190931244  -66.250992791   10.361709612
    2.951193099   -3.141592654   29.455115096  -65.537561181   14.011088466

   -3.141592654   -2.792526803   25.501704751  -49.459126477   25.443862004
   -2.951193099   -2.792526803   17.651804570  -32.392753472   27.505720930
   -2.760793544   -2.792526803   13.306985330  -13.498641093   28.314302653
   -2.570393989   -2.792526803   12.322159278    2.212457139   28.202440595
   -2.379994435   -2.792526803   13.764848237   11.781302885   27.764365597
   -2.189594880   -2.792526803   16.413390093   15.121635740   27.669418345
   -1.999195325   -2.792526803   19.285271729   14.689097761   28.403965967
   -1.808795770   -2.792526803   21.991493981   13.943277964   30.035660942
   -1.618396215   -2.792526803   24.761274014   15.700717997   32.125452763
   -1.427996661   -2.792526803   28.201597024   20.964083517   33.853992658
   -1.237597106   -2.792526803   32.911807025   28.700138094   34.327807874
   -1.047197551   -2.792526803   39.141890731   36.414971582   32.909942162
   -0.856797996   -2.792526803   46.603453550   41.132938480   29.430176647
   -0.666398442   -2.792526803   54.475298222   40.373522929   24.166886549
   -0.475998887   -2.792526803   61.566271145   32.814712197   17.693787716
   -0.285599332   -2.792526803   66.564759251   18.547556098   10.681715995
   -0.095199777   -2.792526803   68.320118570   -0.817866424    3.737416340
    0.095199777   -2.792526803   66.147621191  -22.041373200   -2.652701253
    0.285599332   -2.792526803   60.132593886  -40.299043025   -8.110567319
    0.475998887   -2.792526803   51.357684766  -50.128616544  -12.309104977
    0.666398442   -2.792526803   41.866803290  -47.325838063  -14.969667183
    0.856797996   -2.792526803   34.210739563  -31.122803652  -15.913022860
    1.047197551   -2.792526803   30.648028373   -5.346170146  -15.170923622
    1.237597106   -2.792526803   32.317611003   22.436037445  -13.048600149
    1.427996661   -2.792526803   38.777191674   43.656676181  -10.045652275
    1.618396215   -2.792526803   48.123013823   52.037894557   -6.649168113
    1.808795770   -2.792526803   57.647319452   45.594079594   -3.140973245
    1.999195325   -2.792526803   64.691841160   26.702668263    0.469877172
    2.189594880   -2.792526803   67.363668819    0.699196726    4.345308749
    2.379994435   -2.792526803   64.918691946  -25.964057333    8.622811942
    2.570393989   -2.792526803   57.815818799  -47.359046246   13.247140217
    2.760793544   -2.792526803   47.500611762  -59.190518052   17.912326803
    2.951193099   -2.792526803   36.017243608  -59.584187678   22.141026897

   -3.141592654   -2.443460953   34.186642864  -45.072249061   22.972526659
   -2.951193099   -2.443460953   26.956462323  -30.275801807   24.560782832
   -2.760793544   -2.443460953   22.819093774  -13.338100882   25.111221976
   -2.570393989   -2.443460953   21.740896638    1.241463400   24.947893135
   -2.379994435   -2.443460953   22.976660101   10.761621888   24.557045695
   -2.189594880   -2.443460953   25.505202181   15.007903873   24.414973418
   -1.999195325   -2.443460953   28.480224792   15.893628200   24.793992633
   -1.808795770   -2.443460953   31.517394169   16.086143816   25.608393136
   -1.618396215   -2.443460953   34.699537558   17.661974058   26.395842369
   -1.427996661   -2.443460953   38.378426472   21.271330181   26.461080434
   -1.237597106   -2.443460953   42.883639366   26.081236907   25.150117543
   -1.047197551   -2.443460953   48.281125409   30.276455658   22.115302139
   -0.856797996   -2.443460953   54.251788628   31.734268335   17.458970033
   -0.666398442   -2.443460953   60.097108182   28.702737229   11.664427351
   -0.475998887   -2.443460953   64.857519018   20.262219161    5.411342650
   -0.285599332   -2.443460953   67.494295719    6.521068506   -0.634447531
   -0.095199777   -2.443460953   67.102778580  -11.178868688   -5.973040655
    0.095199777   -2.443460953   63.176413610  -30.013075007  -10.310237152
    0.285599332   -2.443460953   55.898292115  -45.558956871  -13.517961383
    0.475998887   -2.443460953   46.383483962  -52.650671193  -15.552884623
    0.666398442   -2.443460953   36.661093226  -47.268325934  -16.407111376
    0.856797996   -2.443460953   29.235504872  -28.818739916  -16.092677952
    1.047197551   -2.443460953   26.282990791   -1.328134693  -14.692924884
    1.237597106   -2.443460953   28.826158894   27.483793063  -12.405926960
    1.427996661   -2.443460953   36.292705860   49.102139889   -9.524094167
    1.618396215   -2.443460953   46.681723632   57.526078646   -6.324203033
    1.808795770   -2.443460953   57.255561865   51.168366731   -2.964357507
    1.999195325   -2.443460953   65.395955064   32.701408093    0.553157548
    2.189594880   -2.443460953   69.280523629    7.472185367    4.314803507
    2.379994435   -2.443460953   68.207010350  -18.363997921    8.364065939
    2.570393989   -2.443460953   62.602337359  -39.333224260   12.590373758
    2.760793544   -2.443460953   53.796350058  -51.523026612   16.698845560
    2.951193099   -2.443460953   43.666569373  -53.193436840   20.284944135

   -3.141592654   -2.094395102   40.372238383  -41.844158949   13.913362450
   -2.951193099   -2.094395102   33.618472552  -28.488069453   14.988156865
   -2.760793544   -2.094395102   29.704156610  -12.714370687   15.518244518
   -2.570393989   -2.094395102   28.673746593    1.219300821   15.669155212
   -2.379994435   -2.094395102   29.889798591   10.662489432   15.625780060
   -2.189594880   -2.094395102   32.424064518   15.199842451   15.502252095
   -1.999195325   -2.094395102   35.461882714   16.306686450   15.274657074
   -1.808795770   -2.094395102   38.555003359   16.125402436   14.754237673
   -1.618396215   -2.094395102   41.632094529   16.344474971   13.642535365
   -1.427996661   -2.094395102   44.849739724   17.609918726   11.646601768
   -1.237597106   -2.094395102   48.386131576   19.541890940    8.626635456
   -1.047197551   -2.094395102   52.275663447   21.098671784    4.687763857
   -0.856797996   -2.094395102   56.321838132   20.920962299    0.183697251
   -0.666398442   -2.094395102   60.065434059   17.695966285   -4.400837967
   -0.475998887   -2.094395102   62.825410597   10.474111466   -8.592994612
   -0.285599332   -2.094395102   63.796015824   -1.069904814  -12.048339903
   -0.095199777   -2.094395102   62.202408557  -16.200737460  -14.609646168
    0.095199777   -2.094395102   57.553940029  -32.633675996  -16.294424578
    0.285599332   -2.094395102   49.966646618  -46.267804545  -17.231328396
    0.475998887   -2.094395102   40.455427538  -51.980595851  -17.575105095
    0.666398442   -2.094395102   30.961007077  -45.580972685  -17.430773843
    0.856797996   -2.094395102   23.939113811  -26.267826490  -16.800213459
    1.047197551   -2.094395102   21.549398388    2.039084638  -15.616723394
    1.237597106   -2.094395102   24.805608370   31.587639793  -13.821238507
    1.427996661   -2.094395102   33.112733641   53.793909239  -11.446820931
    1.618396215   -2.094395102   44.437669442   62.635040454   -8.617543884
    1.808795770   -2.094395102   56.015549010   56.589936255   -5.506613541
    1.999195325   -2.094395102   65.217970122   38.430037608   -2.269680344
    2.189594880   -2.094395102   70.225062789   13.520570957    0.985178610
    2.379994435   -2.094395102   70.327834074  -12.095856685    4.176651594
    2.570393989   -2.094395102   65.916248476  -33.142030042    7.207711443
    2.760793544   -2.094395102   58.246297622  -45.873612907    9.941140510
    2.951193099   -2.094395102   49.101522660  -48.580625328   12.218726107

   -3.141592654   -1.745329252   43.117203218  -39.927250736    4.776549867
   -2.951193099   -1.745329252   36.661904112  -27.272801445    5.316402484
   -2.760793544   -1.745329252   32.916343303  -12.148561189    5.715497046
   -2.570393989   -1.745329252   31.937708003    1.206947988    5.950495527
   -2.379994435   -1.745329252   33.097525128   10.071215000    5.918855930
   -2.189594880   -1.745329252   35.453091017   13.871371424    5.443324301
   -1.999195325   -1.745329252   38.141723678   13.900046296    4.320434516
   -1.808795770   -1.745329252   40.640434202   12.227750883    2.391695165
   -1.618396215   -1.745329252   42.808882052   10.678835568   -0.374975399
   -1.427996661   -1.745329252   44.783161764   10.273142465   -3.840951347
   -1.237597106   -1.745329252   46.805891820   11.118286155   -7.694513509
   -1.047197551   -1.745329252   49.063674652   12.577652047  -11.511532288
   -0.856797996   -1.745329252   51.568233912   13.433359314  -14.846099406
   -0.666398442   -1.745329252   54.061725983   12.176350180  -17.350035398
   -0.475998887   -1.745329252   56.000099042    7.403831221  -18.848896561
   -0.285599332   -1.745329252   56.617569474   -1.757993259  -19.369408321
   -0.095199777   -1.745329252   55.080812232  -15.032716829  -19.114674898
    0.095199777   -1.745329252   50.769902592  -30.391238314  -18.401397834
    0.285599332   -1.745329252   43.646251851  -43.753315684  -17.566338970
    0.475998887   -1.745329252   34.590902078  -49.772966016  -16.867482839
    0.666398442   -1.745329252   25.470088008  -43.856280344  -16.397913006
    0.856797996   -1.745329252   18.746540082  -24.790803127  -16.029568715
    1.047197551   -1.745329252   16.652448888    3.758546067  -15.473863428
    1.237597106   -1.745329252   20.298323587   34.014274284  -14.412062901
    1.427996661   -1.745329252   29.156701001   57.157148415  -12.669821753
    1.618396215   -1.745329252   41.207140820   66.841512155  -10.292499621
    1.808795770   -1.745329252   53.642393748   61.313828322   -7.525061890
    1.999195325   -1.745329252   63.763535878   43.284396236   -4.699957843
    2.189594880   -1.745329252   69.682269804   18.190202021   -2.108740816
    2.379994435   -1.745329252   70.640746770   -7.808562589    0.072986702
    2.570393989   -1.745329252   67.000730643  -29.342840390    1.794746614
    2.760793544   -1.745329252   60.002022696  -42.636801396    3.096761624
    2.951193099   -1.745329252   51.414977257  -45.973710634    4.061110723

   -3.141592654   -1.396263402   41.632465189  -40.509710642    2.206378806
   -2.951193099   -1.396263402   35.095770974  -27.524374853    2.139115812
   -2.760793544   -1.396263402   31.340911919  -12.016272667    1.974477728
   -2.570393989   -1.396263402   30.408415375    1.494628773    1.631532226
   -2.379994435   -1.396263402   31.598936839    9.996594169    0.914374503
   -2.189594880   -1.396263402   33.850538460   12.730056904   -0.450360694
   -1.999195325   -1.396263402   36.164723333   11.012856474   -2.710365392
   -1.808795770   -1.396263402   37.915145633    7.240862891   -5.947814525
   -1.618396215   -1.396263402   38.945437955    3.800928697   -9.970090393
   -1.427996661   -1.396263402   39.493281320    2.356872624  -14.307029159
   -1.237597106   -1.396263402   40.013054811    3.487588249  -18.324560294
   -1.047197551   -1.396263402   40.959010242    6.655371158  -21.410788498
   -0.856797996   -1.396263402   42.589922526   10.309886432  -23.142226032
   -0.666398442   -1.396263402   44.796054684   12.287289741  -23.386941987
   -0.475998887   -1.396263402   47.043526440   10.424239271  -22.300852687
   -0.285599332   -1.396263402   48.441507359    3.222280532  -20.262787553
   -0.095199777   -1.396263402   47.938021899   -9.390327434  -17.772072534
    0.095199777   -1.396263402   44.658565514  -25.403157232  -15.332175917
    0.285599332   -1.396263402   38.336812409  -40.444627335  -13.338264422
    0.475998887   -1.396263402   29.710043167  -48.599180736  -11.993925295
    0.666398442   -1.396263402   20.626853046  -44.526201714  -11.273719189
    0.856797996   -1.396263402   13.673464120  -26.339930564  -10.928141945
    1.047197551   -1.396263402   11.304239756    2.629043599  -10.591658204
    1.237597106   -1.396263402   14.867425787   34.398290594   -9.910757998
    1.427996661   -1.396263402   23.987227472   59.513560503   -8.695209484
    1.618396215   -1.396263402   36.654931487   70.844312429   -6.966209070
    1.808795770   -1.396263402   49.941454232   66.066355749   -4.926496583
    1.999195325   -1.396263402   60.955910922   47.743942812   -2.862856350
    2.189594880   -1.396263402   67.630148963   21.563318799   -1.036534301
    2.379994435   -1.396263402   69.097462448   -5.857995131    0.386666330
    2.570393989   -1.396263402   65.700030015  -28.695360759    1.354756811
    2.760793544   -1.396263402   58.731382120  -42.885468492    1.912738655
    2.951193099   -1.396263402   50.052151209  -46.609412074    2.159254226

   -3.141592654   -1.047197551   39.071553954  -42.020508406    3.391140079
   -2.951193099   -1.047197551   32.290765602  -28.576036142    2.075815710
   -2.760793544   -1.047197551   28.372549206  -12.733124679    0.551689938
   -2.570393989   -1.047197551   27.301410566    0.650009294   -1.128101637
   -2.379994435   -1.047197551   28.264766842    8.328418073   -3.051286162
   -2.189594880   -1.047197551   30.063381692    9.539669737   -5.439716670
   -1.999195325   -1.047197551   31.591596015    5.931084474   -8.524383372
   -1.808795770   -1.047197551   32.208639319    0.521493883  -12.348653923
   -1.618396215   -1.047197551   31.874125852   -3.606434952  -16.618585616
   -1.427996661   -1.047197551   31.057554624   -4.315724052  -20.717394543
   -1.237597106   -1.047197551   30.493682181   -1.008123144  -23.895181147
   -1.047197551   -1.047197551   30.874115019    5.320058984  -25.536017355
   -0.856797996   -1.047197551   32.578473137   12.386296013  -25.362326734
   -0.666398442   -1.047197551   35.470803471   17.275802136  -23.504229137
   -0.475998887   -1.047197551   38.864513878   17.267162432  -20.423149088
   -0.285599332   -1.047197551   41.637556499   10.593794010  -16.763840907
   -0.095199777   -1.047197551   42.485118887   -2.770672795  -13.173029010
    0.095199777   -1.047197551   40.313853667  -20.508188252  -10.137685945
    0.285599332   -1.047197551   34.717178357  -37.753273363   -7.883391010
    0.475998887   -1.047197551   26.397587436  -48.005405022   -6.370228826
    0.666398442   -1.047197551   17.276967551  -45.374958948   -5.379524620
    0.856797996   -1.047197551   10.102865439  -27.650036918   -4.619406385
    1.047197551   -1.047197551    7.522536525    1.860328226   -3.848463472
    1.237597106   -1.047197551   11.049226295   34.840896413   -2.911816417
    1.427996661   -1.047197551   20.385782714   61.310562914   -1.767538352
    1.618396215   -1.047197551   33.497687049   73.601766495   -0.450411066
    1.808795770   -1.047197551   47.344643586   69.052888679    0.953243962
    1.999195325   -1.047197551   58.887853272   50.189875848    2.325882490
    2.189594880   -1.047197551   65.930593029   22.923672446    3.533298023
    2.379994435   -1.047197551   67.536431611   -5.763191461    4.438449172
    2.570393989   -1.047197551   64.048888107  -29.679047015    4.920638794
    2.760793544   -1.047197551   56.822602563  -44.522758000    4.903508522
    2.951193099   -1.047197551   47.809915054  -48.390667660    4.373160269

   -3.141592654   -0.698131701   38.647994402  -45.932367961    3.574745428
   -2.951193099   -0.698131701   31.091441163  -32.743713086    1.428082367
   -2.760793544   -0.698131701   26.383307964  -16.827547133   -0.949634639
   -2.570393989   -0.698131701   24.544468295   -3.343724917   -3.445142919
   -2.379994435   -0.698131701   24.733300221    4.110124209   -6.084876008
   -2.189594880   -0.698131701   25.668847737    4.617703469   -9.033596614
   -1.999195325   -0.698131701   26.169959850    0.068331872  -12.451762664
   -1.808795770   -0.698131701   25.604737627   -5.909688039  -16.270240175
   -1.618396215   -0.698131701   24.069953546   -9.561709605  -20.046783467
   -1.427996661   -0.698131701   22.274414032   -8.412254846  -23.041110041
   -1.237597106   -0.698131701   21.203466785   -2.088226286  -24.501990502
   -1.047197551   -0.698131701   21.707690238    7.707031847  -23.997283030
   -0.856797996   -0.698131701   24.170767911   17.829926483  -21.603667059
   -0.666398442   -0.698131701   28.306491627   24.663145020  -17.861750649
   -0.475998887   -0.698131701   33.176121406   25.126044767  -13.557410076
   -0.285599332   -0.698131701   37.375708088   17.500972213   -9.455741839
   -0.095199777   -0.698131701   39.364146221    2.183440117   -6.067562041
    0.095199777   -0.698131701   37.918211762  -17.838357643   -3.524166032
    0.285599332   -0.698131701   32.637120074  -36.993017056   -1.603104970
    0.475998887   -0.698131701   24.348710891  -48.279440712    0.089452620
    0.666398442   -0.698131701   15.160111087  -45.665925120    1.864211387
    0.856797996   -0.698131701    7.994869339  -27.193499392    3.779844165
    1.047197551   -0.698131701    5.603352044    3.390335610    5.624435134
    1.237597106   -0.698131701    9.517192494   37.316234203    7.099783909
    1.427996661   -0.698131701   19.385641846   64.336276634    8.007718953
    1.618396215   -0.698131701   33.089796659   76.717146431    8.363336677
    1.808795770   -0.698131701   47.506568768   71.861406357    8.351958620
    1.999195325   -0.698131701   59.530558903   52.386773402    8.193202981
    2.189594880   -0.698131701   66.913301480   24.262523229    8.011400176
    2.379994435   -0.698131701   68.675265986   -5.493540331    7.783130928
    2.570393989   -0.698131701   65.125235197  -30.618941737    7.367537325
    2.760793544   -0.698131701   57.601923024  -46.691666847    6.590998833
    2.951193099   -0.698131701   48.071873560  -51.608271014    5.329839063

   -3.141592654   -0.349065850   39.416353424  -50.554077242    3.200129383
   -2.951193099   -0.349065850   30.928393824  -37.824086878    0.266350751
   -2.760793544   -0.349065850   25.240546033  -21.977705188   -2.833249830
   -2.570393989   -0.349065850   22.429616676   -8.401695735   -5.904373102
   -2.379994435   -0.349065850   21.652522147   -1.027466970   -8.902542777
   -2.189594880   -0.349065850   21.575312832   -0.929796842  -11.934904956
   -1.999195325   -0.349065850   20.971165526   -5.956688312  -15.097681795
   -1.808795770   -0.349065850   19.253713176  -11.822772790  -18.237370895
   -1.618396215   -0.349065850   16.699936256  -14.098974549  -20.831192795
   -1.427996661   -0.349065850   14.289474905  -10.108184012  -22.127634344
   -1.237597106   -0.349065850   13.247574825   -0.003316485  -21.511541245
   -1.047197551   -0.349065850   14.508461975   13.453940477  -18.857158549
   -0.856797996   -0.349065850   18.326741956   26.045428740  -14.657983920
   -0.666398442   -0.349065850   24.119135521   33.528286524   -9.832767153
   -0.475998887   -0.349065850   30.593523757   32.852563864   -5.359692457
   -0.285599332   -0.349065850   36.057504115   22.930446281   -1.920342008
   -0.095199777   -0.349065850   38.838643263    5.128968742    0.322451183
    0.095199777   -0.349065850   37.772056208  -16.607970314    1.731977981
    0.285599332   -0.349065850   32.665724229  -36.153081208    2.996209077
    0.475998887   -0.349065850   24.602888149  -46.597027191    4.769098663
    0.666398442   -0.349065850   15.866593756  -42.593869143    7.319666358
    0.856797996   -0.349065850    9.397497459  -23.106201239   10.380584724
    1.047197551   -0.349065850    7.806427506    7.514547414   13.277752868
    1.237597106   -0.349065850   12.426478963   40.464493095   15.312768825
    1.427996661   -0.349065850   22.755142705   65.987185763   16.099562795
    1.618396215   -0.349065850   36.635931534   76.984055890   15.710159202
    1.808795770   -0.349065850   51.011167820   71.258819980   14.557065473
    1.999195325   -0.349065850   62.880193942   51.434443466   13.133282224
    2.189594880   -0.349065850   70.069233765   23.192350613   11.771578655
    2.379994435   -0.349065850   71.609049125   -6.801426114   10.540862874
    2.570393989   -0.349065850   67.761849585  -32.495163855    9.284443370
    2.760793544   -0.349065850   59.800245572  -49.465432096    7.750867785
    2.951193099   -0.349065850   49.645592837  -55.389257132    5.737057130

   -3.141592654    0.000000000   40.302656594  -55.638631697    1.591559922
   -2.951193099    0.000000000   30.802719176  -43.283898970   -1.167480144
   -2.760793544    0.000000000   24.070956919  -27.415113758   -3.885550201
   -2.570393989    0.000000000   20.246235060  -13.594112062   -6.447033549
   -2.379994435    0.000000000   18.501031807   -6.026018702   -8.871453186
   -2.189594880    0.000000000   17.477416245   -5.881810738  -11.275192314
   -1.999195325    0.000000000   15.941895827  -10.714970521  -13.695272980
   -1.808795770    0.000000000   13.391036714  -15.638013081  -15.885877848
   -1.618396215    0.000000000   10.297122364  -15.729413574  -17.272940669
   -1.427996661    0.000000000    7.879755131   -8.404036146  -17.170349844
   -1.237597106    0.000000000    7.514074612    5.357580100  -15.174145362
   -1.047197551    0.000000000   10.082691510   21.581161091  -11.467890507
   -0.856797996    0.000000000   15.569804835   35.093191336   -6.838913993
   -0.666398442    0.000000000   23.005465932   41.423261772   -2.343758478
   -0.475998887    0.000000000   30.747652905   38.103512159    1.141882985
   -0.285599332    0.000000000   36.921328677   25.170689389    3.272768400
   -0.095199777    0.000000000   39.901077941    5.195822355    4.351143760
    0.095199777    0.000000000   38.770075015  -17.037777316    5.163698856
    0.285599332    0.000000000   33.680682120  -35.282378545    6.624144648
    0.475998887    0.000000000   26.005107229  -43.316148420    9.325460335
    0.666398442    0.000000000   18.125289834  -37.016770998   13.215912657
    0.856797996    0.000000000   12.842600854  -16.530123311   17.564088547
    1.047197551    0.000000000   12.456175602   13.284723479   21.268012045
    1.237597106    0.000000000   17.975677298   43.968092584   23.380776681
    1.427996661    0.000000000   28.705987619   66.711382486   23.508056819
    1.618396215    0.000000000   42.491310046   75.404058628   21.901879171
    1.808795770    0.000000000   56.425256448   68.392592141   19.238447939
    1.999195325    0.000000000   67.705368999   48.253428105   16.256397528
    2.189594880    0.000000000   74.304171649   20.217153499   13.461102682
    2.379994435    0.000000000   75.300065873   -9.580839328   11.016844283
    2.570393989    0.000000000   70.915202863  -35.441800133    8.810506994
    2.760793544    0.000000000   62.342013722  -53.009469263    6.608790678
    2.951193099    0.000000000   51.435650011  -59.748245276    4.217363336

   -3.141592654    0.349065850   41.964432517  -59.399337246    0.652572538
   -2.951193099    0.349065850   31.713377241  -47.359387241   -1.162033242
   -2.760793544    0.349065850   24.190608969  -31.601536705   -2.782722135
   -2.570393989    0.349065850   19.569550040  -17.753235744   -4.227124998
   -2.379994435    0.349065850   17.035903188  -10.145968019   -5.600434955
   -2.189594880    0.349065850   15.232423430   -9.925161183   -7.029588084
   -1.999195325    0.349065850   12.958047371  -14.331274203   -8.513210962
   -1.808795770    0.349065850    9.820593646  -18.011057442   -9.790158003
   -1.618396215    0.349065850    6.477828776  -15.796633838  -10.361952759
   -1.427996661    0.349065850    4.330382304   -5.442751424   -9.719634295
   -1.237597106    0.349065850    4.808643699   11.135705943   -7.673224879
   -1.047197551    0.349065850    8.649660556   28.871256420   -4.548239671
   -0.856797996    0.349065850   15.517499275   41.977746841   -1.105580839
   -0.666398442    0.349065850   24.085023660   46.211203638    1.830883141
   -0.475998887    0.349065850   32.472710926   40.077872033    3.772816520
   -0.285599332    0.349065850   38.790221985   24.899847398    4.798025314
   -0.095199777    0.349065850   41.627867076    4.297166826    5.517622814
    0.095199777    0.349065850   40.427857378  -16.534873455    6.792152333
    0.285599332    0.349065850   35.701176980  -31.795475913    9.343362474
    0.475998887    0.349065850   29.017089236  -36.452071290   13.377455989
    0.666398442    0.349065850   22.689445631  -27.884609280   18.409809662
    0.856797996    0.349065850   19.190072036   -7.371353156   23.374936356
    1.047197551    0.349065850   20.354868505   20.052044738   27.032719065
    1.237597106    0.349065850   26.797693787   46.750504363   28.490385948
    1.427996661    0.349065850   37.649598378   65.299312941   27.538476764
    1.618396215    0.349065850   50.842325046   70.846716699   24.649964129
    1.808795770    0.349065850   63.739178553   62.347822660   20.690500843
    1.999195325    0.349065850   73.850934508   42.241349217   16.529967623
    2.189594880    0.349065850   79.384902488   15.131454852   12.755824075
    2.379994435    0.349065850   79.519656877  -13.569650621    9.588271242
    2.570393989    0.349065850   74.454116984  -38.694667604    6.964324436
    2.760793544    0.349065850   65.287339054  -56.087832663    4.695395091
    2.951193099    0.349065850   53.774300477  -63.087365278    2.612921222

   -3.141592654    0.698131701   43.490208102  -62.005527548   -0.537292828
   -2.951193099    0.698131701   32.732991343  -50.032021748   -1.093062479
   -2.760793544    0.698131701   24.702610942  -34.226155830   -1.378820574
   -2.570393989    0.698131701   19.593604304  -20.234656518   -1.544687545
   -2.379994435    0.698131701   16.602612431  -12.462792942   -1.754921893
   -2.189594880    0.698131701   14.374775843  -12.045391426   -2.129118532
   -1.999195325    0.698131701   11.729275290  -16.050826265   -2.661555283
   -1.808795770    0.698131701    8.336146736  -18.886040997   -3.180122388
   -1.618396215    0.698131701    4.949208535  -15.310232834   -3.398064400
   -1.427996661    0.698131701    3.045742399   -3.373597766   -3.060638804
   -1.237597106    0.698131701    4.043218587   14.401526431   -2.114271748
   -1.047197551    0.698131701    8.547072214   32.369929922   -0.767386809
   -0.856797996    0.698131701   16.014490243   44.618495066    0.610912890
   -0.666398442    0.698131701   24.947854013   47.380323512    1.741074669
   -0.475998887    0.698131701   33.432209985   40.043202961    2.630302206
   -0.285599332    0.698131701   39.713820174   24.798841041    3.620699602
   -0.095199777    0.698131701   42.649717167    5.691229058    5.264419212
    0.095199777    0.698131701   41.969338259  -12.299062084    8.060767283
    0.285599332    0.698131701   38.367629646  -24.234920956   12.195812946
    0.475998887    0.698131701   33.389966877  -26.320073460   17.349825288
    0.666398442    0.698131701   29.090770254  -17.104668316   22.703075167
    0.856797996    0.698131701   27.510184465    1.583531878   27.138549233
    1.047197551    0.698131701   30.033754413   25.099199918   29.633220336
    1.237597106    0.698131701   36.981198359   46.981662217   29.645287030
    1.427996661    0.698131701   47.448071017   61.224053873   27.298814212
    1.618396215    0.698131701   59.573630687   64.024913035   23.271184460
    1.808795770    0.698131701   71.059776287   54.651241681   18.481170276
    1.999195325    0.698131701   79.746789291   35.167579304   13.753703939
    2.189594880    0.698131701   84.060460811    9.449335968    9.614938192
    2.379994435    0.698131701   83.256100446  -17.792703217    6.267679649
    2.570393989    0.698131701   77.496522892  -41.851688850    3.691507533
    2.760793544    0.698131701   67.787233547  -58.715259516    1.771692233
    2.951193099    0.698131701   55.788341990  -65.607395326    0.390947417

   -3.141592654    1.047197551   41.795784595  -62.666302332   -3.915567464
   -2.951193099    1.047197551   31.013340770  -49.652390356   -3.023579753
   -2.760793544    1.047197551   23.130595842  -33.108257484   -1.836008613
   -2.570393989    1.047197551   18.271326101  -18.796809864   -0.669603505
   -2.379994435    1.047197551   15.551003216  -11.114680438    0.254552955
   -2.189594880    1.047197551   13.547632414  -11.061074553    0.848698837
   -1.999195325    1.047197551   11.048066831  -15.493435095    1.136949267
   -1.808795770    1.047197551    7.728940899  -18.637492788    1.195393485
   -1.618396215    1.047197551    4.374523713  -15.194739789    1.094944972
   -1.427996661    1.047197551    2.488600713   -3.308399412    0.878559995
   -1.237597106    1.047197551    3.489012240   14.338429207    0.576235388
   -1.047197551    1.047197551    7.958144811   32.038207500    0.249876165
   -0.856797996    1.047197551   15.337396320   44.054593549    0.038101669
   -0.666398442    1.047197551   24.171008157   47.002040209    0.202285883
   -0.475998887    1.047197551   32.663801604   40.664161604    1.095068654
   -0.285599332    1.047197551   39.236926421   27.395231402    3.070427307
   -0.095199777    1.047197551   42.916128685   10.977457578    6.357562824
    0.095199777    1.047197551   43.509959918   -4.259393118   10.916383513
    0.285599332    1.047197551   41.643529225  -14.262660405   16.353504949
    0.475998887    1.047197551   38.624146171  -16.038346856   21.916102724
    0.666398442    1.047197551   36.150090094   -8.556080737   26.633755182
    0.856797996    1.047197551   35.883689634    6.592287094   29.551646580
    1.047197551    1.047197551   38.939908492   25.618725284   30.048379494
    1.237597106    1.047197551   45.566449137   43.226046561   28.046265993
    1.427996661    1.047197551   54.999436853   54.376261841   24.032925843
    1.618396215    1.047197551   65.654803421   55.697489569   18.841482039
    1.808795770    1.047197551   75.532510535   46.280275898   13.345516460
    1.999195325    1.047197551   82.697618308   27.649174536    8.215041221
    2.189594880    1.047197551   85.691233889    3.118415330    3.835490482
    2.379994435    1.047197551   83.796105779  -22.935933401    0.370018089
    2.570393989    1.047197551   77.163072729  -45.892581351   -2.127006041
    2.760793544    1.047197551   66.786657496  -61.671335150   -3.640878901
    2.951193099    1.047197551   54.331040405  -67.427576974   -4.198539953

   -3.141592654    1.396263402   37.310700897  -61.313384748   -9.520262124
   -2.951193099    1.396263402   26.943128334  -46.739893393   -8.217901742
   -2.760793544    1.396263402   19.706118792  -29.364394204   -6.470834336
   -2.570393989    1.396263402   15.579122918  -14.955930004   -4.596369247
   -2.379994435    1.396263402   13.554617597   -7.713655653   -2.802224649
   -2.189594880    1.396263402   12.131827602   -8.396408031   -1.164205935
   -1.999195325    1.396263402   10.056869183  -13.720020391    0.298219001
   -1.808795770    1.396263402    6.980329764  -17.888743115    1.517281766
   -1.618396215    1.396263402    3.662344514  -15.579552035    2.335616711
   -1.427996661    1.396263402    1.597419797   -4.784274453    2.585597757
   -1.237597106    1.396263402    2.239290198   12.129342263    2.240417769
   -1.047197551    1.396263402    6.274757462   29.827270996    1.527752238
   -0.856797996    1.396263402   13.311906695   42.846790706    0.916091719
   -0.666398442    1.396263402   22.094352770   47.829942184    0.990743629
   -0.475998887    1.396263402   31.002831990   44.287160069    2.252246030
   -0.285599332    1.396263402   38.554714569   34.035119994    4.944123408
   -0.095199777    1.396263402   43.751975974   20.138896794    8.958129851
    0.095199777    1.396263402   46.239615494    6.217895152   13.815806270
    0.285599332    1.396263402   46.359665081   -4.192714209   18.742783438
    0.475998887    1.396263402   45.070388044   -8.218934740   22.826393836
    0.666398442    1.396263402   43.747140535   -4.473282035   25.250862117
    0.856797996    1.396263402   43.841364584    6.276899747   25.505706631
    1.047197551    1.396263402   46.438442167   21.243551556   23.554122956
    1.237597106    1.396263402   51.933527335   35.954284252   19.811893802
    1.427996661    1.396263402   59.823912050   45.684469605   14.998865873
    1.618396215    1.396263402   68.793008749   46.839806166    9.866317298
    1.808795770    1.396263402   77.030747686   37.979323077    4.983059824
    1.999195325    1.396263402   82.689471607   20.136764580    0.650464261
    2.189594880    1.396263402   84.329502408   -3.581140540   -3.032834750
    2.379994435    1.396263402   81.244315212  -28.694490999   -6.035164802
    2.570393989    1.396263402   73.629798676  -50.364818737   -8.286046114
    2.760793544    1.396263402   62.560071179  -64.396687496   -9.663132595
    2.951193099    1.396263402   49.777642658  -68.092790804  -10.066166886

   -3.141592654    1.745329252   31.394257220  -59.453105325  -15.943479814
   -2.951193099    1.745329252   21.539016433  -43.321405960  -14.824174877
   -2.760793544    1.745329252   15.044216814  -25.115056203  -12.970480652
   -2.570393989    1.745329252   11.749271024  -10.565479704  -10.632787137
   -2.379994435    1.745329252   10.536289617   -3.634254343   -7.998387355
   -2.189594880    1.745329252    9.840962442   -4.868987400   -5.158408316
   -1.999195325    1.745329252    8.369441153  -10.956156391   -2.188222502
   -1.808795770    1.745329252    5.721462418  -16.221836068    0.733979054
   -1.618396215    1.745329252    2.587880747  -15.364370566    3.286855636
   -1.427996661    1.745329252    0.417712144   -6.080520181    5.122352624
   -1.237597106    1.745329252    0.708480178    9.873200799    6.078905517
   -1.047197551    1.745329252    4.314676086   27.795589274    6.334680834
   -0.856797996    1.745329252   11.103208662   42.501624758    6.378862422
   -0.666398442    1.745329252   20.080007146   50.363024220    6.817611614
   -0.475998887    1.745329252   29.788781720   50.156726780    8.110170673
   -0.285599332    1.745329252   38.745611684   42.766382460   10.375934503
   -0.095199777    1.745329252   45.777584945   30.403274881   13.329834020
    0.095199777    1.745329252   50.219065990   16.138018076   16.344170614
    0.285599332    1.745329252   52.038372383    3.420445779   18.615311986
    0.475998887    1.745329252   51.850969833   -4.445706197   19.415774985
    0.666398442    1.745329252   50.817393064   -5.224584705   18.357016562
    0.856797996    1.745329252   50.358492817    1.375814174   15.520227580
    1.047197551    1.745329252   51.721583418   13.434278561   11.443255178
    1.237597106    1.745329252   55.583695112   26.878754195    6.879367433
    1.427996661    1.745329252   61.743277574   36.766384446    2.527715923
    1.618396215    1.745329252   69.099101891   38.880403088   -1.213752755
    1.808795770    1.745329252   75.927390180   31.104550279   -4.304115319
    1.999195325    1.745329252   80.359965632   14.076640879   -6.945425811
    2.189594880    1.745329252   80.900714981   -9.084571961   -9.377204752
    2.379994435    1.745329252   76.821679649  -33.579613875  -11.694312567
    2.570393989    1.745329252   68.366628573  -54.206171852  -13.778440570
    2.760793544    1.745329252   56.710715703  -66.604740357  -15.355029464
    2.951193099    1.745329252   43.697155915  -68.262574947  -16.131092802

   -3.141592654    2.094395102   24.544650751  -58.837909173  -18.427330464
   -2.951193099    2.094395102   14.972339946  -41.013355309  -17.357213638
   -2.760793544    2.094395102    9.051853043  -21.471363108  -15.451965756
   -2.570393989    2.094395102    6.544090614   -6.013913904  -12.900032751
   -2.379994435    2.094395102    6.258662916    1.514188743   -9.859639169
   -2.189594880    2.094395102    6.584658180    0.674023441   -6.406851126
   -1.999195325    2.094395102    6.187335621   -5.279262821   -2.604517178
   -1.808795770    2.094395102    4.597442369  -10.889150820    1.368267410
   -1.618396215    2.094395102    2.398360610  -10.988105208    5.149660547
   -1.427996661    2.094395102    0.933788656   -3.087260329    8.295605940
   -1.237597106    2.094395102    1.667206941   11.590835441   10.503155382
   -1.047197551    2.094395102    5.532361215   28.943477361   11.793047099
   -0.856797996    2.094395102   12.564642160   44.072187219   12.507780606
   -0.666398442    2.094395102   21.946813451   53.134631495   13.118369315
   -0.475998887    2.094395102   32.316780520   54.288608383   13.963200275
   -0.285599332    2.094395102   42.148295716   47.658550763   15.070106442
   -0.095199777    2.094395102   50.090126612   34.830247352   16.115989236
    0.095199777    2.094395102   55.211182762   18.595801335   16.534878082
    0.285599332    2.094395102   57.207355754    2.649837582   15.719769482
    0.475998887    2.094395102   56.517472136   -8.947481172   13.294098298
    0.666398442    2.094395102   54.305540078  -12.915438350    9.329472497
    0.856797996    2.094395102   52.190369633   -8.011589814    4.375627383
    1.047197551    2.094395102   51.753515228    4.218019128   -0.702918440
    1.237597106    2.094395102   54.006238128   19.385003540   -5.085410929
    1.427996661    2.094395102   58.963971846   31.661018317   -8.283759856
    1.618396215    2.094395102   65.556535756   35.849512259  -10.295284096
    1.808795770    2.094395102   71.931544833   29.192482954  -11.507319703
    1.999195325    2.094395102   76.020651401   12.230461332  -12.454027888
    2.189594880    2.094395102   76.158357423  -11.524825587  -13.555301944
    2.379994435    2.094395102   71.548984805  -36.654441346  -14.952827385
    2.570393989    2.094395102   62.484687129  -57.401641191  -16.491761376
    2.760793544    2.094395102   50.270677692  -69.123238002  -17.822110358
    2.951193099    2.094395102   36.899577400  -69.400097136  -18.556840795

   -3.141592654    2.443460953   18.293856354  -58.415392599  -13.052134854
   -2.951193099    2.443460953    8.938724708  -39.177318363  -11.630598749
   -2.760793544    2.443460953    3.493085534  -18.367057100   -9.583821852
   -2.570393989    2.443460953    1.680653878   -1.856445027   -7.045851028
   -2.379994435    2.443460953    2.276515756    6.598305856   -4.104186355
   -2.189594880    2.443460953    3.656449736    6.650588711   -0.742871093
   -1.999195325    2.443460953    4.475579596    1.480425763    3.085265338
   -1.808795770    2.443460953    4.219911505   -3.732807913    7.303671200
   -1.618396215    2.443460953    3.370231404   -4.100906832   11.598660942
   -1.427996661    2.443460953    3.135070827    2.835653263   15.474711907
   -1.237597106    2.443460953    4.871997690   16.179958327   18.461370832
   -1.047197551    2.443460953    9.490432057   32.316996260   20.325417958
   -0.856797996    2.443460953   17.082718816   46.656356554   21.133019300
   -0.666398442    2.443460953   26.913816842   55.296889235   21.118949015
   -0.475998887    2.443460953   37.658387700   56.013072920   20.484017573
   -0.285599332    2.443460953   47.739791810   48.431824933   19.253674008
   -0.095199777    2.443460953   55.670798563   33.788583483   17.250229782
    0.095199777    2.443460953   60.349004746   14.855231471   14.199595976
    0.285599332    2.443460953   61.337011039   -4.218527874    9.908756540
    0.475998887    2.443460953   59.065595494  -18.542548896    4.480500762
    0.666398442    2.443460953   54.864776812  -23.922068626   -1.568374330
    0.856797996    2.443460953   50.666906369  -18.534713578   -7.388094099
    1.047197551    2.443460953   48.417274216   -4.051528264  -12.060873595
    1.237597106    2.443460953   49.398042667   14.375219825  -14.979812158
    1.427996661    2.443460953   53.712677738   29.816415612  -16.063648497
    1.618396215    2.443460953   60.179371823   36.159455709  -15.751972687
    1.808795770    2.443460953   66.707247120   30.262972755  -14.765762017
    1.999195325    2.443460953   70.972597901   12.858082194  -13.795494089
    2.189594880    2.443460953   71.131568272  -11.968761686  -13.267212911
    2.379994435    2.443460953   66.331857537  -38.145418537  -13.262761237
    2.570393989    2.443460953   56.921944043  -59.417754774  -13.580300423
    2.760793544    2.443460953   44.332744611  -70.915000736  -13.869054669
    2.951193099    2.443460953   30.696931375  -70.295817490  -13.773028207

   -3.141592654    2.792526803   15.182900434  -57.055505678    1.154046216
   -2.951193099    2.792526803    6.160570421  -37.055494451    3.288599512
   -2.760793544    2.792526803    1.192307564  -15.489959246    5.268757777
   -2.570393989    2.792526803    0.000000000    1.780514393    7.047849894
   -2.379994435    2.792526803    1.369634620   11.116057782    8.759739813
   -2.189594880    2.792526803    3.710767622   12.258184524   10.710254741
   -1.999195325    2.792526803    5.711342088    8.269666800   13.227548383
   -1.808795770    2.792526803    6.842759413    3.956789743   16.439569033
   -1.618396215    2.792526803    7.488397022    3.762279847   20.113234107
   -1.427996661    2.792526803    8.690322453    9.905590621   23.688406020
   -1.237597106    2.792526803   11.629717682   21.629579307   26.496897488
   -1.047197551    2.792526803   17.094506383   35.725625587   28.028100739
   -0.856797996    2.792526803   25.135396658   47.969579845   28.077425088
   -0.666398442    2.792526803   35.024040911   54.593089119   26.698675273
   -0.475998887    2.792526803   45.441976086   53.266302740   24.063343535
   -0.285599332    2.792526803   54.790814350   43.440379616   20.340269653
   -0.095199777    2.792526803   61.538344152   26.325473461   15.644423329
    0.095199777    2.792526803   64.558104599    4.934313928   10.094828590
    0.285599332    2.792526803   63.462451952  -16.038033223    3.913159170
    0.475998887    2.792526803   58.852179632  -31.030930671   -2.462735723
    0.666398442    2.792526803   52.344822649  -35.349469380   -8.370253126
    0.856797996    2.792526803   46.211593638  -27.165348688  -13.056699091
    1.047197551    2.792526803   42.678013975   -8.798477884  -15.929450091
    1.237597106    2.792526803   43.136614531   13.560201792  -16.815381619
    1.427996661    2.792526803   47.599724129   31.976412589  -16.017893431
    1.618396215    2.792526803   54.642415111   39.800188497  -14.168929738
    1.808795770    2.792526803   61.887485046   33.962450709  -11.946432351
    1.999195325    2.792526803   66.784470259   15.701800271   -9.828015513
    2.189594880    2.792526803   67.375611342  -10.265469810   -7.988732816
    2.379994435    2.792526803   62.803856450  -37.383174738   -6.354259423
    2.570393989    2.792526803   53.483871731  -59.147796087   -4.735605507
    2.760793544    2.792526803   40.939608022  -70.635602242   -2.965771110
    2.951193099    2.792526803   27.391894850  -69.604653207   -0.980694085
