#! FIELDS phi psi file.free der_phi der_psi
#! SET min_phi -pi
#! SET max_phi pi
#! SET nbins_phi  33
#! SET periodic_phi true
#! SET min_psi -pi
#! SET max_psi pi
#! SET nbins_psi  18
#! SET periodic_psi true
   -3.141592654   -3.141592654   17.916335553  -53.420206523   16.726701490
   -2.951193099   -3.141592654    9.491134962  -34.466650791   19.110166788
   -2.760793544   -3.141592654    4.912105366  -13.965824184   20.612761280
   -2.570393989   -3.141592654    3.935695078    2.616375998   21.402868769
   -2.379994435   -3.141592654    5.455726106   12.006047205   21.905669155
   -2.189594880   -3.141592654    8.044304749   14.117291400   22.687368272
   -1.999195325   -3.141592654   10.552599626   11.826427152   24.225110812
   -1.808795770   -3.141592654   12.540936184    9.360389733   26.657047973
   -1.618396215   -3.141592654   14.346991377   10.382889583   29.644146323
   -1.427996661   -3.141592654   16.827179370   16.471737710   32.453703387
   -1.237597106   -3.141592654   20.893043643   26.663045564   34.236125890
   -1.047197551   -3.141592654   27.069146315   38.010698837   34.344695740
   -0.856797996   -3.141592654   35.222423715   46.802881261   32.536489897
   -0.666398442   -3.141592654   44.542616004   49.803289040   28.950178922
   -0.475998887   -3.141592654   53.721144369   45.120156544   23.964618076
   -0.285599332   -3.141592654   61.243781324   32.536481756   18.033693928
   -0.095199777   -3.141592654   65.721023939   13.563431667   11.571746656
    0.095199777   -3.141592654   66.224723470   -8.513261117    4.946473441
    0.285599332   -3.141592654   62.612639936  -28.775407839   -1.473956443
    0.475998887   -3.141592654   55.760849738  -41.601658585   -7.241226355
    0.666398442   -3.141592654   47.548782591  -42.509254862  -11.834217424
    0.856797996   -3.141592654   40.435293885  -30.239226359  -14.767028256
    1.047197551   -3.141592654   36.696771880   -7.969439078  -15.783533061
    1.237597106   -3.141592654   37.608819058   17.283906394  -15.013110500
    1.427996661   -3.141592654   42.940260403   37.134057094  -12.930902975
    1.618396215   -3.141592654   50.990212142   45.051540669  -10.142257863
    1.808795770   -3.141592654   59.177082081   38.552676424   -7.120139071
    1.999195325   -3.141592654   64.876124826   19.585788487   -4.059348257
    2.189594880   -3.141592654   66.171908325   -6.653804011   -0.909227462
    2.379994435   -3.141592654   62.301936775  -33.552713506    2.464814878
    2.570393989   -3.141592654   53.752491222  -54.883804262    6.112464000
    2.760793544   -3.141592654   42.051486475  -66.106546599    9.907080170
    2.951193099   -3.141592654   29.357472933  -65.267375290   13.563320024

   -3.141592654   -2.792526803   25.331570653  -49.080429749   25.148210456
   -2.951193099   -2.792526803   17.546201328  -32.103124875   27.266315478
   -2.760793544   -2.792526803   13.244636544  -13.333556359   28.140526262
   -2.570393989   -2.792526803   12.279778741    2.263368413   28.098670125
   -2.379994435   -2.792526803   13.723540315   11.749918539   27.725261236
   -2.189594880   -2.792526803   16.361109917   15.046866838   27.678531579
   -1.999195325   -2.792526803   19.217504097   14.607866491   28.436654027
   -1.808795770   -2.792526803   21.909815326   13.880623324   30.067023101
   -1.618396215   -2.792526803   24.669859414   15.660218988   32.137336799
   -1.427996661   -2.792526803   28.103074768   20.925621183   33.838341194
   -1.237597106   -2.792526803   32.804058262   28.639086488   34.285249116
   -1.047197551   -2.792526803   39.019298199   36.322580663   32.846286040
   -0.856797996   -2.792526803   46.461368557   41.027784649   29.354501691
   -0.666398442   -2.792526803   54.315018123   40.297142560   24.093181440
   -0.475998887   -2.792526803   61.398324859   32.820046453   17.642373951
   -0.285599332   -2.792526803   66.409437535   18.682708473   10.675992009
   -0.095199777   -2.792526803   68.205004485   -0.528350459    3.794414804
    0.095199777   -2.792526803   66.101393011  -21.610874535   -2.533986842
    0.285599332   -2.792526803   60.177279432  -39.786698256   -7.954722180
    0.475998887   -2.792526803   51.500843661  -49.620727172  -12.159614943
    0.666398442   -2.792526803   42.099394140  -46.904667898  -14.875607310
    0.856797996   -2.792526803   34.510709841  -30.840344239  -15.914728495
    1.047197551   -2.792526803   30.986436795   -5.226022499  -15.291121445
    1.237597106   -2.792526803   32.661973687   22.375582247  -13.291211837
    1.427996661   -2.792526803   39.090475621   43.386558096  -10.398210647
    1.618396215   -2.792526803   48.362832311   51.536485591   -7.086206070
    1.808795770   -2.792526803   57.771382319   44.893862920   -3.628807514
    1.999195325   -2.792526803   64.672261748   25.921211409   -0.033771998
    2.189594880   -2.792526803   67.201655696    0.017539598    3.854688872
    2.379994435   -2.792526803   64.650119406  -26.379333034    8.162686017
    2.570393989   -2.792526803   57.500205627  -47.434514348   12.824446322
    2.760793544   -2.792526803   47.199659083  -58.976432562   17.528666202
    2.951193099   -2.792526803   35.774020990  -59.214802063   21.798464884

   -3.141592654   -2.443460953   33.948122504  -44.599377383   22.869819570
   -2.951193099   -2.443460953   26.800950077  -29.885961832   24.509788326
   -2.760793544   -2.443460953   22.726548983  -13.066853300   25.111947133
   -2.570393989   -2.443460953   21.688518031    1.396254526   24.999358209
   -2.379994435   -2.443460953   22.943759461   10.816856593   24.653487573
   -2.189594880   -2.443460953   25.474958739   14.986858441   24.544307557
   -1.999195325   -2.443460953   28.441023463   15.827278927   24.939895473
   -1.808795770   -2.443460953   31.463871493   16.006666468   25.756951432
   -1.618396215   -2.443460953   34.631502104   17.591310442   26.541382247
   -1.427996661   -2.443460953   38.297941440   21.209673441   26.607882368
   -1.237597106   -2.443460953   42.791233050   26.016511491   25.308766632
   -1.047197551   -2.443460953   48.175312784   30.202639436   22.296211838
   -0.856797996   -2.443460953   54.132073227   31.669050913   17.667666154
   -0.666398442   -2.443460953   59.968909947   28.688644772   11.902229828
   -0.475998887   -2.443460953   64.735796792   20.353673188    5.678008350
   -0.285599332   -2.443460953   67.403389458    6.758987534   -0.340512342
   -0.095199777   -2.443460953   67.071511768  -10.793257341   -5.659228096
    0.095199777   -2.443460953   63.228862909  -29.528920091   -9.995566695
    0.285599332   -2.443460953   56.045011101  -45.069125154  -13.233445425
    0.475998887   -2.443460953   46.615826459  -52.255323408  -15.334577236
    0.666398442   -2.443460953   36.953661533  -47.037527484  -16.285195230
    0.856797996   -2.443460953   29.554156018  -28.773570019  -16.083777809
    1.047197551   -2.443460953   26.593248766   -1.457017521  -14.799152002
    1.237597106   -2.443460953   29.096324693   27.193290264  -12.618934851
    1.427996661   -2.443460953   36.491741539   48.645327070   -9.828248258
    1.618396215   -2.443460953   46.777376610   56.899619103   -6.696585258
    1.808795770   -2.443460953   57.218427914   50.414474842   -3.374793870
    1.999195325   -2.443460953   65.211631178   31.934444273    0.138921723
    2.189594880   -2.443460953   68.961714592    6.855838941    3.928495193
    2.379994435   -2.443460953   67.797010919  -18.686756866    8.028025961
    2.570393989   -2.443460953   62.163803038  -39.308951926   12.315003757
    2.760793544   -2.443460953   53.391240150  -51.212199096   16.484994318
    2.951193099   -2.443460953   43.337208556  -52.730958287   20.128704883

   -3.141592654   -2.094395102   40.157674271  -41.298859365   14.093526527
   -2.951193099   -2.094395102   33.498409202  -28.048048539   15.189942786
   -2.760793544   -2.094395102   29.655516662  -12.402484528   15.730374410
   -2.570393989   -2.094395102   28.672775606    1.412772388   15.889289875
   -2.379994435   -2.094395102   29.915483896   10.753561766   15.856620397
   -2.189594880   -2.094395102   32.458556729   15.205981685   15.747196467
   -1.999195325   -2.094395102   35.491597345   16.257435925   15.536254763
   -1.808795770   -2.094395102   38.573212362   16.060607824   15.037041534
   -1.618396215   -2.094395102   41.639572509   16.301259003   13.956277170
   -1.427996661   -2.094395102   44.852342270   17.601726214   12.005640760
   -1.237597106   -2.094395102   48.389602357   19.557358349    9.044298427
   -1.047197551   -2.094395102   52.282534130   21.118221621    5.167890625
   -0.856797996   -2.094395102   56.332328595   20.943390208    0.715023603
   -0.666398442   -2.094395102   60.082356485   17.748952713   -3.842409692
   -0.475998887   -2.094395102   62.858948473   10.604102691   -8.037084257
   -0.285599332   -2.094395102   63.864467174   -0.828553862  -11.522889939
   -0.095199777   -2.094395102   62.327026366  -15.857047464  -14.138403213
    0.095199777   -2.094395102   57.749083827  -32.247169207  -15.897968642
    0.285599332   -2.094395102   50.231891233  -45.932814298  -16.926815655
    0.475998887   -2.094395102   40.772427419  -51.782321310  -17.373194199
    0.666398442   -2.094395102   31.298774262  -45.562921794  -17.332046375
    0.856797996   -2.094395102   24.263042071  -26.425749791  -16.795421262
    1.047197551   -2.094395102   21.828372353    1.730619008  -15.691547384
    1.237597106   -2.094395102   25.012882766   31.145315191  -13.961680757
    1.427996661   -2.094395102   33.222880210   53.217732881  -11.640209432
    1.618396215   -2.094395102   44.425644194   61.933276084   -8.848053253
    1.808795770   -2.094395102   55.861856249   55.820129746   -5.750656577
    1.999195325   -2.094395102   64.920461730   37.714502355   -2.495738051
    2.189594880   -2.094395102   69.808716218   13.014747267    0.810463320
    2.379994435   -2.094395102   69.845170787  -12.272164510    4.079159339
    2.570393989   -2.094395102   65.434028494  -32.964264441    7.198604513
    2.760793544   -2.094395102   57.825365259  -45.426944911   10.014995710
    2.951193099   -2.094395102   48.779339103  -48.013685023   12.357337350

   -3.141592654   -1.745329252   43.000932268  -39.374301267    5.117200071
   -2.951193099   -1.745329252   36.637853168  -26.859996016    5.645444155
   -2.760793544   -1.745329252   32.957509356  -11.869838020    6.013679026
   -2.570393989   -1.745329252   32.021643207    1.385021352    6.216512654
   -2.379994435   -1.745329252   33.207834238   10.175205712    6.165976609
   -2.189594880   -1.745329252   35.577409407   13.918281148    5.692701558
   -1.999195325   -1.745329252   38.271474059   13.917028892    4.595133617
   -1.808795770   -1.745329252   40.773845256   12.257073406    2.714107615
   -1.618396215   -1.745329252   42.952661297   10.763877031    0.015759546
   -1.427996661   -1.745329252   44.949915303   10.428429400   -3.366103753
   -1.237597106   -1.745329252   47.006856804   11.316973565   -7.130270785
   -1.047197551   -1.745329252   49.302181571   12.766202834  -10.869661736
   -0.856797996   -1.745329252   51.837924941   13.569934381  -14.157637759
   -0.666398442   -1.745329252   54.351773009   12.257740987  -16.659012815
   -0.475998887   -1.745329252   56.303015803    7.466367269  -18.201102083
   -0.285599332   -1.745329252   56.934072212   -1.670051098  -18.801965759
   -0.095199777   -1.745329252   55.417816476  -14.905835501  -18.651430242
    0.095199777   -1.745329252   51.132373814  -30.255959918  -18.053073175
    0.285599332   -1.745329252   44.030186679  -43.672252106  -17.331600864
    0.475998887   -1.745329252   34.980503880  -49.799947328  -16.733498861
    0.666398442   -1.745329252   25.842234500  -44.011893273  -16.342663329
    0.856797996   -1.745329252   19.077303696  -25.065117398  -16.028069897
    1.047197551   -1.745329252   16.920644006    3.378477912  -15.506559848
    1.237597106   -1.745329252   20.483772836   33.524734702  -14.469591934
    1.427996661   -1.745329252   29.237189654   56.546075395  -12.750347773
    1.618396215   -1.745329252   41.160189546   66.121961396  -10.392088270
    1.808795770   -1.745329252   53.453408394   60.561406535   -7.628728367
    1.999195325   -1.745329252   63.438789414   42.637968531   -4.779309342
    2.189594880   -1.745329252   69.256966208   17.806058701   -2.128852391
    2.379994435   -1.745329252   70.175852824   -7.830219435    0.141285760
    2.570393989   -1.745329252   66.566234723  -29.011115119    1.963316120
    2.760793544   -1.745329252   59.655290156  -42.071138638    3.355052241
    2.951193099   -1.745329252   51.184516194  -45.343713695    4.379617542

   -3.141592654   -1.396263402   41.620402506  -39.976998515    2.537080248
   -2.951193099   -1.396263402   35.170033263  -27.150523752    2.462398812
   -2.760793544   -1.396263402   31.472632657  -11.776881484    2.262517213
   -2.570393989   -1.396263402   30.576771773    1.650011567    1.876615394
   -2.379994435   -1.396263402   31.791894198   10.105993936    1.128442972
   -2.189594880   -1.396263402   34.061787074   12.817271363   -0.241114492
   -1.999195325   -1.396263402   36.392775898   11.109573897   -2.473336148
   -1.808795770   -1.396263402   38.166076432    7.392818754   -5.651156776
   -1.618396215   -1.396263402   39.234093439    4.049473253   -9.588598297
   -1.427996661   -1.396263402   39.838897126    2.702002287  -13.827959808
   -1.237597106   -1.396263402   40.429057562    3.870297835  -17.752631941
   -1.047197551   -1.396263402   41.443507250    6.977555713  -20.771415334
   -0.856797996   -1.396263402   43.122901250   10.489160771  -22.479413344
   -0.666398442   -1.396263402   45.347051884   12.300280191  -22.753893517
   -0.475998887   -1.396263402   47.584140235   10.314379872  -21.746930165
   -0.285599332   -1.396263402   48.955101175    3.062052873  -19.822366574
   -0.095199777   -1.396263402   48.420659359   -9.549180694  -17.459838570
    0.095199777   -1.396263402   45.111891299  -25.550994616  -15.144008317
    0.285599332   -1.396263402   38.760957963  -40.606281260  -13.255345689
    0.475998887   -1.396263402   30.100041856  -48.797223119  -11.988148681
    0.666398442   -1.396263402   20.975135794  -44.764418218  -11.315552947
    0.856797996   -1.396263402   13.972892447  -26.612826434  -10.996002707
    1.047197551   -1.396263402   11.547521296    2.310128602  -10.678890556
    1.237597106   -1.396263402   15.042553100   33.995882786  -10.024483345
    1.427996661   -1.396263402   24.074095700   58.988207472   -8.846589580
    1.618396215   -1.396263402   36.629440206   70.197260403   -7.155857741
    1.808795770   -1.396263402   49.786715559   65.377455550   -5.134701265
    1.999195325   -1.396263402   60.677504938   47.162787301   -3.050508449
    2.189594880   -1.396263402   67.264351727   21.252896100   -1.156884371
    2.379994435   -1.396263402   68.706664593   -5.801395666    0.371765784
    2.570393989   -1.396263402   65.353970308  -28.294088896    1.461561835
    2.760793544   -1.396263402   58.484270074  -42.274486066    2.130718829
    2.951193099   -1.396263402   49.926825444  -45.967826503    2.455613183

   -3.141592654   -1.047197551   39.198771929  -41.489661771    3.761153746
   -2.951193099   -1.047197551   32.496907312  -28.272976796    2.430293520
   -2.760793544   -1.047197551   28.618896858  -12.597034688    0.855955752
   -2.570393989   -1.047197551   27.564999885    0.711717047   -0.889227469
   -2.379994435   -1.047197551   28.538968492    8.389259260   -2.870682931
   -2.189594880   -1.047197551   30.352754027    9.644322453   -5.291472732
   -1.999195325   -1.047197551   31.907804741    6.114654197   -8.372269817
   -1.808795770   -1.047197551   32.569996052    0.817465526  -12.156630018
   -1.618396215   -1.047197551   32.304142555   -3.182020017  -16.360204069
   -1.427996661   -1.047197551   31.578335693   -3.797495623  -20.383113170
   -1.237597106   -1.047197551   31.114322788   -0.495226433  -23.495241282
   -1.047197551   -1.047197551   31.580870174    5.692189001  -25.099344331
   -0.856797996   -1.047197551   33.333582270   12.512559611  -24.930195956
   -0.666398442   -1.047197551   36.223942084   17.134271641  -23.120034630
   -0.475998887   -1.047197551   39.570085748   16.927554002  -20.121691376
   -0.285599332   -1.047197551   42.268448599   10.170533952  -16.563858570
   -0.095199777   -1.047197551   43.035478854   -3.179838187  -13.075358219
    0.095199777   -1.047197551   40.791724877  -20.853853413  -10.127471353
    0.285599332   -1.047197551   35.135380112  -38.034517457   -7.935217785
    0.475998887   -1.047197551   26.766885497  -48.239840845   -6.454468117
    0.666398442   -1.047197551   17.604131959  -45.586384444   -5.470364543
    0.856797996   -1.047197551   10.389210645  -27.873158478   -4.702465469
    1.047197551   -1.047197551    7.760801851    1.570465796   -3.924413035
    1.237597106   -1.047197551   11.220515791   34.420430396   -2.992680271
    1.427996661   -1.047197551   20.461135553   60.727277586   -1.867096104
    1.618396215   -1.047197551   33.448648974   72.894555361   -0.572312448
    1.808795770   -1.047197551   47.158629814   68.350676419    0.823107074
    1.999195325   -1.047197551   58.583076379   49.676945958    2.218727998
    2.189594880   -1.047197551   65.559667067   22.766032585    3.488207840
    2.379994435   -1.047197551   67.175443294   -5.499501567    4.489149728
    2.570393989   -1.047197551   63.773362453  -29.066397052    5.083134106
    2.760793544   -1.047197551   56.682627545  -43.746418565    5.169847587
    2.951193099   -1.047197551   47.815984352  -47.663428079    4.713264635

   -3.141592654   -0.698131701   38.929510618  -45.374910823    3.964211230
   -2.951193099   -0.698131701   31.448596523  -32.499555476    1.808896356
   -2.760793544   -0.698131701   26.762993251  -16.812547779   -0.618368593
   -2.570393989   -0.698131701   24.915530079   -3.425079077   -3.187587239
   -2.379994435   -0.698131701   25.089192215    4.050194699   -5.902185903
   -2.189594880   -0.698131701   26.021943447    4.658539927   -8.904881019
   -1.999195325   -0.698131701   26.544483586    0.258998845  -12.342765364
   -1.808795770   -0.698131701   26.031914349   -5.545402912  -16.147095325
   -1.618396215   -0.698131701   24.582376778   -9.037572106  -19.888736939
   -1.427996661   -0.698131701   22.896475311   -7.801841395  -22.847865880
   -1.237597106   -0.698131701   21.939216205   -1.527214411  -24.292091996
   -1.047197551   -0.698131701   22.532533761    8.060603487  -23.800043434
   -0.856797996   -0.698131701   25.033670820   17.868307464  -21.447649590
   -0.666398442   -0.698131701   29.145302232   24.381410845  -17.765472802
   -0.475998887   -0.698131701   33.937951573   24.623341903  -13.524935225
   -0.285599332   -0.698131701   38.032154063   16.923483399   -9.477549540
   -0.095199777   -0.698131701   39.913767745    1.656260793   -6.124887397
    0.095199777   -0.698131701   38.377917116  -18.247251747   -3.593908423
    0.285599332   -0.698131701   33.030982635  -37.276000071   -1.663278263
    0.475998887   -0.698131701   24.698607510  -48.462984243    0.054496070
    0.666398442   -0.698131701   15.480695516  -45.798698502    1.858637674
    0.856797996   -0.698131701    8.289585640  -27.344097668    3.793864475
    1.047197551   -0.698131701    5.860751852    3.137601473    5.637196619
    1.237597106   -0.698131701    9.710122492   36.885198292    7.088036691
    1.427996661   -0.698131701   19.476799755   63.706146180    7.956223415
    1.618396215   -0.698131701   33.046519161   75.957425787    8.273188116
    1.808795770   -0.698131701   47.318795141   71.138769153    8.243369025
    1.999195325   -0.698131701   59.225683086   51.915254493    8.101349147
    2.189594880   -0.698131701   66.557021832   24.218399611    7.976753660
    2.379994435   -0.698131701   68.356433134   -5.058699374    7.840057721
    2.570393989   -0.698131701   64.927336572  -29.812224602    7.533886016
    2.760793544   -0.698131701   57.575242582  -45.742411855    6.862557837
    2.951193099   -0.698131701   48.218877334  -50.769304479    5.680939044

   -3.141592654   -0.349065850   39.854142204  -49.953040007    3.577603848
   -2.951193099   -0.349065850   31.441538246  -37.625649039    0.642003239
   -2.760793544   -0.349065850   25.760049770  -22.082431854   -2.500549860
   -2.570393989   -0.349065850   22.913368894   -8.641165851   -5.644368211
   -2.379994435   -0.349065850   22.090935989   -1.238833220   -8.724634313
   -2.189594880   -0.349065850   21.985931319   -0.995193146  -11.827079566
   -1.999195325   -0.349065850   21.388781874   -5.811267917  -15.034546854
   -1.808795770   -0.349065850   19.720400835  -11.455195437  -18.194642821
   -1.618396215   -0.349065850   17.254482618  -13.557468722  -20.798552674
   -1.427996661   -0.349065850   14.955166652   -9.504709852  -22.113604307
   -1.237597106   -0.349065850   14.021215823    0.502395005  -21.537032268
   -1.047197551   -0.349065850   15.355946005   13.705493400  -18.942315870
   -0.856797996   -0.349065850   19.190155089   25.959157648  -14.808721825
   -0.666398442   -0.349065850   24.935301818   33.134108673  -10.035286623
   -0.475998887   -0.349065850   31.314998467   32.280763028   -5.584196854
   -0.285599332   -0.349065850   36.666078332   22.344820900   -2.130662411
   -0.095199777   -0.349065850   39.344922823    4.656598954    0.159026089
    0.095199777   -0.349065850   38.203973274  -16.911929391    1.638533058
    0.285599332   -0.349065850   33.054668704  -36.305997477    2.982775949
    0.475998887   -0.349065850   24.972383324  -46.658893665    4.831198561
    0.666398442   -0.349065850   16.226407875  -42.646965965    7.438392123
    0.856797996   -0.349065850    9.740757885  -23.240735832   10.526104082
    1.047197551   -0.349065850    8.109149780    7.214057381   13.417287893
    1.237597106   -0.349065850   12.651066691   39.942683799   15.420634071
    1.427996661   -0.349065850   22.859277001   65.257441525   16.164277549
    1.618396215   -0.349065850   36.588739056   76.151947428   15.736107460
    1.808795770   -0.349065850   50.810645537   70.519505916   14.562057652
    1.999195325   -0.349065850   62.566034446   51.017231714   13.143655352
    2.189594880   -0.349065850   69.720833654   23.272926813   11.816691907
    2.379994435   -0.349065850   71.327271172   -6.189126282   10.647592891
    2.570393989   -0.349065850   67.637425811  -31.489832846    9.470712356
    2.760793544   -0.349065850   59.883796042  -48.335406270    8.020181522
    2.951193099   -0.349065850   49.932487951  -54.424754858    6.075507355

   -3.141592654    0.000000000   40.866402511  -54.980902969    1.903470180
   -2.951193099    0.000000000   31.444870784  -43.110895192   -0.856399575
   -2.760793544    0.000000000   24.707079962  -27.621502988   -3.613030063
   -2.570393989    0.000000000   20.822160314  -13.982292152   -6.243004581
   -2.379994435    0.000000000   19.002150704   -6.391160892   -8.749114718
   -2.189594880    0.000000000   17.924005901   -6.069719671  -11.229789088
   -1.999195325    0.000000000   16.376347791  -10.648621797  -13.711611847
   -1.808795770    0.000000000   13.862502844  -15.323147819  -15.951415243
   -1.618396215    0.000000000   10.846118945  -15.250124776  -17.387993167
   -1.427996661    0.000000000    8.524485750   -7.903532787  -17.348787294
   -1.237597106    0.000000000    8.242598205    5.714423078  -15.432993464
   -1.047197551    0.000000000   10.854402344   21.667118634  -11.812193199
   -0.856797996    0.000000000   16.328232758   34.875109331   -7.250174539
   -0.666398442    0.000000000   23.698732850   40.979797124   -2.780451215
   -0.475998887    0.000000000   31.346977814   37.590779665    0.732888166
   -0.285599332    0.000000000   37.429137592   24.747336435    2.940450258
   -0.095199777    0.000000000   40.345020788    4.958184542    4.128639986
    0.095199777    0.000000000   39.187700720  -17.080359142    5.064214867
    0.285599332    0.000000000   34.103714350  -35.196893204    6.642089677
    0.475998887    0.000000000   26.448265037  -43.207098442    9.439545983
    0.666398442    0.000000000   18.582366791  -36.995836311   13.393001847
    0.856797996    0.000000000   13.287371742  -16.692487994   17.765198735
    1.047197551    0.000000000   12.846950596   12.876277978   21.457144410
    1.237597106    0.000000000   18.263253723   43.298238170   23.533916640
    1.427996661    0.000000000   28.844672454   65.837055044   23.617364901
    1.618396215    0.000000000   42.454365599   74.465536405   21.973533754
    1.808795770    0.000000000   56.220084721   67.605353137   19.287715672
    1.999195325    0.000000000   67.383669142   47.854030903   16.302854580
    2.189594880    0.000000000   73.957713250   20.378534578   13.525888260
    2.379994435    0.000000000   75.040698017   -8.837358873   11.120776479
    2.570393989    0.000000000   70.841312576  -34.276782126    8.970100102
    2.760793544    0.000000000   62.506869376  -51.721396008    6.831182762
    2.951193099    0.000000000   51.831048728  -58.661132166    4.495624007

   -3.141592654    0.349065850   42.599005546  -58.673873336    0.819897145
   -2.951193099    0.349065850   32.433266044  -47.182671128   -0.997726303
   -2.760793544    0.349065850   24.899066692  -31.866473100   -2.652050811
   -2.570393989    0.349065850   20.202190685  -18.242600050   -4.156120538
   -2.379994435    0.349065850   17.572650261  -10.627017615   -5.602264792
   -2.189594880    0.349065850   15.692944278  -10.222879855   -7.103033268
   -1.999195325    0.349065850   13.386393321  -14.367213020   -8.648968340
   -1.808795770    0.349065850   10.265952937  -17.808044520   -9.981761399
   -1.618396215    0.349065850    6.976703122  -15.460772003  -10.613368237
   -1.427996661    0.349065850    4.893933030   -5.123796169  -10.043377068
   -1.237597106    0.349065850    5.419353166   11.295236490   -8.078817353
   -1.047197551    0.349065850    9.268212964   28.792788303   -5.028014932
   -0.856797996    0.349065850   16.098915379   41.681868960   -1.626733293
   -0.666398442    0.349065850   24.597640565   45.810645519    1.320748723
   -0.475998887    0.349065850   32.911259311   39.727865254    3.330147743
   -0.285599332    0.349065850   39.177215008   24.726089411    4.466250041
   -0.095199777    0.349065850   42.002902462    4.346592256    5.317602410
    0.095199777    0.349065850   40.830827305  -16.302451057    6.722133527
    0.285599332    0.349065850   36.157516498  -31.487169746    9.384234430
    0.475998887    0.349065850   29.528625283  -36.201134998   13.498794015
    0.666398442    0.349065850   23.232848134  -27.818094362   18.575199283
    0.856797996    0.349065850   19.720711209   -7.582112992   23.548061254
    1.047197551    0.349065850   20.815009745   19.523683853   27.184737309
    1.237597106    0.349065850   27.127894433   45.926047319   28.606034665
    1.427996661    0.349065850   37.801393410   64.274765444   27.616988140
    1.618396215    0.349065850   50.792866937   69.792878883   24.699906432
    1.808795770    0.349065850   63.504298891   61.496920921   20.723458604
    1.999195325    0.349065850   73.492818865   41.835425895   16.556618063
    2.189594880    0.349065850   79.006108276   15.341654216   12.786284026
    2.379994435    0.349065850   79.241928287  -12.730295367    9.634054319
    2.570393989    0.349065850   74.383456839  -37.402113510    7.037504813
    2.760793544    0.349065850   65.480912099  -54.664041050    4.804701172
    2.951193099    0.349065850   54.222733296  -61.884780932    2.757861101

   -3.141592654    0.698131701   44.144880021  -61.277837516   -0.580893912
   -2.951193099    0.698131701   33.471316176  -49.877472017   -1.153951558
   -2.760793544    0.698131701   25.422191134  -34.546112947   -1.465990273
   -2.570393989    0.698131701   20.224050247  -20.807157194   -1.668854556
   -2.379994435    0.698131701   17.119695083  -13.041820639   -1.923913073
   -2.189594880    0.698131701   14.796484414  -12.444739880   -2.346080773
   -1.999195325    0.698131701   12.099221381  -16.191660162   -2.926792965
   -1.808795770    0.698131701    8.702149924  -18.800363122   -3.495708388
   -1.618396215    0.698131701    5.344475353  -15.112257341   -3.769567727
   -1.427996661    0.698131701    3.477871894   -3.205778028   -3.492950355
   -1.237597106    0.698131701    4.494726268   14.426755109   -2.602780668
   -1.047197551    0.698131701    8.986006489   32.219022495   -1.290287487
   -0.856797996    0.698131701   16.411554997   44.349986317    0.092696643
   -0.666398442    0.698131701   25.291879438   47.116914292    1.273145068
   -0.475998887    0.698131701   33.737000459   39.915205875    2.249257190
   -0.285599332    0.698131701   40.013703274   24.884049321    3.342356759
   -0.095199777    0.698131701   42.986379780    5.985981401    5.082464688
    0.095199777    0.698131701   42.376234621  -11.872356580    7.954468619
    0.285599332    0.698131701   38.858449153  -23.801772711   12.140180549
    0.475998887    0.698131701   33.952889061  -26.015518770   17.322926445
    0.666398442    0.698131701   29.689850924  -17.043477286   22.689249705
    0.856797996    0.698131701   28.091716874    1.332585313   27.129846956
    1.047197551    0.698131701   30.536261142   24.525999835   29.630158863
    1.237597106    0.698131701   37.346911314   46.132547322   29.655599589
    1.427996661    0.698131701   47.633397124   60.201997641   27.332457611
    1.618396215    0.698131701   59.559921776   62.988235870   23.332378257
    1.808795770    0.698131701   70.863548711   53.810249066   18.563274244
    1.999195325    0.698131701   79.427178939   34.749197093   13.840344243
    2.189594880    0.698131701   83.715677785    9.626742978    9.687161095
    2.379994435    0.698131701   83.005414416  -16.990755951    6.312451229
    2.570393989    0.698131701   77.446805544  -40.583454205    3.705691703
    2.760793544    0.698131701   67.999037598  -57.295686431    1.760383770
    2.951193099    0.698131701   56.255568545  -64.396582127    0.361560818

   -3.141592654    1.047197551   42.425916869  -61.989141006   -4.223671495
   -2.951193099    1.047197551   31.718774654  -49.536892906   -3.371476967
   -2.760793544    1.047197551   23.810123031  -33.465949565   -2.200575599
   -2.570393989    1.047197551   18.854017334  -19.413494389   -1.036889904
   -2.379994435    1.047197551   16.010995565  -11.748088932   -0.110842232
   -2.189594880    1.047197551   13.900787809  -11.525994986    0.482243785
   -1.999195325    1.047197551   11.335807663  -15.712107976    0.761538353
   -1.808795770    1.047197551    7.996825815  -18.640713236    0.800004976
   -1.618396215    1.047197551    4.654230028  -15.088739019    0.669178636
   -1.427996661    1.047197551    2.788812600   -3.216157937    0.418597384
   -1.237597106    1.047197551    3.798150625   14.334537869    0.090582596
   -1.047197551    1.047197551    8.255954118   31.933007837   -0.238727694
   -0.856797996    1.047197551   15.610081446   43.915264013   -0.422082518
   -0.666398442    1.047197551   24.421662286   46.929084539   -0.202083053
   -0.475998887    1.047197551   32.913674934   40.740392226    0.757932874
   -0.285599332    1.047197551   39.517916132   27.646631887    2.791611059
   -0.095199777    1.047197551   43.258993595   11.366341144    6.114269929
    0.095199777    1.047197551   43.933527471   -3.815136821   10.684492739
    0.285599332    1.047197551   42.148672359  -13.866803383   16.118111589
    0.475998887    1.047197551   39.191789320  -15.791379494   21.675932803
    0.666398442    1.047197551   36.743792080   -8.538066248   26.400033374
    0.856797996    1.047197551   36.455166875    6.338609374   29.344947354
    1.047197551    1.047197551   39.436828604   25.095310231   29.894713001
    1.237597106    1.047197551   45.940782858   42.473291327   27.971032371
    1.427996661    1.047197551   55.214327300   53.471895047   24.052145276
    1.618396215    1.047197551   65.692198019   54.762838134   18.951971701
    1.808795770    1.047197551   75.402468697   45.491462423   13.520259890
    1.999195325    1.047197551   82.447851568   27.216618233    8.407474425
    2.189594880    1.047197551   85.407704760    3.223115213    3.991939176
    2.379994435    1.047197551   83.589180057  -22.240288031    0.444881219
    2.570393989    1.047197551   77.136018959  -44.735334982   -2.160034666
    2.760793544    1.047197551   67.001277316  -60.346842805   -3.785121684
    2.951193099    1.047197551   54.785205342  -66.287999668   -4.438156757

   -3.141592654    1.396263402   37.823976918  -60.756853493  -10.004274236
   -2.951193099    1.396263402   27.515609940  -46.674342068   -8.754642394
   -2.760793544    1.396263402   20.248826675  -29.716075864   -7.010107716
   -2.570393989    1.396263402   16.029660040  -15.533722479   -5.104960167
   -2.379994435    1.396263402   13.891112698   -8.298678476   -3.268813201
   -2.189594880    1.396263402   12.370064093   -8.821188753   -1.597180946
   -1.999195325    1.396263402   10.235684304  -13.916389448   -0.121153712
   -1.808795770    1.396263402    7.141871224  -17.886089255    1.089235856
   -1.618396215    1.396263402    3.836104040  -15.472283677    1.883969967
   -1.427996661    1.396263402    1.792925615   -4.677108460    2.109899276
   -1.237597106    1.396263402    2.449364117   12.171682437    1.756484794
   -1.047197551    1.396263402    6.485883702   29.804884851    1.063430200
   -0.856797996    1.396263402   13.516129332   42.811285775    0.500294895
   -0.666398442    1.396263402   22.295701502   47.847866620    0.639305397
   -0.475998887    1.396263402   31.216443613   44.403988545    1.958440455
   -0.285599332    1.396263402   38.800631371   34.257011237    4.679647221
   -0.095199777    1.396263402   44.047983654   20.437532512    8.685395424
    0.095199777    1.396263402   46.595995764    6.546024464   13.505149962
    0.285599332    1.396263402   46.776684170   -3.893288794   18.385528264
    0.475998887    1.396263402   45.536614724   -8.010018075   22.438708398
    0.666398442    1.396263402   44.239689658   -4.412292193   24.869140007
    0.856797996    1.396263402   44.328055034    6.151303664   25.177389824
    1.047197551    1.396263402   46.882149495   20.919659293   23.327022661
    1.237597106    1.396263402   52.297198834   35.442366802   19.722993882
    1.427996661    1.396263402   60.074461013   45.017258035   15.063555738
    1.618396215    1.396263402   68.906761656   46.087141605   10.069763125
    1.808795770    1.396263402   77.002782780   37.273303573    5.278339889
    1.999195325    1.396263402   82.546091518   19.665711458    0.966325398
    2.189594880    1.396263402   84.133931976   -3.627955659   -2.775987254
    2.379994435    1.396263402   81.088362284  -28.228848462   -5.906170358
    2.570393989    1.396263402   73.606242409  -49.467962793   -8.327337540
    2.760793544    1.396263402   62.729524735  -63.315902079   -9.883290817
    2.951193099    1.396263402   50.144795697  -67.144643458  -10.441552300

   -3.141592654    1.745329252   31.765286680  -59.093433398  -16.516349356
   -2.951193099    1.745329252   21.942807275  -43.337160050  -15.432482112
   -2.760793544    1.745329252   15.412671997  -25.448769548  -13.551957391
   -2.570393989    1.745329252   12.035464044  -11.064720900  -11.148682661
   -2.379994435    1.745329252   10.725503854   -4.125878678   -8.439673001
   -2.189594880    1.745329252    9.948049115   -5.221398644   -5.542116456
   -1.999195325    1.745329252    8.427462067  -11.116249736   -2.545619556
   -1.808795770    1.745329252    5.766238441  -16.209787611    0.371303204
   -1.618396215    1.745329252    2.646065171  -15.248569654    2.899147197
   -1.427996661    1.745329252    0.501495399   -5.937355670    4.708380612
   -1.237597106    1.745329252    0.817789294    9.995330313    5.654438810
   -1.047197551    1.745329252    4.444058680   27.889349359    5.924752594
   -0.856797996    1.745329252   11.248875431   42.585925422    6.005209843
   -0.666398442    1.745329252   20.242267068   50.457448622    6.486224847
   -0.475998887    1.745329252   29.970402742   50.266478955    7.805660930
   -0.285599332    1.745329252   38.949039296   42.885777066   10.066492504
   -0.095199777    1.745329252   46.004251085   30.529438867   12.981539659
    0.095199777    1.745329252   50.470795086   16.278269734   15.937729441
    0.285599332    1.745329252   52.318584574    3.579894073   18.157127567
    0.475998887    1.745329252   52.162490185   -4.278546680   18.938759840
    0.666398442    1.745329252   51.158854438   -5.082184993   17.912732169
    0.856797996    1.745329252   50.721322180    1.452005465   15.166408483
    1.047197551    1.745329252   52.089407352   13.406295391   11.230407009
    1.237597106    1.745329252   55.933401682   26.712569481    6.838733608
    1.427996661    1.745329252   62.045950813   36.437323230    2.662022419
    1.618396215    1.745329252   69.323672167   38.396028378   -0.935367185
    1.808795770    1.745329252   76.050161790   30.542407928   -3.944150038
    1.999195325    1.745329252   80.380037904   13.592623907   -6.587473401
    2.189594880    1.745329252   80.850994454   -9.300808184   -9.108696245
    2.379994435    1.745329252   76.766888481  -33.406345894  -11.587154537
    2.570393989    1.745329252   68.381255767  -53.667928953  -13.873107038
    2.760793544    1.745329252   56.849004816  -65.882870254  -15.653132790
    2.951193099    1.745329252   43.969717367  -67.613347611  -16.597305098

   -3.141592654    2.094395102   24.748512897  -58.588894806  -18.903216198
   -2.951193099    2.094395102   15.199544655  -41.019922448  -17.859291918
   -2.760793544    2.094395102    9.254756357  -21.705292308  -15.925113521
   -2.570393989    2.094395102    6.688562852   -6.371353053  -13.311580139
   -2.379994435    2.094395102    6.333052278    1.155828457  -10.204385756
   -2.189594880    2.094395102    6.598418432    0.410787612   -6.702102294
   -1.999195325    2.094395102    6.163676270   -5.405669277   -2.877685629
   -1.808795770    2.094395102    4.562472972  -10.886941891    1.093189042
   -1.618396215    2.094395102    2.372742305  -10.900026040    4.861534161
   -1.427996661    2.094395102    0.928885467   -2.964245548    7.998658185
   -1.237597106    2.094395102    1.686118887   11.716041398   10.211628998
   -1.047197551    2.094395102    5.574252722   29.062628303   11.522290676
   -0.856797996    2.094395102   12.628524757   44.186472699   12.264467992
   -0.666398442    2.094395102   22.031322685   53.236544255   12.894568570
   -0.475998887    2.094395102   32.418016989   54.360305314   13.737296668
   -0.285599332    2.094395102   42.259240295   47.689943077   14.815117783
   -0.095199777    2.094395102   50.204220590   34.838628972   15.811880190
    0.095199777    2.094395102   55.328078835   18.627588368   16.179086509
    0.285599332    2.094395102   57.336496787    2.753941862   15.331340767
    0.475998887    2.094395102   56.675245525   -8.749149784   12.909920346
    0.666398442    2.094395102   54.508727227  -12.641290858    8.995647109
    0.856797996    2.094395102   52.449125679   -7.711062588    4.137393574
    1.047197551    2.094395102   52.066726273    4.479016767   -0.810477041
    1.237597106    2.094395102   54.359175029   19.528979328   -5.044916629
    1.427996661    2.094395102   59.326771220   31.610028444   -8.100781131
    1.618396215    2.094395102   65.886782856   35.557114815  -10.000740620
    1.808795770    2.094395102   72.184763971   28.693395191  -11.155374635
    1.999195325    2.094395102   76.169141516   11.661363542  -12.114105904
    2.189594880    2.094395102   76.207507764  -11.962267180  -13.299173032
    2.379994435    2.094395102   71.541134819  -36.796652725  -14.839734379
    2.570393989    2.094395102   62.481958229  -57.212370994  -16.555155069
    2.760793544    2.094395102   50.327223994  -68.718286500  -18.062572371
    2.951193099    2.094395102   37.037668151  -68.980771695  -18.942601598

   -3.141592654    2.443460953   18.358260656  -58.221274886  -13.397931288
   -2.951193099    2.443460953    9.024956721  -39.147704979  -11.975127673
   -2.760793544    2.443460953    3.568449638  -18.502370631   -9.892671498
   -2.570393989    2.443460953    1.718958336   -2.095196669   -7.300801294
   -2.379994435    2.443460953    2.265978386    6.339189549   -4.306022789
   -2.189594880    2.443460953    3.600347567    6.444838670   -0.907015023
   -1.999195325    2.443460953    4.388857854    1.369745512    2.938037688
   -1.808795770    2.443460953    4.122138957   -3.740002105    7.156857511
   -1.618396215    2.443460953    3.279327136   -4.025934413   11.445093762
   -1.427996661    2.443460953    3.063265156    2.955932615   15.315716750
   -1.237597106    2.443460953    4.824746423   16.314524325   18.300776633
   -1.047197551    2.443460953    9.468385991   32.447196080   20.163432053
   -0.856797996    2.443460953   17.083677816   46.767106437   20.962721477
   -0.666398442    2.443460953   26.932214207   55.367033315   20.927975380
   -0.475998887    2.443460953   37.684475262   56.022293553   20.260326807
   -0.285599332    2.443460953   47.761680887   48.382853848   18.992708019
   -0.095199777    2.443460953   55.680780515   33.724072432   16.959524304
    0.095199777    2.443460953   60.350960976   14.850976323   13.897977568
    0.285599332    2.443460953   61.349817973   -4.090142807    9.621037253
    0.475998887    2.443460953   59.118356855  -18.249305749    4.230403727
    0.666398442    2.443460953   54.987465619  -23.487551809   -1.763072841
    0.856797996    2.443460953   50.880487555  -18.027714304   -7.516872213
    1.047197551    2.443460953   48.726717429   -3.567683912  -12.119766850
    1.237597106    2.443460953   49.788478840   14.723889968  -14.970985104
    1.427996661    2.443460953   54.147505300   29.918177331  -15.996072693
    1.618396215    2.443460953   60.603543639   35.940628714  -15.642913461
    1.808795770    2.443460953   67.059474376   29.742331672  -14.641468500
    1.999195325    2.443460953   71.206742037   12.171306690  -13.689322096
    2.189594880    2.443460953   71.235940940  -12.604821508  -13.214492181
    2.379994435    2.443460953   66.336026605  -38.536823966  -13.293613260
    2.570393989    2.443460953   56.882161394  -59.487372958  -13.711428956
    2.760793544    2.443460953   44.305588114  -70.733818476  -14.098374956
    2.951193099    2.443460953   30.715252364  -70.026668665  -14.078743548

   -3.141592654    2.792526803   15.159407027  -56.826026515    0.838771535
   -2.951193099    2.792526803    6.170431107  -36.943329398    2.983163378
   -2.760793544    2.792526803    1.209615352  -15.520449311    4.996010194
   -2.570393989    2.792526803    0.000000000    1.639934584    6.823065496
   -2.379994435    2.792526803    1.336975651   10.926414295    8.586694469
   -2.189594880    2.792526803    3.642266331   12.084982215   10.581744537
   -1.999195325    2.792526803    5.615318707    8.161023422   13.129692047
   -1.808795770    2.792526803    6.734214855    3.934474550   16.358299893
   -1.618396215    2.792526803    7.383149496    3.816143935   20.038000309
   -1.427996661    2.792526803    8.599800287   10.000073511   23.612007427
   -1.237597106    2.792526803   11.557805719   21.725353830   26.412018799
   -1.047197551    2.792526803   17.038296022   35.792897977   27.924648602
   -0.856797996    2.792526803   25.087558441   47.989978405   27.943438940
   -0.666398442    2.792526803   34.974633033   54.557114991   26.526095849
   -0.475998887    2.792526803   45.380576735   53.180121434   23.855073848
   -0.285599332    2.792526803   54.710611660   43.338447052   20.113757429
   -0.095199777    2.792526803   61.442111917   26.272813022   15.428057347
    0.095199777    2.792526803   64.462546478    5.007873930    9.917439393
    0.285599332    2.792526803   63.397233869  -15.787919404    3.792266869
    0.475998887    2.792526803   58.851540806  -30.606904807   -2.527647207
    0.666398442    2.792526803   52.437273113  -34.806754320   -8.395872932
    0.856797996    2.792526803   46.411938936  -26.588933288  -13.067387628
    1.047197551    2.792526803   42.983718790   -8.282858947  -15.947603046
    1.237597106    2.792526803   43.526691699   13.914915721  -16.855628239
    1.427996661    2.792526803   48.033901775   32.070589389  -16.085775936
    1.618396215    2.792526803   55.063651529   39.564861137  -14.263244662
    1.808795770    2.792526803   62.232499284   33.411882465  -12.063503910
    1.999195325    2.792526803   67.003771807   14.963178191   -9.966137653
    2.189594880    2.792526803   67.452793743  -10.980055502   -8.150646792
    2.379994435    2.792526803   62.763808622  -37.872758519   -6.547024270
    2.570393989    2.792526803   53.380763363  -59.315630110   -4.966234236
    2.760793544    2.792526803   40.832513795  -70.525999952   -3.235815478
    2.951193099    2.792526803   27.321076186  -69.357861311   -1.282159358
