#! FIELDS phi psi file.free der_phi der_psi
#! SET min_phi -pi
#! SET max_phi pi
#! SET nbins_phi  33
#! SET periodic_phi true
#! SET min_psi -pi
#! SET max_psi pi
#! SET nbins_psi  18
#! SET periodic_psi true
   -3.141592654   -3.141592654   18.580364739  -54.279919266   15.801060404
   -2.951193099   -3.141592654    9.955521247  -35.588432854   18.268922951
   -2.760793544   -3.141592654    5.181541295  -14.802897657   19.936088924
   -2.570393989   -3.141592654    4.095199308    2.325744912   20.899085131
   -2.379994435   -3.141592654    5.606624361   12.176241136   21.518111534
   -2.189594880   -3.141592654    8.247278481   14.446428568   22.316764404
   -1.999195325   -3.141592654   10.805003658   11.973591296   23.756046031
   -1.808795770   -3.141592654   12.783153855    9.084060505   25.976344314
   -1.618396215   -3.141592654   14.485926075    9.578324803   28.649789050
   -1.427996661   -3.141592654   16.761085398   15.148166991   31.060644494
   -1.237597106   -3.141592654   20.530051767   24.895557843   32.386294819
   -1.047197551   -3.141592654   26.336087090   35.926008793   32.031829329
   -0.856797996   -3.141592654   34.073241315   44.552910470   29.836709306
   -0.666398442   -3.141592654   42.963293796   47.579483499   26.044004554
   -0.475998887   -3.141592654   51.740855537   43.194264359   21.128054297
   -0.285599332   -3.141592654   58.953836840   31.290701346   15.586499135
   -0.095199777   -3.141592654   63.292574499   13.437600722    9.789941187
    0.095199777   -3.141592654   63.906229951   -7.183385219    3.969516696
    0.285599332   -3.141592654   60.690076401  -25.966133853   -1.701998871
    0.475998887   -3.141592654   54.484270220  -37.722079829   -6.962983466
    0.666398442   -3.141592654   47.051231105  -38.349536306  -11.395999947
    0.856797996   -3.141592654   40.681199706  -26.730543301  -14.491030410
    1.047197551   -3.141592654   37.483905211   -5.881224033  -15.848078763
    1.237597106   -3.141592654   38.626003582   17.608433207  -15.400382713
    1.427996661   -3.141592654   43.863526844   35.915887593  -13.468134882
    1.618396215   -3.141592654   51.588933277   43.022453713  -10.614885797
    1.808795770   -3.141592654   59.390068988   36.703511195   -7.394659225
    1.999195325   -3.141592654   64.823316169   18.755977761   -4.148422857
    2.189594880   -3.141592654   66.087359222   -6.160065959   -0.950295560
    2.379994435   -3.141592654   62.413182578  -32.096736181    2.294656648
    2.570393989   -3.141592654   54.169093526  -53.275856590    5.689794222
    2.760793544   -3.141592654   42.722259199  -65.144001493    9.214576623
    2.951193099   -3.141592654   30.115535655  -65.312376045   12.685313469

   -3.141592654   -2.792526803   25.667361130  -49.525423272   23.769567155
   -2.951193099   -2.792526803   17.772201857  -32.721795115   26.152430483
   -2.760793544   -2.792526803   13.368122944  -13.726972261   27.293612516
   -2.570393989   -2.792526803   12.363208807    2.248722553   27.437654032
   -2.379994435   -2.792526803   13.830423619   11.977107777   27.122040787
   -2.189594880   -2.792526803   16.509219016   15.207908049   26.996098634
   -1.999195325   -2.792526803   19.362839844   14.378752664   27.556754368
   -1.808795770   -2.792526803   21.955419835   13.042917964   28.903335346
   -1.618396215   -2.792526803   24.490043994   14.140005476   30.639184593
   -1.427996661   -2.792526803   27.571407468   18.785595742   31.994298790
   -1.237597106   -2.792526803   31.818336006   26.058556044   32.128006690
   -1.047197551   -2.792526803   37.521482093   33.589965236   30.466626301
   -0.856797996   -2.792526803   44.455476892   38.493694873   26.910418065
   -0.666398442   -2.792526803   51.874068117   38.329161183   21.806014957
   -0.475998887   -2.792526803   58.663495063   31.762813274   15.764674421
   -0.285599332   -2.792526803   63.582626290   18.823127074    9.430364388
   -0.095199777   -2.792526803   65.532416263    0.976862221    3.297604370
    0.095199777   -2.792526803   63.842381587  -18.790098484   -2.330331067
    0.285599332   -2.792526803   58.554539643  -35.997122330   -7.275333231
    0.475998887   -2.792526803   50.642851557  -45.491739965  -11.351779740
    0.666398442   -2.792526803   41.997737054  -43.208937404  -14.300924445
    0.856797996   -2.792526803   35.014583847  -28.259668408  -15.829142879
    1.047197551   -2.792526803   31.840290105   -4.154665924  -15.762157184
    1.237597106   -2.792526803   33.571927260   21.933344620  -14.195715867
    1.427996661   -2.792526803   39.798940136   41.811354501  -11.502267423
    1.618396215   -2.792526803   48.714119490   49.491907220   -8.169416308
    1.808795770   -2.792526803   57.749661289   43.149740074   -4.589545997
    1.999195325   -2.792526803   64.397625464   25.090744089   -0.919774987
    2.189594880   -2.792526803   66.875881151    0.306486445    2.901593525
    2.379994435   -2.792526803   64.466090727  -25.261563376    7.008503499
    2.570393989   -2.792526803   57.557967617  -46.122557849   11.430728538
    2.760793544   -2.792526803   47.473006180  -58.099796110   15.977834728
    2.951193099   -2.792526803   36.144532538  -59.068172188   20.252230473

   -3.141592654   -2.443460953   33.920619055  -44.497213640   22.082826827
   -2.951193099   -2.443460953   26.770901519  -29.957009374   24.004299366
   -2.760793544   -2.443460953   22.685169374  -13.073333965   24.821387508
   -2.570393989   -2.443460953   21.657981027    1.521304248   24.798808148
   -2.379994435   -2.443460953   22.938758424   10.930644818   24.408288692
   -2.189594880   -2.443460953   25.468995394   14.829507991   24.145506394
   -1.999195325   -2.443460953   28.357701861   15.145420009   24.318751874
   -1.808795770   -2.443460953   31.187829631   14.655747801   24.884902347
   -1.618396215   -2.443460953   34.032634314   15.573729174   25.426434616
   -1.427996661   -2.443460953   37.260735856   18.671115350   25.297149132
   -1.237597106   -2.443460953   41.241440110   23.237130066   23.891614322
   -1.047197551   -2.443460953   46.103036722   27.576393236   20.910373504
   -0.856797996   -2.443460953   51.608167248   29.632357708   16.491256859
   -0.666398442   -2.443460953   57.144264979   27.629920282   11.130510626
   -0.475998887   -2.443460953   61.823694549   20.530814788    5.478012768
   -0.285599332   -2.443460953   64.649534862    8.249189090    0.112642875
   -0.095199777   -2.443460953   64.716620799   -8.119685585   -4.607074670
    0.095199777   -2.443460953   61.468448273  -26.020827965   -8.549143082
    0.285599332   -2.443460953   54.989296984  -41.267032731  -11.710527171
    0.475998887   -2.443460953   46.260714214  -48.795355260  -14.079644612
    0.666398442   -2.443460953   37.176956447  -44.494731931  -15.562770046
    0.856797996   -2.443460953   30.143613795  -27.492441824  -15.998336889
    1.047197551   -2.443460953   27.299879919   -1.480322905  -15.273280247
    1.237597106   -2.443460953   29.690139420   26.093174794  -13.443738040
    1.427996661   -2.443460953   36.804408852   46.877639371  -10.761546112
    1.618396215   -2.443460953   46.728573571   54.962110591   -7.565298055
    1.808795770   -2.443460953   56.825299778   48.820945231   -4.135602182
    1.999195325   -2.443460953   64.581043380   31.093775291   -0.590342976
    2.189594880   -2.443460953   68.257372786    6.925824006    3.106820763
    2.379994435   -2.443460953   67.181312278  -17.875889543    7.033222938
    2.570393989   -2.443460953   61.738866016  -38.191017909   11.169945409
    2.760793544   -2.443460953   53.168826131  -50.260582127   15.311912858
    2.951193099   -2.443460953   43.254814985  -52.217204032   19.088542081

   -3.141592654   -2.094395102   40.071345604  -40.758971803   14.224354555
   -2.951193099   -2.094395102   33.484747190  -27.792303392   15.500981171
   -2.760793544   -2.094395102   29.673127784  -12.299566636   16.123068690
   -2.570393989   -2.094395102   28.699599228    1.415743880   16.244420076
   -2.379994435   -2.094395102   29.926882798   10.572751600   16.083058347
   -2.189594880   -2.094395102   32.403266970   14.667838951   15.807056598
   -1.999195325   -2.094395102   35.284873150   15.190337268   15.442102009
   -1.808795770   -2.094395102   38.105605351   14.388303248   14.834829603
   -1.618396215   -2.094395102   40.799348016   14.093942570   13.709131443
   -1.427996661   -2.094395102   43.556105570   15.078323018   11.790274673
   -1.237597106   -2.094395102   46.609498659   17.076911121    8.951841512
   -1.047197551   -2.094395102   50.068430193   19.127416061    5.307795903
   -0.856797996   -2.094395102   53.819633962   19.871650642    1.202966428
   -0.666398442   -2.094395102   57.476884544   17.884716347   -2.909359217
   -0.475998887   -2.094395102   60.400138041   12.005553229   -6.619746920
   -0.285599332   -2.094395102   61.778846699    1.648227152   -9.678493810
   -0.095199777   -2.094395102   60.784338132  -12.695800313  -12.039240415
    0.095199777   -2.094395102   56.832089645  -28.913428462  -13.811023080
    0.285599332   -2.094395102   49.922674465  -42.957178080  -15.149552937
    0.475998887   -2.094395102   40.958536028  -49.605212455  -16.143586500
    0.666398442   -2.094395102   31.800855651  -44.435300550  -16.748438892
    0.856797996   -2.094395102   24.876749162  -26.351558690  -16.787501018
    1.047197551   -2.094395102   22.369591968    0.947297736  -16.054306720
    1.237597106   -2.094395102   25.345661745   29.794191693  -14.440768252
    1.427996661   -2.094395102   33.266992908   51.590620097  -12.027912452
    1.618396215   -2.094395102   44.154436774   60.297977840   -9.048986414
    1.808795770   -2.094395102   55.300373960   54.459962848   -5.794162027
    1.999195325   -2.094395102   64.147770595   36.909353370   -2.492124846
    2.189594880   -2.094395102   68.950501530   12.942854404    0.745772398
    2.379994435   -2.094395102   69.042376372  -11.637182981    3.894487919
    2.570393989   -2.094395102   64.798985613  -31.885926204    6.936041350
    2.760793544   -2.094395102   57.406656248  -44.284467919    9.785877886
    2.951193099   -2.094395102   48.557073825  -47.115165558   12.278925302

   -3.141592654   -1.745329252   43.112793524  -38.667311883    5.636155040
   -2.951193099   -1.745329252   36.844452540  -26.553854756    6.186626571
   -2.760793544   -1.745329252   33.190082285  -11.872471016    6.493765197
   -2.570393989   -1.745329252   32.231090100    1.166095254    6.572058795
   -2.379994435   -1.745329252   33.355351221    9.744582914    6.390629792
   -2.189594880   -1.745329252   35.615208560   13.191572334    5.844811118
   -1.999195325   -1.745329252   38.132997498   12.785006902    4.774843934
   -1.808795770   -1.745329252   40.376823038   10.677400320    3.027423657
   -1.618396215   -1.745329252   42.217358022    8.828544958    0.545439097
   -1.427996661   -1.745329252   43.828940605    8.373515131   -2.567695214
   -1.237597106   -1.745329252   45.510821967    9.511585974   -6.034170182
   -1.047197551   -1.745329252   47.518630856   11.630547247   -9.455502574
   -0.856797996   -1.745329252   49.929598154   13.450009974  -12.414124144
   -0.666398442   -1.745329252   52.529589500   13.291560707  -14.598561688
   -0.475998887   -1.745329252   54.777891818    9.514840606  -15.888037409
   -0.285599332   -1.745329252   55.865559813    1.006875309  -16.375623228
   -0.095199777   -1.745329252   54.876905746  -12.116992279  -16.324493659
    0.095199777   -1.745329252   51.091228704  -27.857669913  -16.072901690
    0.285599332   -1.745329252   44.377816030  -42.019954498  -15.909536335
    0.475998887   -1.745329252   35.557997050  -49.029909750  -15.969222822
    0.666398442   -1.745329252   26.486944921  -44.038050598  -16.179681240
    0.856797996   -1.745329252   19.658890692  -25.644540880  -16.269397924
    1.047197551   -1.745329252   17.359977316    2.510039727  -15.884708998
    1.237597106   -1.745329252   20.744124152   32.534262821  -14.741170132
    1.427996661   -1.745329252   29.300831510   55.480198932  -12.771451607
    1.618396215   -1.745329252   41.013298086   64.988428213  -10.144299986
    1.808795770   -1.745329252   53.091298466   59.471157988   -7.194055728
    1.999195325   -1.745329252   62.890625335   41.835697845   -4.281137776
    2.189594880   -1.745329252   68.604595383   17.559382279   -1.667955114
    2.379994435   -1.745329252   69.540779072   -7.393114323    0.527436259
    2.570393989   -1.745329252   66.070155130  -28.019336394    2.305216376
    2.760793544   -1.745329252   59.374327646  -40.855890569    3.719615574
    2.951193099   -1.745329252   51.125511453  -44.267323786    4.820537614

   -3.141592654   -1.396263402   41.980991204  -39.386379640    2.651650107
   -2.951193099   -1.396263402   35.595169963  -27.044928362    2.538754640
   -2.760793544   -1.396263402   31.879784593  -12.029388262    2.259699152
   -2.570393989   -1.396263402   30.914947824    1.216633726    1.781746899
   -2.379994435   -1.396263402   32.038585379    9.595651328    0.986191289
   -2.189594880   -1.396263402   34.202442767   12.217646065   -0.327105589
   -1.999195325   -1.396263402   36.403275930   10.334027076   -2.369726709
   -1.808795770   -1.396263402   38.005962726    6.371927830   -5.238287377
   -1.618396215   -1.396263402   38.856908635    2.818444819   -8.795540032
   -1.427996661   -1.396263402   39.218575527    1.428318268  -12.642354845
   -1.237597106   -1.396263402   39.584202479    2.854821943  -16.209599915
   -1.047197551   -1.396263402   40.456267433    6.562422544  -18.930820657
   -0.856797996   -1.396263402   42.134210458   10.927458444  -20.415533103
   -0.666398442   -1.396263402   44.526714582   13.620307072  -20.558893251
   -0.475998887   -1.396263402   47.080779382   12.269242489  -19.545527359
   -0.285599332   -1.396263402   48.848260101    5.195285171  -17.779291333
   -0.095199777   -1.396263402   48.695215001   -7.741215926  -15.763794565
    0.095199777   -1.396263402   45.667336801  -24.438912641  -13.964453251
    0.285599332   -1.396263402   39.450333626  -40.295856958  -12.684058780
    0.475998887   -1.396263402   30.782715909  -49.118706746  -11.992889571
    0.666398442   -1.396263402   21.562455543  -45.373819826  -11.732788047
    0.856797996   -1.396263402   14.444085960  -27.164874077  -11.575363572
    1.047197551   -1.396263402   11.933434118    1.981109568  -11.163176476
    1.237597106   -1.396263402   15.381248046   33.800621012  -10.230742468
    1.427996661   -1.396263402   24.367694163   58.674814504   -8.713849028
    1.618396215   -1.396263402   36.833040866   69.553579872   -6.741555612
    1.808795770   -1.396263402   49.836232310   64.441829412   -4.570700779
    1.999195325   -1.396263402   60.542815488   46.247421567   -2.481771557
    2.189594880   -1.396263402   66.989392037   20.767151406   -0.688912210
    2.379994435   -1.396263402   68.402684753   -5.592418396    0.699076427
    2.570393989   -1.396263402   65.152963952  -27.447129910    1.669840241
    2.760793544   -1.396263402   58.478689661  -41.129606312    2.273817784
    2.951193099   -1.396263402   50.132247524  -44.950525417    2.579632472

   -3.141592654   -1.047197551   39.810404681  -41.169648038    3.033539083
   -2.951193099   -1.047197551   33.118044483  -28.471029898    1.777389101
   -2.760793544   -1.047197551   29.164519826  -13.137377954    0.230195458
   -2.570393989   -1.047197551   27.995266630    0.097140402   -1.516245957
   -2.379994435   -1.047197551   28.861673792    7.907642732   -3.474045527
   -2.189594880   -1.047197551   30.600727836    9.351161783   -5.786459811
   -1.999195325   -1.047197551   32.110610831    5.917531176   -8.640766757
   -1.808795770   -1.047197551   32.731840083    0.560151515  -12.091208797
   -1.618396215   -1.047197551   32.401037508   -3.602188368  -15.902589621
   -1.427996661   -1.047197551   31.579431220   -4.355599614  -19.540321515
   -1.237597106   -1.047197551   31.009246314   -0.995404202  -22.332108653
   -1.047197551   -1.047197551   31.407478330    5.533610163  -23.716891329
   -0.856797996   -1.047197551   33.180997483   12.926516300  -23.449243297
   -0.666398442   -1.047197551   36.207781077   18.143015996  -21.671862699
   -0.475998887   -1.047197551   39.784634934   18.289632027  -18.843975635
   -0.285599332   -1.047197551   42.741970805   11.460511488  -15.591000026
   -0.095199777   -1.047197551   43.711991150   -2.384340951  -12.517216491
    0.095199777   -1.047197551   41.551330372  -20.778637559  -10.040161801
    0.285599332   -1.047197551   35.844279366  -38.593406921   -8.293903800
    0.475998887   -1.047197551   27.334563809  -49.077416608   -7.143787247
    0.666398442   -1.047197551   18.021551412  -46.246158237   -6.303562515
    0.856797996   -1.047197551   10.725196971  -28.023281935   -5.470637301
    1.047197551   -1.047197551    8.120687226    1.955751958   -4.462132116
    1.237597106   -1.047197551   11.681950633   35.036856876   -3.232510487
    1.427996661   -1.047197551   21.024455436   61.118028502   -1.859635948
    1.618396215   -1.047197551   34.034817977   72.720329122   -0.460378860
    1.808795770   -1.047197551   47.654795396   67.623085816    0.863608098
    1.999195325   -1.047197551   58.913219894   48.758112920    2.044843536
    2.189594880   -1.047197551   65.735095023   22.146253932    3.036745821
    2.379994435   -1.047197551   67.289877743   -5.482454425    3.788666083
    2.570393989   -1.047197551   63.952467565  -28.425868860    4.230735437
    2.760793544   -1.047197551   57.017524729  -42.813606638    4.285325255
    2.951193099   -1.047197551   48.320055311  -46.878379520    3.889535148

   -3.141592654   -0.698131701   39.439793086  -44.838895949    2.911609919
   -2.951193099   -0.698131701   32.001712055  -32.569267277    0.957557966
   -2.760793544   -0.698131701   27.256639513  -17.303474551   -1.337802579
   -2.570393989   -0.698131701   25.301510753   -3.990658066   -3.833903519
   -2.379994435   -0.698131701   25.385529291    3.725703839   -6.484851410
   -2.189594880   -0.698131701   26.290363815    4.707514397   -9.372763549
   -1.999195325   -0.698131701   26.851177750    0.587787134  -12.608887641
   -1.808795770   -0.698131701   26.408947265   -5.180301073  -16.133782804
   -1.618396215   -0.698131701   25.011208397   -8.878882230  -19.568665609
   -1.427996661   -0.698131701   23.324512178   -7.960940131  -22.262850678
   -1.237597106   -0.698131701   22.312592594   -1.893898306  -23.543048929
   -1.047197551   -0.698131701   22.835555887    7.748684627  -23.019416289
   -0.856797996   -0.698131701   25.303275335   17.874737439  -20.770678314
   -0.666398442   -0.698131701   29.454498525   24.792983648  -17.308036069
   -0.475998887   -0.698131701   34.352582813   25.281544972  -13.369080043
   -0.285599332   -0.698131701   38.569067244   17.498595103   -9.661347444
   -0.095199777   -0.698131701   40.524866021    1.830816384   -6.635288423
    0.095199777   -0.698131701   38.971177785  -18.595900454   -4.365860311
    0.285599332   -0.698131701   33.518255030  -37.981585749   -2.586739951
    0.475998887   -0.698131701   25.046017719  -49.138890676   -0.883588690
    0.666398442   -0.698131701   15.735574825  -46.024827060    1.041349678
    0.856797996   -0.698131701    8.563173727  -26.899371126    3.196218234
    1.047197551   -0.698131701    6.273965772    4.114923592    5.286400071
    1.237597106   -0.698131701   10.323268682   37.917008810    6.922376788
    1.427996661   -0.698131701   20.243577002   64.211475850    7.835981385
    1.618396215   -0.698131701   33.826094699   75.567949149    8.022832990
    1.808795770   -0.698131701   47.941222856   69.942193218    7.710227199
    1.999195325   -0.698131701   59.580405559   50.425914459    7.206347921
    2.189594880   -0.698131701   66.652503254   23.097570082    6.737945912
    2.379994435   -0.698131701   68.312923047   -5.345120511    6.363686030
    2.570393989   -0.698131701   64.913979000  -29.231496939    5.977505636
    2.760793544   -0.698131701   57.726679561  -44.669885581    5.385324563
    2.951193099   -0.698131701   48.577092166  -49.749566102    4.396128087

   -3.141592654   -0.349065850   40.077365311  -48.825891750    2.529752689
   -2.951193099   -0.349065850   31.810734436  -37.219051289   -0.075419687
   -2.760793544   -0.349065850   26.144772462  -22.260846337   -3.002599997
   -2.570393989   -0.349065850   23.237044247   -9.015569598   -6.030059178
   -2.379994435   -0.349065850   22.357797336   -1.390401054   -9.039677843
   -2.189594880   -0.349065850   22.264205417   -0.694830709  -12.056371909
   -1.999195325   -0.349065850   21.763802983   -5.123653818  -15.129343642
   -1.808795770   -0.349065850   20.240084017  -10.685575610  -18.115875375
   -1.618396215   -0.349065850   17.897595695  -13.075445368  -20.553446552
   -1.427996661   -0.349065850   15.640828146   -9.551650988  -21.769904038
   -1.237597106   -0.349065850   14.646815377   -0.040255820  -21.207453329
   -1.047197551   -0.349065850   15.849887500   12.932664638  -18.753984605
   -0.856797996   -0.349065850   19.541596662   25.298861536  -14.869272707
   -0.666398442   -0.349065850   25.189813671   32.802884786  -10.408080749
   -0.475998887   -0.349065850   31.538169041   32.270456980   -6.274648908
   -0.285599332   -0.349065850   36.902420496   22.462892213   -3.084751650
   -0.095199777   -0.349065850   39.596504957    4.678597211   -0.954949019
    0.095199777   -0.349065850   38.440313329  -17.083316649    0.497631199
    0.285599332   -0.349065850   33.246733572  -36.554797326    1.950938761
    0.475998887   -0.349065850   25.129730555  -46.708825908    4.018842465
    0.666398442   -0.349065850   16.415136941  -42.221102078    6.903942682
    0.856797996   -0.349065850   10.062840956  -22.267263295   10.255365256
    1.047197551   -0.349065850    8.649214525    8.467986141   13.311466491
    1.237597106   -0.349065850   13.412501325   40.914192977   15.306423799
    1.427996661   -0.349065850   23.729023152   65.350784198   15.830484656
    1.618396215   -0.349065850   37.364120374   75.067128205   14.993260410
    1.808795770   -0.349065850   51.280208670   68.484600566   13.305212475
    1.999195325   -0.349065850   62.609002378   48.726400530   11.390591324
    2.189594880   -0.349065850   69.369508372   21.559861358    9.705541355
    2.379994435   -0.349065850   70.754113140   -6.740764840    8.397574968
    2.570393989   -0.349065850   67.078621905  -30.811864796    7.319773493
    2.760793544   -0.349065850   59.538947629  -46.860762356    6.163334397
    2.951193099   -0.349065850   49.890047528  -52.828626042    4.620242576

   -3.141592654    0.000000000   40.776445716  -53.009198011    1.137990339
   -2.951193099    0.000000000   31.640985367  -42.090403313   -1.292704321
   -2.760793544    0.000000000   25.010633305  -27.443025216   -3.850074965
   -2.570393989    0.000000000   21.112945267  -14.189136659   -6.383858946
   -2.379994435    0.000000000   19.259230768   -6.447859316   -8.843196957
   -2.189594880    0.000000000   18.212035073   -5.649361234  -11.273799479
   -1.999195325    0.000000000   16.789355106   -9.788879282  -13.678324914
   -1.808795770    0.000000000   14.454111077  -14.384811820  -15.827468776
   -1.618396215    0.000000000   11.584893354  -14.708140194  -17.201247354
   -1.427996661    0.000000000    9.299130309   -8.093211960  -17.173080154
   -1.237597106    0.000000000    8.907413518    4.791375219  -15.365683522
   -1.047197551    0.000000000   11.295619931   20.323076817  -11.943150627
   -0.856797996    0.000000000   16.508672806   33.566769664   -7.631819368
   -0.666398442    0.000000000   23.663088014   40.070691124   -3.413839313
   -0.475998887    0.000000000   31.187931656   37.212380339   -0.102849009
   -0.285599332    0.000000000   37.241117965   24.801619519    1.989870631
   -0.095199777    0.000000000   40.191656232    5.244574109    3.170989323
    0.095199777    0.000000000   39.096911018  -16.714166529    4.207827104
    0.285599332    0.000000000   34.087627722  -34.758039098    5.976872150
    0.475998887    0.000000000   26.530053262  -42.579809010    9.016571731
    0.666398442    0.000000000   18.810220249  -36.067385776   13.204136695
    0.856797996    0.000000000   13.716343086  -15.529242270   17.728177187
    1.047197551    0.000000000   13.492763026   13.919753982   21.413775139
    1.237597106    0.000000000   19.050461389   43.644726729   23.276079100
    1.427996661    0.000000000   29.587145224   64.967223351   22.940366407
    1.618396215    0.000000000   42.899508533   72.245565866   20.742660079
    1.808795770    0.000000000   56.144376805   64.485582938   17.491280559
    1.999195325    0.000000000   66.697828429   44.752123350   14.064584830
    2.189594880    0.000000000   72.763023447   18.292223839   11.071067417
    2.379994435    0.000000000   73.600411028   -9.265484870    8.713388640
    2.570393989    0.000000000   69.482677865  -33.033246423    6.844099556
    2.760793544    0.000000000   61.500558980  -49.389798660    5.140270969
    2.951193099    0.000000000   51.302188687  -56.117715145    3.290250930

   -3.141592654    0.349065850   42.270576958  -55.939572902    0.283603300
   -2.951193099    0.349065850   32.515650315  -45.619670028   -1.316882072
   -2.760793544    0.349065850   25.170956545  -31.361243160   -2.877282242
   -2.570393989    0.349065850   20.507654425  -18.276349135   -4.371424347
   -2.379994435    0.349065850   17.869258539  -10.584921311   -5.840906635
   -2.189594880    0.349065850   16.036886583   -9.727453665   -7.357147828
   -1.999195325    0.349065850   13.867690900  -13.459209671   -8.895216451
   -1.808795770    0.349065850   10.928973289  -16.895374318  -10.207004453
   -1.618396215    0.349065850    7.770632870  -15.072679405  -10.828683347
   -1.427996661    0.349065850    5.680469085   -5.612569062  -10.280816927
   -1.237597106    0.349065850    6.028079398    9.967090899   -8.370937679
   -1.047197551    0.349065850    9.573117187   27.029111430   -5.390064391
   -0.856797996    0.349065850   16.070412242   40.048068550   -2.046367037
   -0.666398442    0.349065850   24.307300431   44.758288017    0.874707088
   -0.475998887    0.349065850   32.491124009   39.428159567    2.890574466
   -0.285599332    0.349065850   38.763245595   25.063914855    4.053971700
   -0.095199777    0.349065850   41.692470236    5.059509699    4.940735273
    0.095199777    0.349065850   40.670926114  -15.454291965    6.386333020
    0.285599332    0.349065850   36.161556831  -30.609187844    9.101776162
    0.475998887    0.349065850   29.702194855  -35.276486756   13.281625637
    0.666398442    0.349065850   23.587774771  -26.830828346   18.410039665
    0.856797996    0.349065850   20.258587203   -6.679862467   23.368277205
    1.047197551    0.349065850   21.485958984   19.947093251   26.859139562
    1.237597106    0.349065850   27.790230226   45.330255638   27.964321523
    1.427996661    0.349065850   38.218776804   62.272295561   26.507974337
    1.618396215    0.349065850   50.695271916   66.457077534   23.058389371
    1.808795770    0.349065850   62.692980319   57.501613739   18.613160117
    1.999195325    0.349065850   71.941916549   38.268979970   14.163433122
    2.189594880    0.349065850   76.903505282   13.271819499   10.364546320
    2.379994435    0.349065850   76.940188026  -12.701229356    7.432160409
    2.570393989    0.349065850   72.283036956  -35.383548104    5.233185028
    2.760793544    0.349065850   63.897612602  -51.405453896    3.473103911
    2.951193099    0.349065850   53.294385745  -58.429823130    1.873150675

   -3.141592654    0.698131701   43.571581662  -58.020581159   -1.040845527
   -2.951193099    0.698131701   33.388026264  -48.002993056   -1.586101785
   -2.760793544    0.698131701   25.570114676  -33.905204312   -1.939973932
   -2.570393989    0.698131701   20.419157354  -20.824213230   -2.211024829
   -2.379994435    0.698131701   17.302042171  -13.052128610   -2.530151305
   -2.189594880    0.698131701   15.012301934  -12.042635974   -3.000019483
   -1.999195325    0.698131701   12.431775615  -15.407470150   -3.612668885
   -1.808795770    0.698131701    9.190615242  -18.032830232   -4.199079733
   -1.618396215    0.698131701    5.936174224  -14.864850021   -4.468436490
   -1.427996661    0.698131701    4.039712493   -3.779516817   -4.147879536
   -1.237597106    0.698131701    4.872785933   13.129315138   -3.152174856
   -1.047197551    0.698131701    9.081052594   30.648205363   -1.664535783
   -0.856797996    0.698131701   16.225824024   43.071425424   -0.053911625
   -0.666398442    0.698131701   24.923110769   46.522752039    1.357628159
   -0.475998887    0.698131701   33.327259575   40.071143088    2.501599852
   -0.285599332    0.698131701   39.687520586   25.562765241    3.643078939
   -0.095199777    0.698131701   42.811592917    6.853907692    5.295822436
    0.095199777    0.698131701   42.362887575  -11.059755102    7.980515989
    0.285599332    0.698131701   38.987563795  -23.103719735   11.950034618
    0.475998887    0.698131701   34.208025559  -25.361617391   16.954305159
    0.666398442    0.698131701   30.067633659  -16.404461370   22.202945509
    0.856797996    0.698131701   28.576106756    1.770902810   26.553693754
    1.047197551    0.698131701   31.049725035   24.312418428   28.924158321
    1.237597106    0.698131701   37.712198079   44.711110093   28.723728850
    1.427996661    0.698131701   47.583758333   57.259397469   26.077316795
    1.618396215    0.698131701   58.817947388   58.762348747   21.722502581
    1.808795770    0.698131701   69.258985433   49.173426451   16.675401824
    1.999195325    0.698131701   76.997442300   30.943175442   11.849011739
    2.189594880    0.698131701   80.731444810    7.765026832    7.806563157
    2.379994435    0.698131701   79.899103008  -16.381244751    4.720692768
    2.570393989    0.698131701   74.675626875  -37.769259272    2.489190516
    2.760793544    0.698131701   65.902559561  -53.206569654    0.901118355
    2.951193099    0.698131701   54.963400617  -60.223048974   -0.235839269

   -3.141592654    1.047197551   41.894563613  -58.779881294   -4.795521137
   -2.951193099    1.047197551   31.652944247  -47.857161491   -4.155592405
   -2.760793544    1.047197551   23.931134990  -33.083474516   -3.152378719
   -2.570393989    1.047197551   18.971956546  -19.692857495   -2.077820258
   -2.379994435    1.047197551   16.068129781  -12.000319214   -1.176542775
   -2.189594880    1.047197551   13.947889771  -11.340288757   -0.584340370
   -1.999195325    1.047197551   11.461883357  -15.104187153   -0.313529960
   -1.808795770    1.047197551    8.252324821  -17.964035795   -0.288343344
   -1.618396215    1.047197551    5.009657420  -14.771541310   -0.397842719
   -1.427996661    1.047197551    3.149340070   -3.480182770   -0.539768932
   -1.237597106    1.047197551    4.060032606   13.621208804   -0.636534830
   -1.047197551    1.047197551    8.369258983   31.174418848   -0.625314019
   -0.856797996    1.047197551   15.608261775   43.533167084   -0.425512253
   -0.666398442    1.047197551   24.398779430   47.101740982    0.115086991
   -0.475998887    1.047197551   32.965926440   41.317938091    1.228723814
   -0.285599332    1.047197551   39.689769265   28.271941110    3.189298454
   -0.095199777    1.047197551   43.527139493   11.725659055    6.227265634
    0.095199777    1.047197551   44.235485010   -3.796461308   10.389984051
    0.285599332    1.047197551   42.434181319  -14.002329329   15.419029653
    0.475998887    1.047197551   39.458486206  -15.799340415   20.682621292
    0.666398442    1.047197551   37.031509002   -8.303742585   25.265574745
    0.856797996    1.047197551   36.793349541    6.571732073   28.190208736
    1.047197551    1.047197551   39.773021731   24.734691199   28.761333465
    1.237597106    1.047197551   46.095985359   40.840149090   26.826986708
    1.427996661    1.047197551   54.905307820   50.229483866   22.842908614
    1.618396215    1.047197551   64.631878682   50.240870488   17.663837690
    1.808795770    1.047197551   73.435186146   40.710662139   12.216947223
    1.999195325    1.047197551   79.651957292   23.531582527    7.213871252
    2.189594880    1.047197551   82.106970710    1.753333292    3.033138587
    2.379994435    1.047197551   80.258961259  -21.075069506   -0.223873379
    2.570393989    1.047197551   74.249136682  -41.369190042   -2.589936877
    2.760793544    1.047197551   64.881497432  -55.859852994   -4.114620568
    2.951193099    1.047197551   53.524210641  -61.945508368   -4.830222562

   -3.141592654    1.396263402   37.460860487  -58.275063348  -10.420972179
   -2.951193099    1.396263402   27.481583062  -45.665550898   -9.558105030
   -2.760793544    1.396263402   20.292250503  -29.796573507   -8.067196127
   -2.570393989    1.396263402   16.004514436  -16.044037206   -6.260512750
   -2.379994435    1.396263402   13.777673898   -8.627131502   -4.417530053
   -2.189594880    1.396263402   12.238920532   -8.654580975   -2.714550874
   -1.999195325    1.396263402   10.181397910  -13.311102266   -1.238674808
   -1.808795770    1.396263402    7.221251156  -17.146211082   -0.057465935
   -1.618396215    1.396263402    4.042076943  -14.917106815    0.735744918
   -1.427996661    1.396263402    2.073803048   -4.433228076    1.057722130
   -1.237597106    1.396263402    2.755087569   12.237904920    0.935184903
   -1.047197551    1.396263402    6.808210709   29.969966677    0.577282821
   -0.856797996    1.396263402   13.894642144   43.259041717    0.361255634
   -0.666398442    1.396263402   22.780610360   48.487097152    0.737669626
   -0.475998887    1.396263402   31.814186806   44.889684360    2.085538455
   -0.285599332    1.396263402   39.443466930   34.202773462    4.594489555
   -0.095199777    1.396263402   44.613390205   19.693887196    8.200527080
    0.095199777    1.396263402   46.968477814    5.343154432   12.556080564
    0.285599332    1.396263402   46.915322342   -5.041302103   17.052319866
    0.475998887    1.396263402   45.502698176   -8.598307092   20.910402008
    0.666398442    1.396263402   44.162318299   -4.284963598   23.366322878
    0.856797996    1.396263402   44.316684670    6.621883633   23.872407440
    1.047197551    1.396263402   46.930205508   20.931145648   22.297402629
    1.237597106    1.396263402   52.233564308   34.146091612   18.956786943
    1.427996661    1.396263402   59.602531595   42.030616817   14.506663731
    1.618396215    1.396263402   67.730204333   41.822020037    9.682581762
    1.808795770    1.396263402   74.978474771   32.878121686    5.068101815
    1.999195325    1.396263402   79.784399864   16.553463837    0.973914904
    2.189594880    1.396263402   80.988747278   -4.422249116   -2.526712308
    2.379994435    1.396263402   78.036348716  -26.490803708   -5.464019055
    2.570393989    1.396263402   71.078929694  -45.851773939   -7.834557561
    2.760793544    1.396263402   60.976206126  -59.012189544   -9.541405107
    2.951193099    1.396263402   49.177790858  -63.356879956  -10.434330385

   -3.141592654    1.745329252   31.554189682  -57.706235021  -16.433669350
   -2.951193099    1.745329252   21.872751955  -43.170755079  -15.812514461
   -2.760793544    1.745329252   15.296425574  -25.976363813  -14.210578753
   -2.570393989    1.745329252   11.801750426  -11.659955635  -11.896137852
   -2.379994435    1.745329252   10.409728960   -4.335493806   -9.160884522
   -2.189594880    1.745329252    9.642629892   -4.901777961   -6.224062619
   -1.999195325    1.745329252    8.223582684  -10.407484094   -3.241761660
   -1.808795770    1.745329252    5.712803078  -15.381044600   -0.390398598
   -1.618396215    1.745329252    2.742783344  -14.515485025    2.079338282
   -1.427996661    1.745329252    0.722482180   -5.343118897    3.905832639
   -1.237597106    1.745329252    1.146084280   10.564881432    4.972436647
   -1.047197551    1.745329252    4.889245824   28.573788921    5.426168717
   -0.856797996    1.745329252   11.834396769   43.360992882    5.661215485
   -0.666398442    1.745329252   20.962776163   51.044192232    6.167385285
   -0.475998887    1.745329252   30.750168179   50.240510050    7.325255580
   -0.285599332    1.745329252   39.637884103   41.940761439    9.255926941
   -0.095199777    1.745329252   46.426885722   28.740101612   11.764974965
    0.095199777    1.745329252   50.509922021   14.168577470   14.372162677
    0.285599332    1.745329252   51.985403041    1.918300877   16.419010227
    0.475998887    1.745329252   51.607597340   -4.864513754   17.264516950
    0.666398442    1.745329252   50.607814672   -4.481813235   16.518699287
    0.856797996    1.745329252   50.358163895    2.694139039   14.187137354
    1.047197551    1.745329252   51.944270474   14.280160957   10.699177641
    1.237597106    1.745329252   55.836758661   26.221244639    6.713145213
    1.427996661    1.745329252   61.684479714   34.155171267    2.875492446
    1.618396215    1.745329252   68.385080477   34.777184396   -0.428017379
    1.808795770    1.745329252   74.385834324   26.788639011   -3.151055232
    1.999195325    1.745329252   78.099589946   11.102038446   -5.503949230
    2.189594880    1.745329252   78.295034578   -9.610164837   -7.767914586
    2.379994435    1.745329252   74.369278233  -31.500086608  -10.104911070
    2.570393989    1.745329252   66.497965125  -50.346127289  -12.452109186
    2.760793544    1.745329252   55.637594123  -62.345296014  -14.532641918
    2.951193099    1.745329252   43.365810890  -64.897801200  -15.965392368

   -3.141592654    2.094395102   24.697442772  -58.247037732  -18.116554974
   -2.951193099    2.094395102   15.117744414  -41.582540382  -17.528414044
   -2.760793544    2.094395102    9.026508453  -22.557163364  -15.870466777
   -2.570393989    2.094395102    6.314259156   -6.967479011  -13.357025547
   -2.379994435    2.094395102    5.892835623    1.083964633  -10.246591604
   -2.189594880    2.094395102    6.193623074    0.835152710   -6.731019641
   -1.999195325    2.094395102    5.870389355   -4.696764795   -2.944236508
   -1.808795770    2.094395102    4.412267060  -10.119540033    0.932385626
   -1.618396215    2.094395102    2.362805897  -10.192330509    4.584823532
   -1.427996661    2.094395102    1.047325275   -2.295564019    7.621252023
   -1.237597106    2.094395102    1.933610638   12.425568206    9.754207503
   -1.047197551    2.094395102    5.962120693   29.828037485   10.969182713
   -0.856797996    2.094395102   13.154229075   44.830015904   11.546937782
   -0.666398442    2.094395102   22.638620110   53.386682845   11.911476752
   -0.475998887    2.094395102   32.973921867   53.625236107   12.407839561
   -0.285599332    2.094395102   42.575753786   45.931203106   13.136101385
   -0.095199777    2.094395102   50.108970207   32.377448256   13.889710009
    0.095199777    2.094395102   54.753723492   16.217505102   14.217088968
    0.285599332    2.094395102   56.378725261    1.284279328   13.573574299
    0.475998887    2.094395102   55.578088822   -8.680966824   11.567000437
    0.666398442    2.094395102   53.572366722  -11.080208376    8.184729312
    0.856797996    2.094395102   51.896654596   -5.404154624    3.866885668
    1.047197551    2.094395102   51.931225929    6.357097463   -0.608794368
    1.237597106    2.094395102   54.450680472   19.904462959   -4.458007614
    1.427996661    2.094395102   59.305258896   30.062094541   -7.183769750
    1.618396215    2.094395102   65.418726162   32.582952643   -8.760600688
    1.808795770    2.094395102   71.107406789   25.517323766   -9.572822443
    1.999195325    2.094395102   74.576637712    9.639798175  -10.189967259
    2.189594880    2.094395102   74.410208460  -12.021559084  -11.101367403
    2.379994435    2.094395102   69.918112336  -34.995454111  -12.525390965
    2.570393989    2.094395102   61.312215760  -54.433116649  -14.351479420
    2.760793544    2.094395102   49.687053269  -66.112646674  -16.207030260
    2.951193099    2.094395102   36.804981984  -67.391763418  -17.602624412

   -3.141592654    2.443460953   18.636737231  -58.715014361  -12.378017017
   -2.951193099    2.443460953    9.138399108  -40.265493839  -11.296296867
   -2.760793544    2.443460953    3.461015110  -19.585533787   -9.408116615
   -2.570393989    2.443460953    1.446170173   -2.685038227   -6.881205192
   -2.379994435    2.443460953    1.938917015    6.357372134   -3.885858423
   -2.189594880    2.443460953    3.322545098    6.909448649   -0.493855315
   -1.999195325    2.443460953    4.219910921    2.009620060    3.288381403
   -1.808795770    2.443460953    4.073227411   -3.138191057    7.375273364
   -1.618396215    2.443460953    3.332883118   -3.543719123   11.471011389
   -1.427996661    2.443460953    3.197396728    3.346521984   15.097172509
   -1.237597106    2.443460953    5.026748952   16.649431487   17.780994868
   -1.047197551    2.443460953    9.725122296   32.678399498   19.273792945
   -0.856797996    2.443460953   17.358885967   46.692808114   19.639283033
   -0.666398442    2.443460953   27.139457097   54.683843434   19.149728000
   -0.475998887    2.443460953   37.683447511   54.507180204   18.092704463
   -0.285599332    2.443460953   47.395608134   46.121912097   16.609730909
   -0.095199777    2.443460953   54.849730790   31.231283276   14.624269881
    0.095199777    2.443460953   59.086728826   12.954561705   11.899880048
    0.285599332    2.443460953   59.846285623   -4.586452843    8.190337873
    0.475998887    2.443460953   57.688068490  -16.964813064    3.468416359
    0.666398442    2.443460953   53.952164245  -20.723406619   -1.903991684
    0.856797996    2.443460953   50.441003298  -14.718865824   -7.189047492
    1.047197551    2.443460953   48.870379195   -0.942997524  -11.493204897
    1.237597106    2.443460953   50.281765622   15.660123536  -14.150292311
    1.427996661    2.443460953   54.626330247   28.864312331  -14.984161878
    1.618396215    2.443460953   60.730901651   33.477956824  -14.367778117
    1.808795770    2.443460953   66.677131225   27.091044267  -13.024549114
    1.999195325    2.443460953   70.403637542   10.593373634  -11.715065422
    2.189594880    2.443460953   70.293783630  -12.443296278  -10.967696046
    2.379994435    2.443460953   65.578754132  -36.861839620  -10.950395972
    2.570393989    2.443460953   56.516956327  -57.223881630  -11.492022429
    2.760793544    2.443460953   44.340060738  -68.952825222  -12.201300162
    2.951193099    2.443460953   30.985098049  -69.382145000  -12.619404644

   -3.141592654    2.792526803   15.773076601  -57.723324584    1.060676165
   -2.951193099    2.792526803    6.562028763  -38.251291007    3.045115788
   -2.760793544    2.792526803    1.363529989  -16.601560787    5.024860491
   -2.570393989    2.792526803    0.000000000    1.147888941    6.903777694
   -2.379994435    2.792526803    1.300672686   11.016914927    8.739354770
   -2.189594880    2.792526803    3.658553010   12.502548226   10.765622897
   -1.999195325    2.792526803    5.715999542    8.589014513   13.265889804
   -1.808795770    2.792526803    6.897979876    4.150706465   16.351720213
   -1.618396215    2.792526803    7.559287850    3.737405880   19.788711668
   -1.427996661    2.792526803    8.732081438    9.642450514   23.018121324
   -1.237597106    2.792526803   11.596822765   21.116956274   25.373847473
   -1.047197551    2.792526803   16.936235138   34.923022404   26.365137164
   -0.856797996    2.792526803   24.788106811   46.777352607   25.845306893
   -0.666398442    2.792526803   34.403134933   52.909350399   23.972518093
   -0.475998887    2.792526803   44.453952681   51.128846436   21.050659493
   -0.285599332    2.792526803   53.375024564   41.177745683   17.364081197
   -0.095199777    2.792526803   59.727627157   24.578809989   13.071686503
    0.095199777    2.792526803   62.523913586    4.468606367    8.228635848
    0.285599332    2.792526803   61.506718636  -14.684548162    2.890486635
    0.475998887    2.792526803   57.331534904  -27.860825904   -2.718014450
    0.666398442    2.792526803   51.552675781  -31.013439143   -8.110207972
    0.856797996    2.792526803   46.268802050  -22.774419624  -12.598203177
    1.047197551    2.792526803   43.479069107   -5.545492643  -15.518706770
    1.237597106    2.792526803   44.376184255   14.832823397  -16.535689577
    1.427996661    2.792526803   48.873255999   31.111755717  -15.784177279
    1.618396215    2.792526803   55.590396509   37.416859322  -13.807451752
    1.808795770    2.792526803   62.326694602   31.231712313  -11.311176530
    1.999195325    2.792526803   66.768549452   13.837952610   -8.889577143
    2.189594880    2.792526803   67.148193190  -10.566949085   -6.855042178
    2.379994435    2.792526803   62.663719056  -36.252265845   -5.223474506
    2.570393989    2.792526803   53.633277019  -57.401147132   -3.813732238
    2.760793544    2.792526803   41.398695604  -69.272836195   -2.390573382
    2.951193099    2.792526803   28.018031553  -69.253868819   -0.779395437
