#! FIELDS phi psi file.free der_phi der_psi
#! SET min_phi -pi
#! SET max_phi pi
#! SET nbins_phi  33
#! SET periodic_phi true
#! SET min_psi -pi
#! SET max_psi pi
#! SET nbins_psi  18
#! SET periodic_psi true
   -3.141592654   -3.141592654   19.108861353  -55.045365766   15.044998220
   -2.951193099   -3.141592654   10.300382491  -36.699077304   17.487045459
   -2.760793544   -3.141592654    5.307502126  -15.929907145   19.207709520
   -2.570393989   -3.141592654    4.031223175    1.509687965   20.261552433
   -2.379994435   -3.141592654    5.432597201   11.858679152   20.968294065
   -2.189594880   -3.141592654    8.060052294   14.609652170   21.819895932
   -1.999195325   -3.141592654   10.680484177   12.432426963   23.255451150
   -1.808795770   -3.141592654   12.752997578    9.575887123   25.401771277
   -1.618396215   -3.141592654   14.532692752    9.864370349   27.928691338
   -1.427996661   -3.141592654   16.828251278   15.058965620   30.133759088
   -1.237597106   -3.141592654   20.535730321   24.332729983   31.228281927
   -1.047197551   -3.141592654   26.184731229   34.843824127   30.669895830
   -0.856797996   -3.141592654   33.668056673   42.992307639   28.356412298
   -0.666398442   -3.141592654   42.228019454   45.720010230   24.576511417
   -0.475998887   -3.141592654   50.649656085   41.390468877   19.818190845
   -0.285599332   -3.141592654   57.561105010   30.013529754   14.551331474
   -0.095199777   -3.141592654   61.742615209   13.127343315    9.085106547
    0.095199777   -3.141592654   62.409574703   -6.297172740    3.579079062
    0.285599332   -3.141592654   59.470228999  -23.987131743   -1.848004911
    0.475998887   -3.141592654   53.712554109  -35.081800913   -6.950451557
    0.666398442   -3.141592654   46.796228934  -35.664967582  -11.287187222
    0.856797996   -3.141592654   40.893108993  -24.588593066  -14.298990825
    1.047197551   -3.141592654   38.020463589   -4.644691263  -15.537461346
    1.237597106   -3.141592654   39.305363047   17.896385499  -14.914330065
    1.427996661   -3.141592654   44.524494683   35.498128929  -12.770519011
    1.618396215   -3.141592654   52.134301849   42.305340313   -9.727968762
    1.808795770   -3.141592654   59.803258934   36.096803632   -6.413928164
    1.999195325   -3.141592654   65.155202510   18.540329880   -3.223787839
    2.189594880   -3.141592654   66.422848700   -5.912830251   -0.242046981
    2.379994435   -3.141592654   62.829532360  -31.532617319    2.666182017
    2.570393989   -3.141592654   54.700023347  -52.689474858    5.677922466
    2.760793544   -3.141592654   43.340678809  -64.857282815    8.852629259
    2.951193099   -3.141592654   30.741053225  -65.542505325   12.066561874

   -3.141592654   -2.792526803   25.863456613  -50.219719780   22.724940832
   -2.951193099   -2.792526803   17.813983498  -33.611519097   25.185344834
   -2.760793544   -2.792526803   13.239450535  -14.580549167   26.453478607
   -2.570393989   -2.792526803   12.095025348    1.678480694   26.725047521
   -2.379994435   -2.792526803   13.492114035   11.827262438   26.502605024
   -2.189594880   -2.792526803   16.179755837   15.431584344   26.416069605
   -1.999195325   -2.792526803   19.095565509   14.767856777   26.953173059
   -1.808795770   -2.792526803   21.755265804   13.316477117   28.209062229
   -1.618396215   -2.792526803   24.310952775   14.060232996   29.792449495
   -1.427996661   -2.792526803   27.332302764   18.228585480   30.955785762
   -1.237597106   -2.792526803   31.426591359   25.026751118   30.902556755
   -1.047197551   -2.792526803   36.894365613   32.177712383   29.119223885
   -0.856797996   -2.792526803   43.536169564   36.879096242   25.563134936
   -0.666398442   -2.792526803   50.647656417   36.770453620   20.612303377
   -0.475998887   -2.792526803   57.171336587   30.592381832   14.866317969
   -0.285599332   -2.792526803   61.931720025   18.383350720    8.911144533
   -0.095199777   -2.792526803   63.888052825    1.514966560    3.153339514
    0.095199777   -2.792526803   62.398860759  -17.229042413   -2.189256351
    0.285599332   -2.792526803   57.490584656  -33.621124729   -6.987822712
    0.475998887   -2.792526803   50.075998633  -42.723059605  -11.048801376
    0.666398442   -2.792526803   41.954358766  -40.558715739  -14.054734395
    0.856797996   -2.792526803   35.427204593  -26.175820049  -15.630477609
    1.047197551   -2.792526803   32.573025560   -2.897118843  -15.538335951
    1.237597106   -2.792526803   34.461265630   22.339365043  -13.859531347
    1.427996661   -2.792526803   40.696604600   41.537488567  -11.008909364
    1.618396215   -2.792526803   49.516456657   48.820637185   -7.553126849
    1.808795770   -2.792526803   58.409950165   42.377853381   -3.964363914
    1.999195325   -2.792526803   64.920739066   24.453449515   -0.443445851
    2.189594880   -2.792526803   67.301071458   -0.074344528    3.082840555
    2.379994435   -2.792526803   64.842682390  -25.402673309    6.810789016
    2.570393989   -2.792526803   57.920073388  -46.160741844   10.858073913
    2.760793544   -2.792526803   47.821770998  -58.231509294   15.114996475
    2.951193099   -2.792526803   36.445115426  -59.458165885   19.231046676

   -3.141592654   -2.443460953   33.802598003  -45.050834739   21.295919161
   -2.951193099   -2.443460953   26.535801207  -30.612118165   23.338630891
   -2.760793544   -2.443460953   22.325993204  -13.686157857   24.284408354
   -2.570393989   -2.443460953   21.200438775    1.135536901   24.359087834
   -2.379994435   -2.443460953   22.438246525   10.878512179   24.015846037
   -2.189594880   -2.443460953   24.986752534   15.053812173   23.749026428
   -1.999195325   -2.443460953   27.928206075   15.434440502   23.873809927
   -1.808795770   -2.443460953   30.797138880   14.734540594   24.354760984
   -1.618396215   -2.443460953   33.619200375   15.236483163   24.786016390
   -1.427996661   -2.443460953   36.737726701   17.864995187   24.544712060
   -1.237597106   -2.443460953   40.527173076   22.066971850   23.062842075
   -1.047197551   -2.443460953   45.145964010   26.238470243   20.086146500
   -0.856797996   -2.443460953   50.398617297   28.363905645   15.787825777
   -0.666398442   -2.443460953   55.718646316   26.670692211   10.671083598
   -0.475998887   -2.443460953   60.262765678   20.107084693    5.353987481
   -0.285599332   -2.443460953   63.072911942    8.534139171    0.347162549
   -0.095199777   -2.443460953   63.268245536   -7.054835161   -4.076414943
    0.095199777   -2.443460953   60.292426483  -24.247079086   -7.855474792
    0.285599332   -2.443460953   54.201960507  -38.997942268  -11.012016641
    0.475998887   -2.443460953   45.927580308  -46.344369222  -13.498349260
    0.666398442   -2.443460953   37.300627916  -42.195957661  -15.138617788
    0.856797996   -2.443460953   30.666514885  -25.632350174  -15.681272080
    1.047197551   -2.443460953   28.119318411   -0.244457760  -14.961690708
    1.237597106   -2.443460953   30.678872137   26.637327547  -13.047259196
    1.427996661   -2.443460953   37.833166417   46.772585011  -10.256094374
    1.618396215   -2.443460953   47.684943842   54.339436797   -7.011346759
    1.808795770   -2.443460953   57.628706983   47.875297633   -3.655403101
    1.999195325   -2.443460953   65.191162170   30.047307637   -0.318378303
    2.189594880   -2.443460953   68.674723516    5.977977632    3.074856780
    2.379994435   -2.443460953   67.437431621  -18.607750304    6.673100341
    2.570393989   -2.443460953   61.876936713  -38.705293989   10.533758983
    2.760793544   -2.443460953   53.221699914  -50.660461978   14.506697542
    2.951193099   -2.443460953   43.230433047  -52.646842613   18.239686557

   -3.141592654   -2.094395102   39.811750094  -41.140422709   13.974648871
   -2.951193099   -2.094395102   33.142356532  -28.271551441   15.373678013
   -2.760793544   -2.094395102   29.235539840  -12.790384191   16.076614289
   -2.570393989   -2.094395102   28.179531689    1.074923388   16.224967711
   -2.379994435   -2.094395102   29.365490067   10.495546577   16.044440588
   -2.189594880   -2.094395102   31.850298242   14.817383421   15.722279554
   -1.999195325   -2.094395102   34.767217022   15.373693977   15.304400875
   -1.808795770   -2.094395102   37.605185604   14.349591342   14.652306126
   -1.618396215   -2.094395102   40.255165837   13.660638798   13.501478370
   -1.427996661   -2.094395102   42.890335234   14.251913404   11.592173929
   -1.237597106   -2.094395102   45.761005839   16.026932952    8.816982505
   -1.047197551   -2.094395102   49.017444948   18.097191865    5.308210483
   -0.856797996   -2.094395102   52.592998559   19.096398476    1.416841527
   -0.666398442   -2.094395102   56.140990141   17.537993193   -2.420663637
   -0.475998887   -2.094395102   59.047409202   12.190324418   -5.837358301
   -0.285599332   -2.094395102   60.514133061    2.389462162   -8.646198703
   -0.095199777   -2.094395102   59.710042400  -11.450268267  -10.866630679
    0.095199777   -2.094395102   56.033698831  -27.282792971  -12.650591188
    0.285599332   -2.094395102   49.458728177  -41.095206036  -14.150048463
    0.475998887   -2.094395102   40.857991097  -47.669388120  -15.395133220
    0.666398442   -2.094395102   32.064186960  -42.566730973  -16.248119336
    0.856797996   -2.094395102   25.477444658  -24.696659009  -16.446850085
    1.047197551   -2.094395102   23.252052776    2.225350990  -15.751401340
    1.237597106   -2.094395102   26.421757789   30.526460131  -14.087841646
    1.427996661   -2.094395102   34.419906651   51.655926374  -11.617698666
    1.618396215   -2.094395102   45.253995157   59.687744573   -8.653515369
    1.808795770   -2.094395102   56.229189279   53.315191953   -5.522153762
    1.999195325   -2.094395102   64.827954360   35.495134882   -2.431561865
    2.189594880   -2.094395102   69.359957459   11.564940033    0.568494461
    2.379994435   -2.094395102   69.212222333  -12.742890593    3.523041360
    2.570393989   -2.094395102   64.792196986  -32.630964072    6.463514842
    2.760793544   -2.094395102   57.287304282  -44.740529507    9.318045725
    2.951193099   -2.094395102   48.364662287  -47.453026800   11.899835889

   -3.141592654   -1.745329252   42.900442168  -38.867846938    5.824142111
   -2.951193099   -1.745329252   36.575533115  -26.943329731    6.476822141
   -2.760793544   -1.745329252   32.833272985  -12.372918669    6.805734689
   -2.570393989   -1.745329252   31.782165595    0.740673789    6.836704720
   -2.379994435   -1.745329252   32.845146634    9.549485018    6.570103250
   -2.189594880   -1.745329252   35.091183505   13.231464720    5.939324052
   -1.999195325   -1.745329252   37.626787958   12.898594296    4.817608492
   -1.808795770   -1.745329252   39.880362866   10.632857269    3.072607971
   -1.618396215   -1.745329252   41.684099965    8.478673729    0.655407450
   -1.427996661   -1.745329252   43.200551430    7.745236568   -2.330094737
   -1.237597106   -1.745329252   44.749655923    8.788981764   -5.612165105
   -1.047197551   -1.745329252   46.628849765   11.044106686   -8.804971687
   -0.856797996   -1.745329252   48.955920042   13.182437168  -11.512937519
   -0.666398442   -1.745329252   51.542604317   13.428480757  -13.458035752
   -0.475998887   -1.745329252   53.855360964   10.052285760  -14.560690193
   -0.285599332   -1.745329252   55.077653951    1.870692178  -14.956346235
   -0.095199777   -1.745329252   54.275756651  -11.037105928  -14.940047183
    0.095199777   -1.745329252   50.707367395  -26.667289844  -14.855625741
    0.285599332   -1.745329252   44.225853295  -40.770472829  -14.958782615
    0.475998887   -1.745329252   35.649723852  -47.707809470  -15.313566354
    0.666398442   -1.745329252   26.839994539  -42.607307662  -15.761698382
    0.856797996   -1.745329252   20.291536481  -24.152435063  -15.969510266
    1.047197551   -1.745329252   18.268317964    3.871106163  -15.580486620
    1.237597106   -1.745329252   21.874670555   33.454353388  -14.370493806
    1.427996661   -1.745329252   30.540113782   55.668016673  -12.363095500
    1.618396215   -1.745329252   42.206985801   64.328874723   -9.795878185
    1.808795770   -1.745329252   54.088056477   58.111767030   -7.011948317
    1.999195325   -1.745329252   63.589450490   40.139808430   -4.318836197
    2.189594880   -1.745329252   68.982693410   15.957719132   -1.896337293
    2.379994435   -1.745329252   69.649448926   -8.578042070    0.206463871
    2.570393989   -1.745329252   66.002593464  -28.683989598    2.016039941
    2.760793544   -1.745329252   59.221299446  -41.119359319    3.563594440
    2.951193099   -1.745329252   50.940551097  -44.380042831    4.844160461

   -3.141592654   -1.396263402   41.967799102  -39.418403754    2.781697421
   -2.951193099   -1.396263402   35.542667130  -27.421929120    2.779506214
   -2.760793544   -1.396263402   31.728144949  -12.651957515    2.515987053
   -2.570393989   -1.396263402   30.639274930    0.590391176    1.975875462
   -2.379994435   -1.396263402   31.661521198    9.192465469    1.078374484
   -2.189594880   -1.396263402   33.777045852   12.114348479   -0.330901880
   -1.999195325   -1.396263402   35.979632193   10.431136402   -2.422542178
   -1.808795770   -1.396263402   37.604487178    6.477957167   -5.266676968
   -1.618396215   -1.396263402   38.464443627    2.797988225   -8.719078468
   -1.427996661   -1.396263402   38.808987580    1.282817126  -12.390630387
   -1.237597106   -1.396263402   39.143476154    2.704105163  -15.735480480
   -1.047197551   -1.396263402   39.996998484    6.543664233  -18.217310137
   -0.856797996   -1.396263402   41.690366928   11.118158273  -19.478135973
   -0.666398442   -1.396263402   44.138763305   14.012876866  -19.446206664
   -0.475998887   -1.396263402   46.781470981   12.799074666  -18.336122300
   -0.285599332   -1.396263402   48.655523772    5.773981851  -16.574949664
   -0.095199777   -1.396263402   48.611224840   -7.184017639  -14.675807272
    0.095199777   -1.396263402   45.685600741  -23.912998050  -13.090934166
    0.285599332   -1.396263402   39.571650356  -39.708591270  -12.082242786
    0.475998887   -1.396263402   31.034813394  -48.295338825  -11.657309921
    0.666398442   -1.396263402   22.006587625  -44.159381631  -11.593713166
    0.856797996   -1.396263402   15.155662438  -25.592600779  -11.527591663
    1.047197551   -1.396263402   12.956173044    3.607095479  -11.117318441
    1.237597106   -1.396263402   16.679129487   34.978571992  -10.159400133
    1.427996661   -1.396263402   25.808256625   58.940022858   -8.664782124
    1.618396215   -1.396263402   38.219316234   68.728012085   -6.806269598
    1.808795770   -1.396263402   50.975685455   62.747817686   -4.826813545
    1.999195325   -1.396263402   61.317236760   44.211716118   -2.942500099
    2.189594880   -1.396263402   67.390933379   18.978972750   -1.287468268
    2.379994435   -1.396263402   68.520637372   -6.734784555    0.084776778
    2.570393989   -1.396263402   65.122711669  -27.873183720    1.170024927
    2.760793544   -1.396263402   58.418919179  -41.065594624    1.979390633
    2.951193099   -1.396263402   50.101444393  -44.770373054    2.516596694

   -3.141592654   -1.047197551   39.998769095  -40.985421565    2.794632854
   -2.951193099   -1.047197551   33.290315295  -28.820698905    1.721288014
   -2.760793544   -1.047197551   29.226299045  -13.897309076    0.265740211
   -2.570393989   -1.047197551   27.896135431   -0.764784128   -1.473467200
   -2.379994435   -1.047197551   28.613960633    7.260037165   -3.478742553
   -2.189594880   -1.047197551   30.264569520    9.084346561   -5.851187391
   -1.999195325   -1.047197551   31.758433070    5.999563598   -8.735777293
   -1.808795770   -1.047197551   32.415691969    0.826787428  -12.156143621
   -1.618396215   -1.047197551   32.139992196   -3.306354008  -15.866818755
   -1.427996661   -1.047197551   31.371642970   -4.090711389  -19.343583503
   -1.237597106   -1.047197551   30.850735329   -0.726257215  -21.940943258
   -1.047197551   -1.047197551   31.304454008    5.860366409  -23.132584412
   -0.856797996   -1.047197551   33.146633484   13.322142315  -22.706893043
   -0.666398442   -1.047197551   36.251576775   18.561439810  -20.834337975
   -0.475998887   -1.047197551   39.904048267   18.658692989  -17.990647681
   -0.285599332   -1.047197551   42.921263202   11.716266248  -14.804178497
   -0.095199777   -1.047197551   43.927251579   -2.256515573  -11.867448272
    0.095199777   -1.047197551   41.783233879  -20.706758697   -9.572627648
    0.285599332   -1.047197551   36.097923532  -38.391222665   -8.018850404
    0.475998887   -1.047197551   27.658862434  -48.490741888   -7.035016061
    0.666398442   -1.047197551   18.509870941  -45.089825548   -6.307950668
    0.856797996   -1.047197551   11.484164614  -26.372060786   -5.531562022
    1.047197551   -1.047197551    9.210862085    3.693434401   -4.550197091
    1.237597106   -1.047197551   13.061852178   36.238577966   -3.367645796
    1.427996661   -1.047197551   22.536775035   61.246826487   -2.109062633
    1.618396215   -1.047197551   35.452312054   71.617525054   -0.907825520
    1.808795770   -1.047197551   48.767067607   65.616191830    0.163993519
    1.999195325   -1.047197551   59.608594932   46.513180646    1.104921895
    2.189594880   -1.047197551   66.036455051   20.356686166    1.942289724
    2.379994435   -1.047197551   67.329623679   -6.395731361    2.674873902
    2.570393989   -1.047197551   63.904984027  -28.457053768    3.239541367
    2.760793544   -1.047197551   57.022514233  -42.305048194    3.522293055
    2.951193099   -1.047197551   48.433653626  -46.324603620    3.398632136

   -3.141592654   -0.698131701   39.583349792  -44.185566768    2.467767223
   -2.951193099   -0.698131701   32.205769827  -32.592175074    0.759655046
   -2.760793544   -0.698131701   27.396243523  -17.906121690   -1.373571886
   -2.570393989   -0.698131701   25.295474768   -4.841448636   -3.796982563
   -2.379994435   -0.698131701   25.223812738    3.004871564   -6.443555881
   -2.189594880   -0.698131701   26.024365788    4.360062780   -9.356666140
   -1.999195325   -0.698131701   26.558573139    0.647620287  -12.606175111
   -1.808795770   -0.698131701   26.156694135   -4.845269347  -16.104861548
   -1.618396215   -0.698131701   24.835232537   -8.434687307  -19.470051301
   -1.427996661   -0.698131701   23.234231937   -7.513182468  -22.069817271
   -1.237597106   -0.698131701   22.305013516   -1.466543676  -23.261476436
   -1.047197551   -0.698131701   22.907275425    8.161111759  -22.683450746
   -0.856797996   -0.698131701   25.450943374   18.259811876  -20.427894177
   -0.666398442   -0.698131701   29.669212884   25.109035646  -17.002408266
   -0.475998887   -0.698131701   34.616776921   25.485213102  -13.126925876
   -0.285599332   -0.698131701   38.859158983   17.571138022   -9.485216543
   -0.095199777   -0.698131701   40.818174915    1.805954883   -6.506472551
    0.095199777   -0.698131701   39.258028119  -18.608637915   -4.254591303
    0.285599332   -0.698131701   33.818646210  -37.780938472   -2.466513246
    0.475998887   -0.698131701   25.423981834  -48.482687715   -0.745628089
    0.666398442   -0.698131701   16.294469638  -44.769420051    1.178464070
    0.856797996   -0.698131701    9.409353194  -25.184245784    3.283211064
    1.047197551   -0.698131701    7.454167912    5.806758549    5.247972420
    1.237597106   -0.698131701   11.769076517   38.904372644    6.672151657
    1.427996661   -0.698131701   21.763399427   63.943800999    7.299883950
    1.618396215   -0.698131701   35.161747671   73.937716407    7.164680887
    1.808795770   -0.698131701   48.867042869   67.386037439    6.549854174
    1.999195325   -0.698131701   59.993459835   47.745378330    5.821017841
    2.189594880   -0.698131701   66.608874558   21.099553782    5.247431924
    2.379994435   -0.698131701   67.994284599   -6.187921775    4.904807543
    2.570393989   -0.698131701   64.546536179  -28.939750047    4.677755753
    2.760793544   -0.698131701   57.490635595  -43.674041887    4.340077550
    2.951193099   -0.698131701   48.548793050  -48.661584032    3.653707316

   -3.141592654   -0.349065850   40.052176490  -47.580481633    1.977499019
   -2.951193099   -0.349065850   31.948448756  -36.769730337   -0.328569384
   -2.760793544   -0.349065850   26.292320607  -22.559282704   -3.026001406
   -2.570393989   -0.349065850   23.280789473   -9.726254002   -5.907850198
   -2.379994435   -0.349065850   22.260710308   -2.084825188   -8.843960228
   -2.189594880   -0.349065850   22.062817702   -1.057498554  -11.829579295
   -1.999195325   -0.349065850   21.533976533   -5.061172224  -14.882977062
   -1.808795770   -0.349065850   20.054937887  -10.308958116  -17.844956477
   -1.618396215   -0.349065850   17.798823128  -12.574508291  -20.258051862
   -1.427996661   -0.349065850   15.636093295   -9.082030386  -21.471650483
   -1.237597106   -0.349065850   14.721975621    0.329753729  -20.950491318
   -1.047197551   -0.349065850   15.984909719   13.200265047  -18.590762514
   -0.856797996   -0.349065850   19.719115241   25.486817466  -14.836333179
   -0.666398442   -0.349065850   25.396939588   32.936034476  -10.505879635
   -0.475998887   -0.349065850   31.767117623   32.378075489   -6.459818566
   -0.285599332   -0.349065850   37.151616417   22.578131465   -3.278439064
   -0.095199777   -0.349065850   39.871295839    4.843833387   -1.064778350
    0.095199777   -0.349065850   38.755887779  -16.800617092    0.547728845
    0.285599332   -0.349065850   33.635549390  -36.039731077    2.192279895
    0.475998887   -0.349065850   25.649278184  -45.827215592    4.419528709
    0.666398442   -0.349065850   17.141766174  -40.930631731    7.367986134
    0.856797996   -0.349065850   11.059775902  -20.771328810   10.640797718
    1.047197551   -0.349065850    9.913193081    9.680473683   13.463889919
    1.237597106   -0.349065850   14.830262246   41.221113405   15.099216529
    1.427996661   -0.349065850   25.080584625   64.311470475   15.198318728
    1.618396215   -0.349065850   38.386348261   72.705464288   13.946633835
    1.808795770   -0.349065850   51.766719270   65.354350554   11.922584484
    1.999195325   -0.349065850   62.495109708   45.708375128    9.793175106
    2.189594880   -0.349065850   68.760185030   19.493622391    8.029491747
    2.379994435   -0.349065850   69.881993776   -7.390904008    6.773533560
    2.570393989   -0.349065850   66.216086428  -30.108400980    5.862381573
    2.760793544   -0.349065850   58.901898129  -45.301685841    4.963778328
    2.951193099   -0.349065850   49.575481185  -51.114060857    3.736753008

   -3.141592654    0.000000000   40.567281726  -51.241744873    0.613101499
   -2.951193099    0.000000000   31.690960562  -41.164818371   -1.519599060
   -2.760793544    0.000000000   25.151502975  -27.373747006   -3.845037512
   -2.570393989    0.000000000   21.208144197  -14.655754138   -6.221999079
   -2.379994435    0.000000000   19.250400312   -6.993208641   -8.587668273
   -2.189594880    0.000000000   18.121937246   -5.912755412  -10.964074499
   -1.999195325    0.000000000   16.687505005   -9.648999700  -13.333352022
   -1.808795770    0.000000000   14.409315740  -13.960379796  -15.460627102
   -1.618396215    0.000000000   11.629839918  -14.228187029  -16.837503392
   -1.427996661    0.000000000    9.424096885   -7.755529362  -16.858306690
   -1.237597106    0.000000000    9.075384909    4.906805063  -15.160035883
   -1.047197551    0.000000000   11.466239446   20.255086414  -11.901336805
   -0.856797996    0.000000000   16.656965351   33.427633058   -7.777501709
   -0.666398442    0.000000000   23.788171083   39.994811538   -3.721336556
   -0.475998887    0.000000000   31.313874736   37.321043850   -0.494983825
   -0.285599332    0.000000000   37.411218125   25.168327261    1.626037883
   -0.095199777    0.000000000   40.457072224    5.879277802    2.954154342
    0.095199777    0.000000000   39.505525712  -15.847315829    4.225208891
    0.285599332    0.000000000   34.679749662  -33.696578358    6.250705655
    0.475998887    0.000000000   27.340436898  -41.349957568    9.484516782
    0.666398442    0.000000000   19.864810638  -34.749355936   13.722675275
    0.856797996    0.000000000   15.011753417  -14.369108738   18.101840434
    1.047197551    0.000000000   14.960212719   14.487454548   21.445181483
    1.237597106    0.000000000   20.529922944   43.134590018   22.822328839
    1.427996661    0.000000000   30.841983729   63.107821117   21.955147236
    1.618396215    0.000000000   43.680328865   69.202679046   19.286184358
    1.808795770    0.000000000   56.279301041   60.884346986   15.705933633
    1.999195325    0.000000000   66.163376759   41.476372414   12.128404364
    2.189594880    0.000000000   71.701987041   16.150623135    9.153582983
    2.379994435    0.000000000   72.277377480   -9.834110179    6.949615856
    2.570393989    0.000000000   68.198959965  -32.098586820    5.329903292
    2.760793544    0.000000000   60.500181808  -47.456575468    3.937168456
    2.951193099    0.000000000   50.706694754  -53.920101397    2.428226961

   -3.141592654    0.349065850   41.833064859  -53.619959727   -0.110308356
   -2.951193099    0.349065850   32.438092690  -44.193893159   -1.540782961
   -2.760793544    0.349065850   25.271825718  -30.877421100   -2.972297066
   -2.570393989    0.349065850   20.632855852  -18.422912584   -4.377078364
   -2.379994435    0.349065850   17.943202139  -10.894575397   -5.785066226
   -2.189594880    0.349065850   16.067343448   -9.829788842   -7.253426065
   -1.999195325    0.349065850   13.909642591  -13.240259491   -8.750424044
   -1.808795770    0.349065850   11.033385816  -16.499056638  -10.033702773
   -1.618396215    0.349065850    7.946809404  -14.757931084  -10.654856988
   -1.427996661    0.349065850    5.891159900   -5.586492167  -10.151177078
   -1.237597106    0.349065850    6.210848108    9.657699217   -8.336256692
   -1.047197551    0.349065850    9.673053274   26.504244057   -5.488979475
   -0.856797996    0.349065850   16.066686147   39.531541017   -2.286798757
   -0.666398442    0.349065850   24.224822564   44.492886120    0.526114718
   -0.475998887    0.349065850   32.397336646   39.605603277    2.505024649
   -0.285599332    0.349065850   38.752356545   25.764135797    3.724572201
   -0.095199777    0.349065850   41.860730542    6.224472310    4.757275987
    0.095199777    0.349065850   41.091997019  -13.992282734    6.405397431
    0.285599332    0.349065850   36.872302136  -29.056861636    9.319902537
    0.475998887    0.349065850   30.701225855  -33.826617293   13.619887070
    0.666398442    0.349065850   24.837192984  -25.680049602   18.720354048
    0.856797996    0.349065850   21.677362432   -6.097294269   23.465719164
    1.047197551    0.349065850   22.933951983   19.616327251   26.575882910
    1.237597106    0.349065850   29.062754629   43.784843097   27.206478312
    1.427996661    0.349065850   39.074087382   59.459932814   25.290680470
    1.618396215    0.349065850   50.917846040   62.722421342   21.500464730
    1.808795770    0.349065850   62.170276705   53.552308267   16.893952531
    1.999195325    0.349065850   70.715453979   34.969647819   12.463003258
    2.189594880    0.349065850   75.170633484   11.349481948    8.817375364
    2.379994435    0.349065850   75.002969486  -12.896261936    6.111042532
    2.570393989    0.349065850   70.465810976  -33.981998066    4.161252091
    2.760793544    0.349065850   62.458701230  -48.945529746    2.646137860
    2.951193099    0.349065850   52.364161089  -55.673607375    1.275027564

   -3.141592654    0.698131701   42.983036148  -55.410171520   -1.410179500
   -2.951193099    0.698131701   33.210939885  -46.329542136   -1.951104071
   -2.760793544    0.698131701   25.613686775  -33.227773527   -2.294650479
   -2.570393989    0.698131701   20.519023935  -20.828440395   -2.532635784
   -2.379994435    0.698131701   17.373888143  -13.258750960   -2.792849310
   -2.189594880    0.698131701   15.057288599  -12.073453991   -3.188559872
   -1.999195325    0.698131701   12.498629617  -15.153805892   -3.729989742
   -1.808795770    0.698131701    9.321986947  -17.652501380   -4.264569735
   -1.618396215    0.698131701    6.130510039  -14.627148652   -4.509370953
   -1.427996661    0.698131701    4.248454296   -3.884727770   -4.190036814
   -1.237597106    0.698131701    5.025715858   12.664206712   -3.213849123
   -1.047197551    0.698131701    9.122764134   29.988512070   -1.756248080
   -0.856797996    0.698131701   16.143917281   42.487816468   -0.181753561
   -0.666398442    0.698131701   24.758929208   46.291718824    1.189874035
   -0.475998887    0.698131701   33.169102940   40.396067313    2.292950123
   -0.285599332    0.698131701   39.650025284   26.507008885    3.399879458
   -0.095199777    0.698131701   43.005247526    8.310303427    5.034368661
    0.095199777    0.698131701   42.863197760   -9.339146208    7.719776309
    0.285599332    0.698131701   39.815813302  -21.425348049   11.693885831
    0.475998887    0.698131701   35.328230222  -24.012278455   16.670562029
    0.666398442    0.698131701   31.392770484  -15.633808210   21.815391686
    0.856797996    0.698131701   29.972585706    1.714816947   25.958469665
    1.047197551    0.698131701   32.336956771   23.189369759   28.030756932
    1.237597106    0.698131701   38.671395790   42.384942406   27.501624350
    1.427996661    0.698131701   47.991876855   53.846363337   24.583781206
    1.618396215    0.698131701   58.505538223   54.717183776   20.093260490
    1.808795770    0.698131701   68.171766006   45.218651319   15.081481042
    1.999195325    0.698131701   75.229368664   27.873110015   10.440176627
    2.189594880    0.698131701   78.514340440    6.197602852    6.668809146
    2.379994435    0.698131701   77.549423897  -16.189453747    3.863619367
    2.570393989    0.698131701   72.518354479  -35.997910080    1.862719628
    2.760793544    0.698131701   64.191394503  -50.403623377    0.427556642
    2.951193099    0.698131701   53.823945824  -57.147633996   -0.631189011

   -3.141592654    1.047197551   41.336645674  -56.357603977   -4.887560821
   -2.951193099    1.047197551   31.467688573  -46.389004567   -4.444650150
   -2.760793544    1.047197551   23.931948093  -32.556558171   -3.584689904
   -2.570393989    1.047197551   19.008857753  -19.757836010   -2.573096583
   -2.379994435    1.047197551   16.073780209  -12.185056173   -1.659861695
   -2.189594880    1.047197551   13.936161535  -11.300649331   -1.009308757
   -1.999195325    1.047197551   11.487143498  -14.766955284   -0.666374854
   -1.808795770    1.047197551    8.357725280  -17.503801456   -0.574056913
   -1.618396215    1.047197551    5.193129958  -14.452599103   -0.620013592
   -1.427996661    1.047197551    3.363784338   -3.490622764   -0.688708196
   -1.237597106    1.047197551    4.238222968   13.265220061   -0.694027574
   -1.047197551    1.047197551    8.456720197   30.615470554   -0.583726832
   -0.856797996    1.047197551   15.587297142   43.001915395   -0.308769728
   -0.666398442    1.047197551   24.297847574   46.837730642    0.244371161
   -0.475998887    1.047197551   32.855489822   41.513395730    1.281576293
   -0.285599332    1.047197551   39.667769298   29.013792605    3.080112785
   -0.095199777    1.047197551   43.694330807   12.951466121    5.904446003
    0.095199777    1.047197551   44.665910509   -2.297531189    9.849291721
    0.285599332    1.047197551   43.151811125  -12.533322575   14.692352124
    0.475998887    1.047197551   40.426882865  -14.680824683   19.809273993
    0.666398442    1.047197551   38.155206679   -7.829913043   24.267164129
    0.856797996    1.047197551   37.924201126    6.140706168   27.066481272
    1.047197551    1.047197551   40.719225216   23.208032317   27.512243569
    1.237597106    1.047197551   46.642763562   38.188696429   25.485245896
    1.427996661    1.047197551   54.856298793   46.690869443   21.494388283
    1.618396215    1.047197551   63.864229546   46.348367125   16.438368368
    1.808795770    1.047197551   71.948472491   37.180129912   11.251019230
    1.999195325    1.047197551   77.584114337   21.063612483    6.601923775
    2.189594880    1.047197551   79.710345594    0.821212731    2.790755735
    2.379994435    1.047197551   77.842470544  -20.355795414   -0.168105377
    2.570393989    1.047197551   72.107433114  -39.270032964   -2.371531559
    2.760793544    1.047197551   63.226851778  -52.952750249   -3.889276868
    2.951193099    1.047197551   52.442475710  -58.951563539   -4.727739130

   -3.141592654    1.396263402   37.083502808  -56.456452110  -10.170936732
   -2.951193099    1.396263402   27.363678453  -44.758770301   -9.639838535
   -2.760793544    1.396263402   20.267644721  -29.670270044   -8.392020151
   -2.570393989    1.396263402   15.959318963  -16.303725981   -6.710619914
   -2.379994435    1.396263402   13.681976721   -8.828825377   -4.890206355
   -2.189594880    1.396263402   12.134371937   -8.520177768   -3.149774046
   -1.999195325    1.396263402   10.137780572  -12.823300883   -1.618486620
   -1.808795770    1.396263402    7.290109980  -16.495195166   -0.383129706
   -1.618396215    1.396263402    4.230559670  -14.346576206    0.469228990
   -1.427996661    1.396263402    2.348704781   -4.110845736    0.871122038
   -1.237597106    1.396263402    3.063643876   12.275611564    0.851497590
   -1.047197551    1.396263402    7.100678792   29.783376563    0.592936667
   -0.856797996    1.396263402   14.137831783   42.955818295    0.421970368
   -0.666398442    1.396263402   22.964255295   48.194167791    0.737084851
   -0.475998887    1.396263402   31.954086330   44.753852251    1.891301344
   -0.285599332    1.396263402   39.583169802   34.360831874    4.093758297
   -0.095199777    1.396263402   44.816883389   20.211615951    7.343010108
    0.095199777    1.396263402   47.300779982    6.162089711   11.372494488
    0.285599332    1.396263402   47.417740756   -4.109027981   15.639427790
    0.475998887    1.396263402   46.171377872   -7.829381703   19.390906259
    0.666398442    1.396263402   44.936427388   -3.992129311   21.847991609
    0.856797996    1.396263402   45.076477172    6.140138473   22.428313470
    1.047197551    1.396263402   47.506516265   19.467564450   20.976273977
    1.237597106    1.396263402   52.434635413   31.692126667   17.808673829
    1.427996661    1.396263402   59.261217453   38.862327373   13.602397080
    1.618396215    1.396263402   66.758943587   38.491174002    9.109401961
    1.808795770    1.396263402   73.410899607   30.064696317    4.902020097
    1.999195325    1.396263402   77.779471288   14.857475981    1.242815159
    2.189594880    1.396263402   78.795921777   -4.672439842   -1.870748162
    2.379994435    1.396263402   75.933230021  -25.325149868   -4.548616205
    2.570393989    1.396263402   69.305058414  -43.637052773   -6.843660794
    2.760793544    1.396263402   59.678309609  -56.331146919   -8.669618637
    2.951193099    1.396263402   48.383056151  -60.850419477   -9.835831653

   -3.141592654    1.745329252   31.453876594  -56.627171057  -15.821977128
   -2.951193099    1.745329252   21.896998833  -42.915610898  -15.583806369
   -2.760793544    1.745329252   15.308460481  -26.295942815  -14.278366354
   -2.570393989    1.745329252   11.730591291  -12.135495846  -12.143321003
   -2.379994435    1.745329252   10.264758228   -4.579577619   -9.483790854
   -2.189594880    1.745329252    9.490386621   -4.721484740   -6.557883762
   -1.999195325    1.745329252    8.144339854   -9.843306736   -3.558454857
   -1.808795770    1.745329252    5.762553735  -14.628926926   -0.677161420
   -1.618396215    1.745329252    2.935950616  -13.789640033    1.840583550
   -1.427996661    1.745329252    1.038356626   -4.794327034    3.741151670
   -1.237597106    1.745329252    1.542912629   10.861726715    4.897863682
   -1.047197551    1.745329252    5.314591184   28.576158110    5.420425060
   -0.856797996    1.745329252   12.229229929   43.044831668    5.648463102
   -0.666398442    1.745329252   21.268116223   50.438510772    6.025179726
   -0.475998887    1.745329252   30.922170175   49.483413204    6.917909906
   -0.285599332    1.745329252   39.669226944   41.269590017    8.482333386
   -0.095199777    1.745329252   46.358309572   28.400968605   10.599825007
    0.095199777    1.745329252   50.420001780   14.296582985   12.881339587
    0.285599332    1.745329252   51.961327215    2.460734760   14.741398808
    0.475998887    1.745329252   51.707952908   -4.147497967   15.568020484
    0.666398442    1.745329252   50.832314450   -3.954944784   14.953248510
    0.856797996    1.745329252   50.633047037    2.642143857   12.856914900
    1.047197551    1.745329252   52.129745114   13.365045054    9.665246276
    1.237597106    1.745329252   55.759385272   24.397305647    6.014271410
    1.427996661    1.745329252   61.191763094   31.692405341    2.548130052
    1.618396215    1.745329252   67.403722232   32.223417802   -0.347082320
    1.808795770    1.745329252   72.960635863   24.791126435   -2.640058035
    1.999195325    1.745329252   76.390228842   10.182262756   -4.579407203
    2.189594880    1.745329252   76.532714169   -9.241288023   -6.503596636
    2.379994435    1.745329252   72.789661216  -29.997118482   -8.635841788
    2.570393989    1.745329252   65.277980987  -48.158424199  -10.958976351
    2.760793544    1.745329252   54.853176147  -60.053433764  -13.205324793
    2.951193099    1.745329252   42.983393327  -63.041512788  -14.957095289

   -3.141592654    2.094395102   24.890785049  -57.903170707  -17.229015306
   -2.951193099    2.094395102   15.303281552  -41.962949099  -17.014230387
   -2.760793544    2.094395102    9.095828122  -23.326632599  -15.650407440
   -2.570393989    2.094395102    6.233766042   -7.697168743  -13.329900324
   -2.379994435    2.094395102    5.705062465    0.732626542  -10.325333290
   -2.189594880    2.094395102    5.986965990    0.992148116   -6.860964319
   -1.999195325    2.094395102    5.736971197   -4.109067234   -3.099898243
   -1.808795770    2.094395102    4.416232278   -9.300270866    0.764223973
   -1.618396215    2.094395102    2.527725699   -9.348174804    4.418614532
   -1.427996661    2.094395102    1.361263776   -1.594005913    7.471294061
   -1.237597106    2.094395102    2.356356462   12.849457531    9.619940804
   -1.047197551    2.094395102    6.427722350   29.838128995   10.817877312
   -0.856797996    2.094395102   13.572216101   44.314888781   11.308092407
   -0.666398442    2.094395102   22.906176511   52.338860855   11.491132438
   -0.475998887    2.094395102   33.003585150   52.225444085   11.718999546
   -0.285599332    2.094395102   42.332295213   44.536284277   12.134605677
   -0.095199777    2.094395102   49.632960088   31.397040648   12.600938355
    0.095199777    2.094395102   54.154685736   15.940232275   12.741056552
    0.285599332    2.094395102   55.798735219    1.747827635   12.063638818
    0.475998887    2.094395102   55.139389029   -7.715083149   10.189018318
    0.666398442    2.094395102   53.331134667  -10.048541075    7.075397873
    0.856797996    2.094395102   51.818553208   -4.792518032    3.110754240
    1.047197551    2.094395102   51.898719837    6.186359731   -0.973989794
    1.237597106    2.094395102   54.301043276   18.862864246   -4.420390701
    1.427996661    2.094395102   58.890926502   28.396536712   -6.738821959
    1.618396215    2.094395102   64.666792724   30.812093840   -7.909398107
    1.808795770    2.094395102   70.055559459   24.238166173   -8.334803193
    1.999195325    2.094395102   73.365739952    9.302509955   -8.618779529
    2.189594880    2.094395102   73.238034972  -11.285514022   -9.293998601
    2.379994435    2.094395102   68.972609228  -33.408529314  -10.618880660
    2.570393989    2.094395102   60.712702969  -52.474218432  -12.507699521
    2.760793544    2.094395102   49.451683634  -64.331876309  -14.583859256
    2.951193099    2.094395102   36.854815759  -66.230557641  -16.320205836

   -3.141592654    2.443460953   19.119736138  -58.960084450  -11.791570643
   -2.951193099    2.443460953    9.509883879  -41.134184104  -10.998229202
   -2.760793544    2.443460953    3.637142084  -20.695130469   -9.318152492
   -2.570393989    2.443460953    1.421519517   -3.615375478   -6.911130351
   -2.379994435    2.443460953    1.778383187    5.898169646   -3.966825289
   -2.189594880    2.443460953    3.127205760    7.000675828   -0.589200056
   -1.999195325    2.443460953    4.086773270    2.545684688    3.185392812
   -1.808795770    2.443460953    4.068374333   -2.361390789    7.253561973
   -1.618396215    2.443460953    3.481685369   -2.734495220   11.312312535
   -1.427996661    2.443460953    3.487916600    4.001526207   14.878651703
   -1.237597106    2.443460953    5.412758528   16.972118904   17.473486809
   -1.047197551    2.443460953   10.125244521   32.480251151   18.841328617
   -0.856797996    2.443460953   17.658773807   45.830827785   19.044984327
   -0.666398442    2.443460953   27.210374100   53.163831830   18.368692319
   -0.475998887    2.443460953   37.419580421   52.576740768   17.125709708
   -0.285599332    2.443460953   46.760494391   44.247562696   15.492458757
   -0.095199777    2.443460953   53.905684019   29.948093147   13.428759702
    0.095199777    2.443460953   57.987317528   12.652791504   10.726165584
    0.285599332    2.443460953   58.791511882   -3.829735300    7.148631290
    0.475998887    2.443460953   56.858068172  -15.427990811    2.656197773
    0.666398442    2.443460953   53.447184922  -18.942919148   -2.420452524
    0.856797996    2.443460953   50.249564962  -13.293532360   -7.378823575
    1.047197551    2.443460953   48.878660039   -0.318674076  -11.348396820
    1.237597106    2.443460953   50.318960262   15.354212740  -13.670382259
    1.427996661    2.443460953   54.531914480   27.859124882  -14.170393152
    1.618396215    2.443460953   60.416229071   32.274887935  -13.233176540
    1.808795770    2.443460953   66.159603667   26.256931550  -11.610528923
    1.999195325    2.443460953   69.797088700   10.539772050  -10.100194486
    2.189594880    2.443460953   69.761828411  -11.619236367   -9.262804407
    2.379994435    2.443460953   65.270018766  -35.402447573   -9.282475519
    2.570393989    2.443460953   56.509730834  -55.601936774   -9.985554655
    2.760793544    2.443460953   44.615763283  -67.678714620  -10.957809476
    2.951193099    2.443460953   31.439312893  -68.819393236  -11.700131532

   -3.141592654    2.792526803   16.398803651  -58.359482586    1.052830552
   -2.951193099    2.792526803    7.013564353  -39.384545344    2.869872583
   -2.760793544    2.792526803    1.581501944  -17.850920268    4.763689935
   -2.570393989    2.792526803    0.000000000    0.169353665    6.624217595
   -2.379994435    2.792526803    1.160459526   10.553452729    8.481042552
   -2.189594880    2.792526803    3.483205727   12.588983110   10.535483392
   -1.999195325    2.792526803    5.599291208    9.089083745   13.040486719
   -1.808795770    2.792526803    6.898029103    4.840822883   16.085127309
   -1.618396215    2.792526803    7.690429756    4.394170903   19.423966067
   -1.427996661    2.792526803    8.968785230   10.068996573   22.499542708
   -1.237597106    2.792526803   11.878225833   21.136869881   24.661457250
   -1.047197551    2.792526803   17.168674209   34.371250749   25.448267379
   -0.856797996    2.792526803   24.852047531   45.562037660   24.751137277
   -0.666398442    2.792526803   34.176274609   51.104584040   22.766287134
   -0.475998887    2.792526803   43.850045905   49.048612051   19.824260104
   -0.285599332    2.792526803   52.388034440   39.334011084   16.216102505
   -0.095199777    2.792526803   58.456181428   23.521603533   12.086656020
    0.095199777    2.792526803   61.157621915    4.570461877    7.463242991
    0.285599332    2.792526803   60.275185382  -13.394980974    2.369769666
    0.475998887    2.792526803   56.433086058  -25.731453179   -2.994488055
    0.666398442    2.792526803   51.092167430  -28.649730948   -8.155928392
    0.856797996    2.792526803   46.228248935  -20.818446637  -12.423825491
    1.047197551    2.792526803   43.733559620   -4.448592306  -15.119758663
    1.237597106    2.792526803   44.745342433   14.958182558  -15.893445102
    1.427996661    2.792526803   49.189741283   30.502718843  -14.883166030
    1.618396215    2.792526803   55.756824832   36.546162120  -12.662214706
    1.808795770    2.792526803   62.343143185   30.609205845   -9.986196728
    1.999195325    2.792526803   66.720163422   13.818861046   -7.497036975
    2.189594880    2.792526803   67.161883403   -9.909001946   -5.530749882
    2.379994435    2.792526803   62.851309309  -35.138914742   -4.092355632
    2.570393989    2.792526803   54.043803884  -56.246967765   -2.962464437
    2.760793544    2.792526803   41.997428077  -68.512747613   -1.853966633
    2.951193099    2.792526803   28.699110454  -69.174726728   -0.542206454
