#! FIELDS phi psi file.free der_phi der_psi
#! SET min_phi -pi
#! SET max_phi pi
#! SET nbins_phi  33
#! SET periodic_phi true
#! SET min_psi -pi
#! SET max_psi pi
#! SET nbins_psi  18
#! SET periodic_psi true
   -3.141592654   -3.141592654   18.433516656  -54.181079281   15.847659385
   -2.951193099   -3.141592654    9.838394374  -35.387376661   18.285602326
   -2.760793544   -3.141592654    5.106776891  -14.570720471   19.914327185
   -2.570393989   -3.141592654    4.063075641    2.534477221   20.838570065
   -2.379994435   -3.141592654    5.609888255   12.337355545   21.427322270
   -2.189594880   -3.141592654    8.276233175   14.555612182   22.210875303
   -1.999195325   -3.141592654   10.849698766   12.028957126   23.652583537
   -1.808795770   -3.141592654   12.832347625    9.072871917   25.889739043
   -1.618396215   -3.141592654   14.525090620    9.481259456   28.586885380
   -1.427996661   -3.141592654   16.772825239   14.956267324   31.019556597
   -1.237597106   -3.141592654   20.497519109   24.627459418   32.359302527
   -1.047197551   -3.141592654   26.248642714   35.625400374   32.010514955
   -0.856797996   -3.141592654   33.930165177   44.278303329   29.816427395
   -0.666398442   -3.141592654   42.774938756   47.386567128   26.024893944
   -0.475998887   -3.141592654   51.526974946   43.123680505   21.113417819
   -0.285599332   -3.141592654   58.739472275   31.355068557   15.580296977
   -0.095199777   -3.141592654   63.101722699   13.612230743    9.795458949
    0.095199777   -3.141592654   63.754590557   -6.959129348    3.989846583
    0.285599332   -3.141592654   60.579977776  -25.766463517   -1.662805478
    0.475998887   -3.141592654   54.405365695  -37.598549614   -6.899917266
    0.666398442   -3.141592654   46.988138680  -38.302120529  -11.305170492
    0.856797996   -3.141592654   40.623615070  -26.708640148  -14.373165567
    1.047197551   -3.141592654   37.433646583   -5.816408263  -15.711206057
    1.237597106   -3.141592654   38.595983025   17.757974136  -15.259302460
    1.427996661   -3.141592654   43.869367016   36.134324030  -13.340062368
    1.618396215   -3.141592654   51.637468167   43.236972730  -10.513017264
    1.808795770   -3.141592654   59.471379748   36.816203391   -7.322667156
    1.999195325   -3.141592654   64.910371931   18.696033202   -4.099476590
    2.189594880   -3.141592654   66.145490971   -6.398891268   -0.911032324
    2.379994435   -3.141592654   62.413882289  -32.445020228    2.337699143
    2.570393989   -3.141592654   54.102053014  -53.618983396    5.743996963
    2.760793544   -3.141592654   42.599236441  -65.374226461    9.278053154
    2.951193099   -3.141592654   29.964473176  -65.373583470   12.747750306

   -3.141592654   -2.792526803   25.553435256  -49.493353798   23.883659712
   -2.951193099   -2.792526803   17.672632710  -32.612465619   26.211812751
   -2.760793544   -2.792526803   13.292501829  -13.593332106   27.291165469
   -2.570393989   -2.792526803   12.312373119    2.371506765   27.378492746
   -2.379994435   -2.792526803   13.801045645   12.079851113   27.021010441
   -2.189594880   -2.792526803   16.497733528   15.293941541   26.873407726
   -1.999195325   -2.792526803   19.365959820   14.444125835   27.432755607
   -1.808795770   -2.792526803   21.967257290   13.063583130   28.793283430
   -1.618396215   -2.792526803   24.498718804   14.080449628   30.549105848
   -1.427996661   -2.792526803   27.559141273   18.622491814   31.919866267
   -1.237597106   -2.792526803   31.765813806   25.803497402   32.057434693
   -1.047197551   -2.792526803   37.415120453   33.288736201   30.386145228
   -0.856797996   -2.792526803   44.292618962   38.212046068   26.810293699
   -0.666398442   -2.792526803   51.664657649   38.130941582   21.683924493
   -0.475998887   -2.792526803   58.428174312   31.694160907   15.626266170
   -0.285599332   -2.792526803   63.348120597   18.899563388    9.287571063
   -0.095199777   -2.792526803   65.324855504    1.175577983    3.166171064
    0.095199777   -2.792526803   63.679902849  -18.528363839   -2.433518016
    0.285599332   -2.792526803   58.441998297  -35.747225131   -7.334956611
    0.475998887   -2.792526803   50.571945843  -45.309992213  -11.357258508
    0.666398442   -2.792526803   41.953761253  -43.104848428  -14.249708369
    0.856797996   -2.792526803   34.985812975  -28.194635026  -15.729004924
    1.047197551   -2.792526803   31.824927685   -4.070256919  -15.630796977
    1.237597106   -2.792526803   33.577983184   22.076039827  -14.056512561
    1.427996661   -2.792526803   39.837537256   42.003428994  -11.376691644
    1.618396215   -2.792526803   48.789722760   49.675956280   -8.069079187
    1.808795770   -2.792526803   57.853228267   43.244991667   -4.511237365
    1.999195325   -2.792526803   64.505845667   25.037603327   -0.847545719
    2.189594880   -2.792526803   66.958884407    0.098632711    2.988183794
    2.379994435   -2.792526803   64.498957867  -25.567040959    7.123924564
    2.570393989   -2.792526803   57.530827960  -46.430772851   11.575611749
    2.760793544   -2.792526803   47.394223824  -58.322049550   16.137544843
    2.951193099   -2.792526803   36.035704449  -59.159274951   20.402082361

   -3.141592654   -2.443460953   33.855742562  -44.567956708   22.232640160
   -2.951193099   -2.443460953   26.698282062  -29.972759921   24.087420625
   -2.760793544   -2.443460953   22.612516790  -13.062605488   24.831973230
   -2.570393989   -2.443460953   21.588575156    1.543584302   24.744343102
   -2.379994435   -2.443460953   22.874785042   10.966763668   24.304813839
   -2.189594880   -2.443460953   25.413703760   14.884864886   24.012078408
   -1.999195325   -2.443460953   28.314114782   15.209138849   24.172554576
   -1.808795770   -2.443460953   31.154320619   14.689625140   24.737576984
   -1.618396215   -2.443460953   33.998533164   15.525161576   25.281559973
   -1.427996661   -2.443460953   37.206379106   18.502637725   25.149758307
   -1.237597106   -2.443460953   41.143659592   22.954064565   23.730510005
   -1.047197551   -2.443460953   45.944165868   27.228668550   20.722327564
   -0.856797996   -2.443460953   51.383079870   29.297488337   16.266564312
   -0.666398442   -2.443460953   56.863098213   27.387387018   10.867507651
   -0.475998887   -2.443460953   61.510225096   20.441529778    5.185814514
   -0.285599332   -2.443460953   64.336137738    8.339928852   -0.189004242
   -0.095199777   -2.443460953   64.436739610   -7.866045932   -4.890825358
    0.095199777   -2.443460953   61.247938054  -25.665038708   -8.785923394
    0.285599332   -2.443460953   54.839649615  -40.893840261  -11.876530156
    0.475998887   -2.443460953   46.177647225  -48.478290701  -14.162748827
    0.666398442   -2.443460953   37.146037799  -44.264770541  -15.566156316
    0.856797996   -2.443460953   30.149341165  -27.331037302  -15.939983309
    1.047197551   -2.443460953   27.333431710   -1.342145363  -15.180965017
    1.237597106   -2.443460953   29.751084318   26.245833280  -13.346735195
    1.427996661   -2.443460953   36.896524902   47.048077363  -10.681061139
    1.618396215   -2.443460953   46.852349141   55.115862529   -7.507336505
    1.808795770   -2.443460953   56.972421998   48.901464346   -4.088702958
    1.999195325   -2.443460953   64.732846239   31.056588568   -0.531132560
    2.189594880   -2.443460953   68.389925902    6.762660078    3.202612617
    2.379994435   -2.443460953   67.273541344  -18.127363835    7.178678939
    2.570393989   -2.443460953   61.780022875  -38.464161797   11.359319895
    2.760793544   -2.443460953   53.161225980  -50.490568176   15.521284333
    2.951193099   -2.443460953   43.210754287  -52.367872973   19.284128656

   -3.141592654   -2.094395102   40.055661449  -40.929105297   14.393378676
   -2.951193099   -2.094395102   33.439777435  -27.930149579   15.608404066
   -2.760793544   -2.094395102   29.604825368  -12.407669134   16.161851664
   -2.570393989   -2.094395102   28.613729717    1.340446243   16.220699582
   -2.379994435   -2.094395102   29.830573608   10.540241475   16.009876638
   -2.189594880   -2.094395102   32.305331634   14.682560495   15.698310545
   -1.999195325   -2.094395102   35.193030568   15.234088285   15.308430740
   -1.808795770   -2.094395102   38.021062397   14.410699669   14.682010282
   -1.618396215   -2.094395102   40.711691728   14.027940346   13.537736363
   -1.427996661   -2.094395102   43.443206674   14.873290029   11.596318776
   -1.237597106   -2.094395102   46.443679801   16.730067473    8.728540070
   -1.047197551   -2.094395102   49.826780763   18.689829825    5.047930926
   -0.856797996   -2.094395102   53.493004747   19.432342345    0.902633206
   -0.666398442   -2.094395102   57.074538532   17.544485500   -3.247010536
   -0.475998887   -2.094395102   59.949629841   11.851879357   -6.981559162
   -0.285599332   -2.094395102   61.321349122    1.732779716  -10.041280020
   -0.095199777   -2.094395102   60.365999573  -12.375763490  -12.373247298
    0.095199777   -2.094395102   56.492601171  -28.421690285  -14.086999045
    0.285599332   -2.094395102   49.684919292  -42.400962086  -15.346652713
    0.475998887   -2.094395102   40.823882816  -49.094378906  -16.255768051
    0.666398442   -2.094395102   31.753083671  -44.040581021  -16.786786068
    0.856797996   -2.094395102   24.891692961  -26.084805452  -16.777700527
    1.047197551   -2.094395102   22.425673152    1.119909474  -16.029370448
    1.237597106   -2.094395102   25.429683587   29.921901690  -14.430927842
    1.427996661   -2.094395102   33.374138247   51.707442815  -12.050107903
    1.618396215   -2.094395102   44.283455518   60.409022038   -9.100278126
    1.808795770   -2.094395102   55.448381532   54.541058052   -5.851653642
    1.999195325   -2.094395102   64.305908976   36.928303155   -2.521620023
    2.189594880   -2.094395102   69.104466818   12.877382792    0.775878579
    2.379994435   -2.094395102   69.175951309  -11.783745526    3.999524048
    2.570393989   -2.094395102   64.898997851  -32.086082055    7.107808355
    2.760793544   -2.094395102   57.466459145  -44.500521060    9.995168344
    2.951193099   -2.094395102   48.576833688  -47.316212992   12.486239090

   -3.141592654   -1.745329252   43.149609204  -38.909715004    5.812451123
   -2.951193099   -1.745329252   36.835412826  -26.789209470    6.323823154
   -2.760793544   -1.745329252   33.138539794  -12.081467729    6.581524040
   -2.570393989   -1.745329252   32.143503975    0.998907017    6.610188751
   -2.379994435   -1.745329252   33.240988375    9.632277333    6.382980342
   -2.189594880   -1.745329252   35.485045070   13.136338488    5.794268546
   -1.999195325   -1.745329252   37.996288136   12.765316083    4.681214543
   -1.808795770   -1.745329252   40.235661021   10.639261553    2.888927880
   -1.618396215   -1.745329252   42.061550364    8.701295474    0.361186878
   -1.427996661   -1.745329252   43.635815796    8.102456793   -2.795830447
   -1.237597106   -1.745329252   45.251416525    9.090058324   -6.301240128
   -1.047197551   -1.745329252   47.168279917   11.109430511   -9.754756281
   -0.856797996   -1.745329252   49.478001523   12.925279827  -12.737598101
   -0.666398442   -1.745329252   51.987053702   12.880290216  -14.936570909
   -0.475998887   -1.745329252   54.176789291    9.326740642  -16.227508371
   -0.285599332   -1.745329252   55.256079153    1.114113373  -16.699556841
   -0.095199777   -1.745329252   54.317172540  -11.708458297  -16.613558178
    0.095199777   -1.745329252   50.632882159  -27.220777849  -16.309967856
    0.285599332   -1.745329252   44.052256069  -41.288310907  -16.084889190
    0.475998887   -1.745329252   35.369037972  -48.348933873  -16.084862154
    0.666398442   -1.745329252   26.413962042  -43.513120311  -16.250641347
    0.856797996   -1.745329252   19.667641855  -25.310796848  -16.321392780
    1.047197551   -1.745329252   17.416048860    2.681354867  -15.947611547
    1.237597106   -1.745329252   20.822544220   32.608934858  -14.839749781
    1.427996661   -1.745329252   29.389987779   55.526513219  -12.915370163
    1.618396215   -1.745329252   41.112594827   65.053487984  -10.322122918
    1.808795770   -1.745329252   53.205969575   59.563839910   -7.374400874
    1.999195325   -1.745329252   63.024191036   41.934008175   -4.422686871
    2.189594880   -1.745329252   68.754299696   17.622431365   -1.734279410
    2.379994435   -1.745329252   69.696192369   -7.401516027    0.554229908
    2.570393989   -1.745329252   66.215752722  -28.114608745    2.418233727
    2.760793544   -1.745329252   59.494112809  -41.028431416    3.890870540
    2.951193099   -1.745329252   51.207140280  -44.490677635    5.011975559

   -3.141592654   -1.396263402   42.073313349  -39.659641902    2.788121564
   -2.951193099   -1.396263402   35.632465737  -27.341963561    2.662448691
   -2.760793544   -1.396263402   31.861534077  -12.311070150    2.361331985
   -2.570393989   -1.396263402   30.846664424    0.975892670    1.857280371
   -2.379994435   -1.396263402   31.929532041    9.409199366    1.031232269
   -2.189594880   -1.396263402   34.063042298   12.082308181   -0.320434432
   -1.999195325   -1.396263402   36.241177835   10.224446838   -2.412014248
   -1.808795770   -1.396263402   37.821432070    6.235724779   -5.338010047
   -1.618396215   -1.396263402   38.638880434    2.592941638   -8.954024711
   -1.427996661   -1.396263402   38.945332515    1.069423252  -12.851207129
   -1.237597106   -1.396263402   39.229619303    2.364032869  -16.452253603
   -1.047197551   -1.396263402   39.999651858    5.994589386  -19.187561426
   -0.856797996   -1.396263402   41.569688501   10.379670096  -20.668565661
   -0.666398442   -1.396263402   43.869218368   13.211268446  -20.795260632
   -0.475998887   -1.396263402   46.367775546   12.111555936  -19.757005576
   -0.285599332   -1.396263402   48.135500199    5.362751659  -17.961134990
   -0.095199777   -1.396263402   48.046259582   -7.246562710  -15.913698143
    0.095199777   -1.396263402   45.137734098  -23.701956102  -14.083096925
    0.285599332   -1.396263402   39.072416097  -39.469410877  -12.776175312
    0.475998887   -1.396263402   30.557207063  -48.370276454  -12.068433141
    0.666398442   -1.396263402   21.461572591  -44.828324923  -11.807146398
    0.856797996   -1.396263402   14.423512675  -26.867162699  -11.668147801
    1.047197551   -1.396263402   11.948312106    2.066145097  -11.294359801
    1.237597106   -1.396263402   15.399183203   33.764598256  -10.414408004
    1.427996661   -1.396263402   24.376079236   58.625934440   -8.950469262
    1.618396215   -1.396263402   36.838288334   69.580510766   -7.013188079
    1.808795770   -1.396263402   49.857335400   64.579690788   -4.842602759
    1.999195325   -1.396263402   60.599560951   46.473552968   -2.711889222
    2.189594880   -1.396263402   67.092370424   21.011742201   -0.841626768
    2.379994435   -1.396263402   68.547465305   -5.411229583    0.640994426
    2.570393989   -1.396263402   65.321185848  -27.388977950    1.700826059
    2.760793544   -1.396263402   58.644533116  -41.212099402    2.370199650
    2.951193099   -1.396263402   50.270518386  -45.151462451    2.710112357

   -3.141592654   -1.047197551   39.918751483  -41.405427074    3.150734478
   -2.951193099   -1.047197551   33.176411819  -28.751369717    1.887452222
   -2.760793544   -1.047197551   29.169048443  -13.417220639    0.330431584
   -2.570393989   -1.047197551   27.948706073   -0.157245283   -1.425470579
   -2.379994435   -1.047197551   28.769859710    7.686445272   -3.396273035
   -2.189594880   -1.047197551   30.469507754    9.154385486   -5.732098076
   -1.999195325   -1.047197551   31.942523536    5.721595580   -8.624745036
   -1.808795770   -1.047197551   32.523368809    0.324615337  -12.125634695
   -1.618396215   -1.047197551   32.140479686   -3.919971754  -15.989361303
   -1.427996661   -1.047197551   31.248407843   -4.779521199  -19.667605465
   -1.237597106   -1.047197551   30.588146832   -1.511849665  -22.476837012
   -1.047197551   -1.047197551   30.883292405    4.979528858  -23.852305151
   -0.856797996   -1.047197551   32.554552472   12.422176793  -23.552972119
   -0.666398442   -1.047197551   35.498353271   17.793221694  -21.731441853
   -0.475998887   -1.047197551   39.031400936   18.193605065  -18.858406458
   -0.285599332   -1.047197551   42.000060463   11.681299029  -15.569505482
   -0.095199777   -1.047197551   43.042576541   -1.852738216  -12.476207885
    0.095199777   -1.047197551   41.006271453  -20.026537732   -9.999662405
    0.285599332   -1.047197551   35.451469361  -37.776434137   -8.273821149
    0.475998887   -1.047197551   27.089969800  -48.363561837   -7.161198676
    0.666398442   -1.047197551   17.892653626  -45.759959713   -6.371666905
    0.856797996   -1.047197551   10.663076091  -27.808028265   -5.598860274
    1.047197551   -1.047197551    8.076500225    1.940426128   -4.655398002
    1.237597106   -1.047197551   11.621011602   34.896059068   -3.488593075
    1.427996661   -1.047197551   20.935295635   60.982117078   -2.164669069
    1.618396215   -1.047197551   33.929680026   72.703410459   -0.786384124
    1.808795770   -1.047197551   47.562836665   67.778328608    0.555672577
    1.999195325   -1.047197551   58.866309712   49.064137215    1.795713543
    2.189594880   -1.047197551   65.754310034   22.515783471    2.876445150
    2.379994435   -1.047197551   67.376714069   -5.159970473    3.726923568
    2.570393989   -1.047197551   64.088929670  -28.237938244    4.255334067
    2.760793544   -1.047197551   57.173721050  -42.795507361    4.369071732
    2.951193099   -1.047197551   48.464570870  -47.012718777    4.001818935

   -3.141592654   -0.698131701   39.564383070  -45.065779092    2.964220264
   -2.951193099   -0.698131701   32.077730691  -32.841987869    1.014273217
   -2.760793544   -0.698131701   27.280713905  -17.571177088   -1.274066487
   -2.570393989   -0.698131701   25.276777023   -4.235458037   -3.760069632
   -2.379994435   -0.698131701   25.315992716    3.496810926   -6.403926699
   -2.189594880   -0.698131701   26.177237605    4.472596310   -9.295809313
   -1.999195325   -0.698131701   26.690805868    0.322017335  -12.551414641
   -1.808795770   -0.698131701   26.192918611   -5.502712783  -16.107429101
   -1.618396215   -0.698131701   24.727004047   -9.273852490  -19.573314173
   -1.427996661   -0.698131701   22.958301629   -8.424712846  -22.283645030
   -1.237597106   -0.698131701   21.853694053   -2.396539282  -23.554299058
   -1.047197551   -0.698131701   22.281365726    7.260986028  -22.993543451
   -0.856797996   -0.698131701   24.663202976   17.472190946  -20.687490577
   -0.666398442   -0.698131701   28.752094024   24.553586719  -17.160818730
   -0.475998887   -0.698131701   33.625914106   25.275845081  -13.166420354
   -0.285599332   -0.698131701   37.867017871   17.765450465   -9.425383497
   -0.095199777   -0.698131701   39.898602785    2.349657913   -6.397251201
    0.095199777   -0.698131701   38.460970489  -17.917121317   -4.159845521
    0.285599332   -0.698131701   33.141377781  -37.287077126   -2.443106878
    0.475998887   -0.698131701   24.790956423  -48.576225345   -0.823858444
    0.666398442   -0.698131701   15.566484076  -45.696336081    1.006666322
    0.856797996   -0.698131701    8.431726997  -26.829831360    3.067351888
    1.047197551   -0.698131701    6.134988115    3.979615621    5.073310806
    1.237597106   -0.698131701   10.148121025   37.694207510    6.644001749
    1.427996661   -0.698131701   20.029180789   64.043956175    7.519813455
    1.618396215   -0.698131701   33.595328019   75.579685498    7.702689384
    1.808795770   -0.698131701   47.735007952   70.187272608    7.421028290
    1.999195325   -0.698131701   59.441171800   50.868968763    6.977009414
    2.189594880   -0.698131701   66.607830364   23.623521839    6.584572149
    2.379994435   -0.698131701   68.364888566   -4.879221057    6.286259833
    2.570393989   -0.698131701   65.039592994  -28.937376118    5.961977479
    2.760793544   -0.698131701   57.887972525  -44.590233376    5.410333755
    2.951193099   -0.698131701   48.734814012  -49.857763969    4.441338449

   -3.141592654   -0.349065850   40.214645386  -49.048800679    2.532748335
   -2.951193099   -0.349065850   31.900693208  -37.481062410   -0.064642525
   -2.760793544   -0.349065850   26.186041383  -22.505189174   -2.975392002
   -2.570393989   -0.349065850   23.234760429   -9.230747037   -5.979929929
   -2.379994435   -0.349065850   22.315811135   -1.598288928   -8.967167636
   -2.189594880   -0.349065850   22.180635272   -0.931590695  -11.970256226
   -1.999195325   -0.349065850   21.630130590   -5.416731131  -15.042874625
   -1.808795770   -0.349065850   20.044105632  -11.046967817  -18.039097257
   -1.618396215   -0.349065850   17.626901049  -13.495454975  -20.485772817
   -1.427996661   -0.349065850   15.286763803  -10.001093584  -21.697362984
   -1.237597106   -0.349065850   14.207703977   -0.476222970  -21.106393397
   -1.047197551   -0.349065850   15.332887802   12.558750589  -18.599500958
   -0.856797996   -0.349065850   18.963267801   25.035961790  -14.644344332
   -0.666398442   -0.349065850   24.575784949   32.698151544  -10.110071677
   -0.475998887   -0.349065850   30.922438949   32.361923811   -5.918122207
   -0.285599332   -0.349065850   36.324008488   22.762296042   -2.700258485
   -0.095199777   -0.349065850   39.092597480    5.150425726   -0.584041592
    0.095199777   -0.349065850   38.035893375  -16.529617789    0.810661691
    0.285599332   -0.349065850   32.945693141  -36.045541073    2.168341460
    0.475998887   -0.349065850   24.911740034  -46.362959372    4.117192144
    0.666398442   -0.349065850   16.241345760  -42.109662181    6.877926446
    0.856797996   -0.349065850    9.887580205  -22.387504420   10.117641418
    1.047197551   -0.349065850    8.434615946    8.191121394   13.089403502
    1.237597106   -0.349065850   13.140522726   40.611920260   15.036762013
    1.427996661   -0.349065850   23.409052897   65.171290350   15.552724398
    1.618396215   -0.349065850   37.031633680   75.129736644   14.742294767
    1.808795770   -0.349065850   50.986835126   68.828813425   13.104807547
    1.999195325   -0.349065850   62.404284966   49.294109621   11.250355380
    2.189594880   -0.349065850   69.283476970   22.210664953    9.621651864
    2.379994435   -0.349065850   70.786724682   -6.171379921    8.356905032
    2.570393989   -0.349065850   67.201473029  -30.447972830    7.305664741
    2.760793544   -0.349065850   59.707424571  -46.745507463    6.161115088
    2.951193099   -0.349065850   50.059232538  -52.925114154    4.621176280

   -3.141592654    0.000000000   40.905423758  -53.240237053    1.131228028
   -2.951193099    0.000000000   31.723071623  -42.338940711   -1.281753746
   -2.760793544    0.000000000   25.048949573  -27.649755282   -3.812793494
   -2.570393989    0.000000000   21.116650960  -14.350358601   -6.316458787
   -2.379994435    0.000000000   19.233857314   -6.601158428   -8.748061095
   -2.189594880    0.000000000   18.154227077   -5.846650648  -11.158875405
   -1.999195325    0.000000000   16.686929676  -10.063553837  -13.553625406
   -1.808795770    0.000000000   14.291521731  -14.739340373  -15.699588098
   -1.618396215    0.000000000   11.349426620  -15.111718522  -17.068229259
   -1.427996661    0.000000000    8.986124197   -8.494723650  -17.023001233
   -1.237597106    0.000000000    8.522504588    4.446127892  -15.180118036
   -1.047197551    0.000000000   10.853862974   20.077125773  -11.704000572
   -0.856797996    0.000000000   16.031899065   33.447791145   -7.328720890
   -0.666398442    0.000000000   23.177070909   40.094282650   -3.049347839
   -0.475998887    0.000000000   30.720478669   37.383061992    0.305257354
   -0.285599332    0.000000000   36.819162678   25.104133828    2.410095142
   -0.095199777    0.000000000   39.836412158    5.631082154    3.563172984
    0.095199777    0.000000000   38.816845989  -16.327570062    4.531206321
    0.285599332    0.000000000   33.873165769  -34.472961967    6.198744899
    0.475998887    0.000000000   26.353332138  -42.479285724    9.119549241
    0.666398442    0.000000000   18.632070161  -36.183697658   13.189840602
    0.856797996    0.000000000   13.497774774  -15.826026946   17.617419994
    1.047197551    0.000000000   13.208042476   13.540367668   21.242698357
    1.237597106    0.000000000   18.696599588   43.321371588   23.088415117
    1.427996661    0.000000000   29.188320371   64.837767525   22.776675028
    1.618396215    0.000000000   42.502505224   72.403658231   20.629611035
    1.808795770    0.000000000   55.806411379   64.938588687   17.435276258
    1.999195325    0.000000000   66.468116648   45.413350657   14.053635624
    2.189594880    0.000000000   72.666895694   19.004613733   11.083235159
    2.379994435    0.000000000   73.631254981   -8.669648097    8.727566799
    2.570393989    0.000000000   69.605942445  -32.671097086    6.847850881
    2.760793544    0.000000000   61.667375905  -49.292313796    5.132118891
    2.951193099    0.000000000   51.465924474  -56.233970425    3.277224761

   -3.141592654    0.349065850   42.382985094  -56.159695550    0.228649101
   -2.951193099    0.349065850   32.585362571  -45.837079495   -1.342828179
   -2.760793544    0.349065850   25.203894174  -31.527699102   -2.858710261
   -2.570393989    0.349065850   20.513751259  -18.397688169   -4.302147473
   -2.379994435    0.349065850   17.853314452  -10.704815721   -5.723834461
   -2.189594880    0.349065850   15.994087105   -9.899021807   -7.202280394
   -1.999195325    0.349065850   13.784683372  -13.712186803   -8.715267789
   -1.808795770    0.349065850   10.790188952  -17.223977419  -10.012120598
   -1.618396215    0.349065850    7.565072346  -15.436599257  -10.621769965
   -1.427996661    0.349065850    5.406827993   -5.953613362  -10.056493047
   -1.237597106    0.349065850    5.696215646    9.704752758   -8.118905165
   -1.047197551    0.349065850    9.201938461   26.882723950   -5.101213330
   -0.856797996    0.349065850   15.683761387   40.032193900   -1.718942098
   -0.666398442    0.349065850   23.929833789   44.868698998    1.231968899
   -0.475998887    0.349065850   32.145412620   39.646853306    3.258521061
   -0.285599332    0.349065850   38.466917998   25.356660566    4.406517031
   -0.095199777    0.349065850   41.454701708    5.369990318    5.250017428
    0.095199777    0.349065850   40.487939828  -15.203556337    6.628462831
    0.285599332    0.349065850   36.014159653  -30.498926582    9.261448746
    0.475998887    0.349065850   29.557906786  -35.359420125   13.355629688
    0.666398442    0.349065850   23.408998964  -27.105334999   18.409038911
    0.856797996    0.349065850   20.014130323   -7.079484337   23.316960181
    1.047197551    0.349065850   21.162653796   19.538952560   26.792738052
    1.237597106    0.349065850   27.399472001   45.051519813   27.920652121
    1.427996661    0.349065850   37.796847283   62.237662112   26.515763677
    1.618396215    0.349065850   50.294939093   66.720933077   23.126777199
    1.808795770    0.349065850   62.369586180   58.031458389   18.727546539
    1.999195325    0.349065850   71.736498517   38.953769941   14.291823989
    2.189594880    0.349065850   76.830883407   13.954543282   10.471008851
    2.379994435    0.349065850   76.985339449  -12.167825375    7.490942558
    2.570393989    0.349065850   72.407860805  -35.088187043    5.237001577
    2.760793544    0.349065850   64.054782540  -51.355903883    3.433078611
    2.951193099    0.349065850   53.442134850  -58.564107345    1.812385791

   -3.141592654    0.698131701   43.667032422  -58.220944339   -1.124258835
   -2.951193099    0.698131701   33.448529709  -48.161351818   -1.639450880
   -2.760793544    0.698131701   25.607530431  -33.990096284   -1.947894786
   -2.570393989    0.698131701   20.446018203  -20.858783450   -2.169466521
   -2.379994435    0.698131701   17.322701708  -13.094265158   -2.443298778
   -2.189594880    0.698131701   15.019309556  -12.153520954   -2.876367620
   -1.999195325    0.698131701   12.408363088  -15.617646205   -3.461086419
   -1.808795770    0.698131701    9.118360605  -18.329955501   -4.026510223
   -1.618396215    0.698131701    5.802801331  -15.199348065   -4.278691987
   -1.427996661    0.698131701    3.844214828   -4.086905250   -3.942189693
   -1.237597106    0.698131701    4.625856830   12.903705432   -2.930999265
   -1.047197551    0.698131701    8.801427409   30.532326366   -1.429634113
   -0.856797996    0.698131701   15.934891019   43.066654093    0.189947219
   -0.666398442    0.698131701   24.640671235   46.613427586    1.602633561
   -0.475998887    0.698131701   33.069512485   40.235515413    2.737598276
   -0.285599332    0.698131701   39.465932895   25.772518514    3.859304691
   -0.095199777    0.698131701   42.631022337    7.065811294    5.482653570
    0.095199777    0.698131701   42.218045350  -10.908049788    8.131225349
    0.285599332    0.698131701   38.860454868  -23.079913416   12.062048247
    0.475998887    0.698131701   34.069559668  -25.508570288   17.030700285
    0.666398442    0.698131701   29.885354734  -16.711197299   22.253839626
    0.856797996    0.698131701   28.325776297    1.380103816   26.597171542
    1.047197551    0.698131701   30.726635081   23.959693742   28.984234125
    1.237597106    0.698131701   37.336242152   44.527832439   28.824193902
    1.427996661    0.698131701   47.196858274   57.336848878   26.231969499
    1.618396215    0.698131701   58.472737337   59.118854367   21.926651557
    1.808795770    0.698131701   69.003707127   49.742728455   16.903528848
    1.999195325    0.698131701   76.861087823   31.598125122   12.062194585
    2.189594880    0.698131701   80.716141293    8.357734566    7.966439300
    2.379994435    0.698131701   79.980950934  -15.968648098    4.803310880
    2.570393989    0.698131701   74.814108676  -37.589261363    2.492502132
    2.760793544    0.698131701   66.054369024  -53.237539457    0.843720835
    2.951193099    0.698131701   55.095112924  -60.387838253   -0.322805829

   -3.141592654    1.047197551   41.960983771  -58.950727193   -4.897820677
   -2.951193099    1.047197551   31.693818196  -47.949548459   -4.219198731
   -2.760793544    1.047197551   23.963373101  -33.085743183   -3.166125248
   -2.570393989    1.047197551   19.009640357  -19.644007416   -2.042935690
   -2.379994435    1.047197551   16.114765327  -11.967564620   -1.100743151
   -2.189594880    1.047197551   13.993982953  -11.388028276   -0.476015516
   -1.999195325    1.047197551   11.488423889  -15.263113237   -0.178247449
   -1.808795770    1.047197551    8.238727518  -18.220987429   -0.129232793
   -1.618396215    1.047197551    4.941476811  -15.077955027   -0.217764153
   -1.427996661    1.047197551    3.022987548   -3.774954734   -0.343799483
   -1.237597106    1.047197551    3.882839975   13.388488006   -0.433278537
   -1.047197551    1.047197551    8.155906406   31.028854158   -0.426221489
   -0.856797996    1.047197551   15.375906653   43.478053300   -0.243095988
   -0.666398442    1.047197551   24.163905982   47.128782040    0.270242886
   -0.475998887    1.047197551   32.743293493   41.417279686    1.350483911
   -0.285599332    1.047197551   39.491826663   28.428103775    3.277800694
   -0.095199777    1.047197551   43.361855745   11.904460228    6.288964151
    0.095199777    1.047197551   44.101824661   -3.654857770   10.436112119
    0.285599332    1.047197551   42.318286598  -13.968781852   15.462763942
    0.475998887    1.047197551   39.334584395  -15.921430916   20.736661558
    0.666398442    1.047197551   36.869830194   -8.571550124   25.341202037
    0.856797996    1.047197551   36.572590541    6.237049402   28.297849162
    1.047197551    1.047197551   39.492076644   24.458035821   28.910394843
    1.237597106    1.047197551   45.778137199   40.746344787   27.023260314
    1.427996661    1.047197551   54.593289358   50.389380931   23.083052876
    1.618396215    1.047197551   64.374213922   50.642823225   17.930658183
    1.808795770    1.047197551   73.270441714   41.262767002   12.479148408
    1.999195325    1.047197551   79.596148287   24.099731718    7.433260273
    2.189594880    1.047197551   82.150260997    2.207036984    3.176830407
    2.379994435    1.047197551   80.370696942  -20.818450697   -0.172007744
    2.570393989    1.047197551   74.389319772  -41.323378689   -2.623592222
    2.760793544    1.047197551   65.013887568  -55.975141332   -4.207629028
    2.951193099    1.047197551   53.626165589  -62.134391369   -4.945777098

   -3.141592654    1.396263402   37.486203422  -58.388919425  -10.550149084
   -2.951193099    1.396263402   27.495055335  -45.676194154   -9.638956609
   -2.760793544    1.396263402   20.312765626  -29.719645523   -8.094179643
   -2.570393989    1.396263402   16.043968084  -15.933781669   -6.240427060
   -2.379994435    1.396263402   13.835914600   -8.551440684   -4.361315921
   -2.189594880    1.396263402   12.303608981   -8.669795583   -2.630211740
   -1.999195325    1.396263402   10.232335008  -13.440791716   -1.128608794
   -1.808795770    1.396263402    7.237391458  -17.376988528    0.078726593
   -1.618396215    1.396263402    4.007782109  -15.207782077    0.896299089
   -1.427996661    1.396263402    1.982541496   -4.732843940    1.234947568
   -1.237597106    1.396263402    2.609529640   11.973035907    1.115041055
   -1.047197551    1.396263402    6.617739010   29.764979904    0.742706194
   -0.856797996    1.396263402   13.671849263   43.125301473    0.496704553
   -0.666398442    1.396263402   22.539578313   48.430393455    0.833598851
   -0.475998887    1.396263402   31.570335867   44.917595600    2.140851303
   -0.285599332    1.396263402   39.213230422   34.316374068    4.616823053
   -0.095199777    1.396263402   44.411374969   19.869722497    8.204278089
    0.095199777    1.396263402   46.801492291    5.522908303   12.559040677
    0.285599332    1.396263402   46.776738944   -4.936025858   17.071703210
    0.475998887    1.396263402   45.371981551   -8.627444800   20.959879037
    0.666398442    1.396263402   44.012601767   -4.449896219   23.454907581
    0.856797996    1.396263402   44.127772949    6.392310803   24.004834187
    1.047197551    1.396263402   46.700869074   20.755874521   22.474295468
    1.237597106    1.396263402   51.985539391   34.139896151   19.173495641
    1.427996661    1.396263402   59.374396439   42.247295919   14.750336334
    1.618396215    1.396263402   67.562623411   42.228988671    9.930377090
    1.808795770    1.396263402   74.898586461   33.368913059    5.288670073
    1.999195325    1.396263402   79.795482555   16.996538581    1.134056562
    2.189594880    1.396263402   81.070740104   -4.134158524   -2.452031289
    2.379994435    1.396263402   78.154396669  -26.401950757   -5.482596329
    2.570393989    1.396263402   71.196511898  -45.936017050   -7.932897820
    2.760793544    1.396263402   61.067102186  -59.193048811   -9.688126026
    2.951193099    1.396263402   49.232481631  -63.541862353  -10.589969034

   -3.141592654    1.745329252   31.532569523  -57.728832720  -16.551958478
   -2.951193099    1.745329252   21.858307649  -43.077751603  -15.881062855
   -2.760793544    1.745329252   15.307615469  -25.811356336  -14.231211940
   -2.570393989    1.745329252   11.845935644  -11.490766634  -11.880662202
   -2.379994435    1.745329252   10.481297677   -4.226654777   -9.121108002
   -2.189594880    1.745329252    9.725497852   -4.896606914   -6.164778347
   -1.999195325    1.745329252    8.296345918  -10.517883685   -3.160073647
   -1.808795770    1.745329252    5.754627757  -15.591101928   -0.281422128
   -1.618396215    1.745329252    2.737745361  -14.791074162    2.215325724
   -1.427996661    1.745329252    0.661978942   -5.643975955    4.059148266
   -1.237597106    1.745329252    1.028908738   10.275643675    5.124876228
   -1.047197551    1.745329252    4.720324714   28.321961628    5.556659347
   -0.856797996    1.745329252   11.622730013   43.166359588    5.752313880
   -0.666398442    1.745329252   20.720943489   50.925487590    6.210361774
   -0.475998887    1.745329252   30.494728466   50.219426201    7.321993223
   -0.285599332    1.745329252   39.388938745   42.030193262    9.218024045
   -0.095199777    1.745329252   46.204504703   28.923260042   11.710615688
    0.095199777    1.745329252   50.327015621   14.387020316   14.322055805
    0.285599332    1.745329252   51.840791865    2.087265592   16.392295132
    0.475998887    1.745329252   51.484556741   -4.815077467   17.275919275
    0.666398442    1.745329252   50.481278885   -4.564062711   16.577515112
    0.856797996    1.745329252   50.207746502    2.541192960   14.297296925
    1.047197551    1.745329252   51.766642717   14.165473572   10.859058010
    1.237597106    1.745329252   55.649577325   26.248409161    6.914554051
    1.427996661    1.745329252   61.520038719   34.366718196    3.101670524
    1.618396215    1.745329252   68.275832931   35.132043478   -0.202794232
    1.808795770    1.745329252   74.349757201   27.179771044   -2.958888948
    1.999195325    1.745329252   78.131763863   11.409163044   -5.376449864
    2.189594880    1.745329252   78.370550972   -9.470988381   -7.726651468
    2.379994435    1.745329252   74.453733386  -31.541851052  -10.153071146
    2.570393989    1.745329252   66.561268794  -50.512781992  -12.571490647
    2.760793544    1.745329252   55.664656274  -62.542608034  -14.688622528
    2.951193099    1.745329252   43.359846526  -65.034919916  -16.118345811

   -3.141592654    2.094395102   24.633017960  -58.177391489  -18.238158703
   -2.951193099    2.094395102   15.079037040  -41.391455898  -17.608730774
   -2.760793544    2.094395102    9.030773038  -22.310458095  -15.912661092
   -2.570393989    2.094395102    6.364796157   -6.740356407  -13.371032044
   -2.379994435    2.094395102    5.980019138    1.234157664  -10.240802644
   -2.189594880    2.094395102    6.299406556    0.877908901   -6.707421915
   -1.999195325    2.094395102    5.973558958   -4.765559017   -2.899208621
   -1.808795770    2.094395102    4.492656355  -10.286968762    1.002623495
   -1.618396215    2.094395102    2.403600527  -10.436725365    4.678580712
   -1.427996661    2.094395102    1.036343556   -2.591327905    7.729048762
   -1.237597106    2.094395102    1.863707751   12.106907028    9.860845432
   -1.047197551    2.094395102    5.831655644   29.514097425   11.059137303
   -0.856797996    2.094395102   12.966968530   44.552410984   11.609242554
   -0.666398442    2.094395102   22.404767115   53.181495852   11.942278739
   -0.475998887    2.094395102   32.711083527   53.531895958   12.410359504
   -0.285599332    2.094395102   42.308119107   45.975972083   13.118987333
   -0.095199777    2.094395102   49.862590333   32.549909293   13.864717735
    0.095199777    2.094395102   54.547993168   16.458222467   14.197090931
    0.285599332    2.094395102   56.218188965    1.502020491   13.571072986
    0.475998887    2.094395102   55.450181690   -8.565640959   11.593402367
    0.666398442    2.094395102   53.454313571  -11.089702237    8.250085210
    0.856797996    2.094395102   51.768365631   -5.488291879    3.978710919
    1.047197551    2.094395102   51.787543654    6.296023315   -0.448226709
    1.237597106    2.094395102   54.305300477   19.958678542   -4.255160250
    1.427996661    2.094395102   59.184486754   30.264983262   -6.956617682
    1.618396215    2.094395102   65.347636531   32.888160163   -8.537745252
    1.808795770    2.094395102   71.096178125   25.819181796   -9.388423492
    1.999195325    2.094395102   74.613645140    9.828608273  -10.074995529
    2.189594880    2.094395102   74.466848449  -12.008951174  -11.074101719
    2.379994435    2.094395102   69.961028609  -35.143853101  -12.584732818
    2.570393989    2.094395102   61.317773457  -54.659650588  -14.476440295
    2.760793544    2.094395102   49.650711477  -66.308621504  -16.363493785
    2.951193099    2.094395102   36.741482220  -67.471045034  -17.754776392

   -3.141592654    2.443460953   18.532786477  -58.588599704  -12.478352125
   -2.951193099    2.443460953    9.071251716  -40.018172519  -11.376459101
   -2.760793544    2.443460953    3.446161362  -19.298328846   -9.473617507
   -2.570393989    2.443460953    1.483600901   -2.434248301   -6.938512348
   -2.379994435    2.443460953    2.016618833    6.524159403   -3.936477516
   -2.189594880    2.443460953    3.422276777    6.973411953   -0.532286231
   -1.999195325    2.443460953    4.321967836    1.971416328    3.271742012
   -1.808795770    2.443460953    4.158864653   -3.271054146    7.387954122
   -1.618396215    2.443460953    3.384953410   -3.761495166   11.513128297
   -1.427996661    2.443460953    3.201139921    3.058875600   15.160068842
   -1.237597106    2.443460953    4.971114513   16.318240391   17.850488384
   -1.047197551    2.443460953    9.605076300   32.338336152   19.336312383
   -0.856797996    2.443460953   17.176727043   46.387419544   19.686816110
   -0.666398442    2.443460953   26.906130111   54.459627943   19.181244835
   -0.475998887    2.443460953   37.418753253   54.408040617   18.112501275
   -0.285599332    2.443460953   47.126152102   46.172040535   16.624384700
   -0.095199777    2.443460953   54.603192388   31.414841178   14.640068714
    0.095199777    2.443460953   58.883151581   13.207975903   11.922054104
    0.285599332    2.443460953   59.690503703   -4.353509812    8.223779096
    0.475998887    2.443460953   57.568493585  -16.825580641    3.518858069
    0.666398442    2.443460953   53.848431166  -20.692800577   -1.829669541
    0.856797996    2.443460953   50.336447178  -14.744683718   -7.084758094
    1.047197551    2.443460953   48.762647857   -0.936401037  -11.357368660
    1.237597106    2.443460953   50.184618778   15.771716774  -13.989328992
    1.427996661    2.443460953   54.561878757   29.090928624  -14.813934238
    1.618396215    2.443460953   60.715960127   33.755645439  -14.211160505
    1.808795770    2.443460953   66.711504083   27.310543723  -12.906032296
    1.999195325    2.443460953   70.466296827   10.658592232  -11.653948177
    2.189594880    2.443460953   70.350760135  -12.567601398  -10.972270833
    2.379994435    2.443460953   65.597325493  -37.127207309  -11.014900253
    2.570393989    2.443460953   56.480012241  -57.520919808  -11.598229684
    2.760793544    2.443460953   44.253164767  -69.162870158  -12.324773161
    2.951193099    2.443460953   30.873125497  -69.428611249  -12.737881636

   -3.141592654    2.792526803   15.632701732  -57.592289474    1.032811834
   -2.951193099    2.792526803    6.458945810  -38.004188860    3.014175703
   -2.760793544    2.792526803    1.312131923  -16.319647403    4.982314995
   -2.570393989    2.792526803    0.000000000    1.396517463    6.844536299
   -2.379994435    2.792526803    1.341747082   11.196186177    8.665509870
   -2.189594880    2.792526803    3.726105171   12.601460006   10.686698831
   -1.999195325    2.792526803    5.794652478    8.606892385   13.195331026
   -1.808795770    2.792526803    6.972083109    4.084004759   16.301100103
   -1.618396215    2.792526803    7.612138505    3.580256200   19.762826078
   -1.427996661    2.792526803    8.746605405    9.397660356   23.013714578
   -1.237597106    2.792526803   11.558143997   20.808105880   25.382543518
   -1.047197551    2.792526803   16.835896792   34.591217486   26.378709952
   -0.856797996    2.792526803   24.626673104   46.475820762   25.859746862
   -0.666398442    2.792526803   34.191428091   52.691092317   23.988396129
   -0.475998887    2.792526803   44.212262276   51.037808236   21.070818596
   -0.285599332    2.792526803   53.129966144   41.233441963   17.390653125
   -0.095199777    2.792526803   59.505960512   24.761270932   13.104693710
    0.095199777    2.792526803   62.344377082    4.714788340    8.267092854
    0.285599332    2.792526803   61.373473116  -14.458937799    2.934986382
    0.475998887    2.792526803   57.233752734  -27.720565911   -2.663291589
    0.666398442    2.792526803   51.472221841  -30.967679844   -8.037815252
    0.856797996    2.792526803   46.191727841  -22.772158650  -12.500891534
    1.047197551    2.792526803   43.404689440   -5.507322354  -15.394431436
    1.237597106    2.792526803   44.317587153   14.964824229  -16.391235403
    1.427996661    2.792526803   48.849078101   31.334070044  -15.635115011
    1.618396215    2.792526803   55.611915314   37.658356335  -13.673700949
    1.808795770    2.792526803   62.387687273   31.385434812  -11.210309827
    1.999195325    2.792526803   66.843313931   13.818982594   -8.831107154
    2.189594880    2.792526803   67.200831761  -10.776755055   -6.838162414
    2.379994435    2.792526803   62.662939824  -36.587285382   -5.238302526
    2.570393989    2.792526803   53.566150425  -57.741383693   -3.845687524
    2.760793544    2.792526803   41.276009068  -69.499480983   -2.426143992
    2.951193099    2.792526803   27.868946569  -69.299801919   -0.810934078
