#! FIELDS phi psi file.free der_phi der_psi
#! SET min_phi -pi
#! SET max_phi pi
#! SET nbins_phi  33
#! SET periodic_phi true
#! SET min_psi -pi
#! SET max_psi pi
#! SET nbins_psi  18
#! SET periodic_psi true
   -3.141592654   -3.141592654   20.336178192  -54.815077376   12.109166111
   -2.951193099   -3.141592654   11.395630370  -38.098926267   14.731503570
   -2.760793544   -3.141592654    6.084327741  -17.624392532   16.893957120
   -2.570393989   -3.141592654    4.544315471    0.583044137   18.527971091
   -2.379994435   -3.141592654    5.870520783   11.979561259   19.798202130
   -2.189594880   -3.141592654    8.584562142   15.277586148   21.051468475
   -1.999195325   -3.141592654   11.314460016   12.770218346   22.622979036
   -1.808795770   -3.141592654   13.360587847    8.896396390   24.599191634
   -1.618396215   -3.141592654   14.892981618    7.968094067   26.676069069
   -1.427996661   -3.141592654   16.729120239   12.213503031   28.229734271
   -1.237597106   -3.141592654   19.837554788   20.974340924   28.584545980
   -1.047197551   -3.141592654   24.821746462   31.272834565   27.326258215
   -0.856797996   -3.141592654   31.611934719   39.295289484   24.481650095
   -0.666398442   -3.141592654   39.457834708   41.950744522   20.456478337
   -0.475998887   -3.141592654   47.174263187   37.849190954   15.816872857
   -0.285599332   -3.141592654   53.485075808   27.406153048   11.042085465
   -0.095199777   -3.141592654   57.334990561   12.431795080    6.365256554
    0.095199777   -3.141592654   58.119643879   -4.244091666    1.798984183
    0.285599332   -3.141592654   55.853690510  -18.982621289   -2.711931468
    0.475998887   -3.141592654   51.279657299  -27.835841858   -7.068394832
    0.666398442   -3.141592654   45.836222356  -27.743700515  -10.905762646
    0.856797996   -3.141592654   41.346367088  -17.996653330  -13.662726331
    1.047197551   -3.141592654   39.453899210   -1.168316503  -14.830716641
    1.237597106   -3.141592654   41.021287307   17.344293481  -14.245684057
    1.427996661   -3.141592654   45.771731916   31.318873493  -12.194432247
    1.618396215   -3.141592654   52.363367909   36.174346728   -9.286413889
    1.808795770   -3.141592654   58.865188790   30.384329783   -6.175372784
    1.999195325   -3.141592654   63.347855557   15.417416057   -3.298642495
    2.189594880   -3.141592654   64.363638035   -5.374192257   -0.771529760
    2.379994435   -3.141592654   61.197283689  -27.781068684    1.549257394
    2.570393989   -3.141592654   53.960326121  -47.406591596    3.906195848
    2.760793544   -3.141592654   43.583923073  -60.131027749    6.475405319
    2.951193099   -3.141592654   31.700967038  -62.892687448    9.267108854

   -3.141592654   -2.792526803   25.906449126  -49.489437335   18.983632973
   -2.951193099   -2.792526803   17.868206478  -34.035609665   21.831670705
   -2.760793544   -2.792526803   13.188992312  -15.049467879   23.662832569
   -2.570393989   -2.792526803   12.016246733    1.952321699   24.519126660
   -2.379994435   -2.792526803   13.543296557   12.864076119   24.760987866
   -2.189594880   -2.792526803   16.448468598   16.532347100   24.921115806
   -1.999195325   -2.792526803   19.501349819   14.954712798   25.445485517
   -1.808795770   -2.792526803   22.050605724   11.917434824   26.445545364
   -1.618396215   -2.792526803   24.177551867   11.006572772   27.596197598
   -1.427996661   -2.792526803   26.495051303   14.014677242   28.253563169
   -1.237597106   -2.792526803   29.731822053   20.368527411   27.743885211
   -1.047197551   -2.792526803   34.316820288   27.660113430   25.670938679
   -0.856797996   -2.792526803   40.139057657   32.833672731   22.081005183
   -0.666398442   -2.792526803   46.540187989   33.401741616   17.396606741
   -0.475998887   -2.792526803   52.507857613   28.203250750   12.200467693
   -0.285599332   -2.792526803   56.945864118   17.502614394    6.994478242
   -0.095199777   -2.792526803   58.928472925    2.787134578    2.045005982
    0.095199777   -2.792526803   57.922664908  -13.368313847   -2.591589017
    0.285599332   -2.792526803   53.988225883  -27.313701694   -6.919244399
    0.475998887   -2.792526803   47.941372063  -34.856800640  -10.803774581
    0.666398442   -2.792526803   41.346747998  -32.667509620  -13.895102983
    0.856797996   -2.792526803   36.180294170  -20.064434491  -15.715113399
    1.047197551   -2.792526803   34.192755355   -0.093337833  -15.900227251
    1.237597106   -2.792526803   36.234049510   21.123042011  -14.442461466
    1.427996661   -2.792526803   41.881996391   36.774608305  -11.737791520
    1.618396215   -2.792526803   49.577211618   42.134926314   -8.404788360
    1.808795770   -2.792526803   57.192065123   36.026763291   -5.004318088
    1.999195325   -2.792526803   62.695831781   20.510882282   -1.813524085
    2.189594880   -2.792526803   64.649138261   -0.549143707    1.215602183
    2.379994435   -2.792526803   62.413844575  -22.751908930    4.324532655
    2.570393989   -2.792526803   56.181651066  -41.858942228    7.742158770
    2.760793544   -2.792526803   46.909852566  -54.127255423   11.505462146
    2.951193099   -2.792526803   36.180621234  -56.892335745   15.392982379

   -3.141592654   -2.443460953   32.682239403  -43.759627897   18.651767464
   -2.951193099   -2.443460953   25.568464061  -30.145882706   21.030644581
   -2.760793544   -2.443460953   21.435121797  -13.187411692   22.357160093
   -2.570393989   -2.443460953   20.453298685    2.212578025   22.744927195
   -2.379994435   -2.443460953   21.944332330   12.387777509   22.575310924
   -2.189594880   -2.443460953   24.762592886   16.225788733   22.323311848
   -1.999195325   -2.443460953   27.817770949   15.315360662   22.325111817
   -1.808795770   -2.443460953   30.489860119   12.756017954   22.594335016
   -1.618396215   -2.443460953   32.760176416   11.501526500   22.790624707
   -1.427996661   -2.443460953   35.052642446   13.084710504   22.369431942
   -1.237597106   -2.443460953   37.905219815   17.173178013   20.842346826
   -1.047197551   -2.443460953   41.641620214   21.977706577   18.015031892
   -0.856797996   -2.443460953   46.176352034   25.127877975   14.080087383
   -0.666398442   -2.443460953   50.988081039   24.590110788    9.509862689
   -0.475998887   -2.443460953   55.251335886   19.274451235    4.840650212
   -0.285599332   -2.443460953   58.036775671    9.167669040    0.465437285
   -0.095199777   -2.443460953   58.516069934   -4.641721099   -3.471076834
    0.095199777   -2.443460953   56.184760359  -19.864254604   -7.011914544
    0.285599332   -2.443460953   51.101249071  -32.860041666  -10.223126313
    0.475998887   -2.443460953   44.104934488  -39.213308082  -13.017737111
    0.666398442   -2.443460953   36.832304719  -35.331053326  -15.104779743
    0.856797996   -2.443460953   31.361137708  -20.523308554  -16.084820162
    1.047197551   -2.443460953   29.511789368    1.812479997  -15.670962092
    1.237597106   -2.443460953   32.113545782   24.999099390  -13.888357281
    1.427996661   -2.443460953   38.624241907   41.812509550  -11.103180011
    1.618396215   -2.443460953   47.319935908   47.482290571   -7.848353391
    1.808795770   -2.443460953   55.938918183   41.182568703   -4.579936466
    1.999195325   -2.443460953   62.403387194   25.485083279   -1.492260550
    2.189594880   -2.443460953   65.316145488    4.629819811    1.499653862
    2.379994435   -2.443460953   64.123054377  -16.927729825    4.621063374
    2.570393989   -2.443460953   59.077463300  -35.232607505    8.045130636
    2.760793544   -2.443460953   51.123407877  -47.008178916   11.737264348
    2.951193099   -2.443460953   41.741465500  -50.017656354   15.417920479

   -3.141592654   -2.094395102   38.214243563  -39.471179927   13.323511718
   -2.951193099   -2.094395102   31.772636943  -27.426775739   14.821246999
   -2.760793544   -2.094395102   28.002410215  -12.058838555   15.551552679
   -2.570393989   -2.094395102   27.114646248    2.173290112   15.625682273
   -2.379994435   -2.094395102   28.539126785   11.840318406   15.290656107
   -2.189594880   -2.094395102   31.251241665   15.723884645   14.793662434
   -1.999195325   -2.094395102   34.230039594   14.992175878   14.248209116
   -1.808795770   -2.094395102   36.829472993   12.209408895   13.568571095
   -1.618396215   -2.094395102   38.914379038    9.961897844   12.518970069
   -1.427996661   -2.094395102   40.757011451    9.801801272   10.854290740
   -1.237597106   -2.094395102   42.787593576   11.825977622    8.470256802
   -1.047197551   -2.094395102   45.328890234   14.891294316    5.481427388
   -0.856797996   -2.094395102   48.414378112   17.172643873    2.187842342
   -0.666398442   -2.094395102   51.712641717   16.819282575   -1.060271422
   -0.475998887   -2.094395102   54.580935637   12.498558911   -4.005134759
   -0.285599332   -2.094395102   56.197755002    3.679486246   -6.563295748
   -0.095199777   -2.094395102   55.741439148   -9.041904515   -8.821557676
    0.095199777   -2.094395102   52.642775388  -23.587265887  -10.938295866
    0.285599332   -2.094395102   46.890548129  -36.164191123  -12.998358414
    0.475998887   -2.094395102   39.312419755  -41.954008126  -14.897817351
    0.666398442   -2.094395102   31.612520915  -36.963913788  -16.332795111
    0.856797996   -2.094395102   25.987101908  -20.408553777  -16.898981501
    1.047197551   -2.094395102   24.355336186    4.005017394  -16.291562810
    1.237597106   -2.094395102   27.558985934   29.044486150  -14.479839714
    1.427996661   -2.094395102   34.964270905   47.023379600  -11.752594617
    1.618396215   -2.094395102   44.698025357   53.046628001   -8.576097132
    1.808795770   -2.094395102   54.363529809   46.548890443   -5.386870667
    1.999195325   -2.094395102   61.819911849   30.553607127   -2.417653925
    2.189594880   -2.094395102   65.688664838    9.655611029    0.338484728
    2.379994435   -2.094395102   65.476249861  -11.611522793    3.023491152
    2.570393989   -2.094395102   61.482478336  -29.515054324    5.760526299
    2.760793544   -2.094395102   54.637794707  -41.153621474    8.530404052
    2.951193099   -2.094395102   46.339666970  -44.610676067   11.145490521

   -3.141592654   -1.745329252   41.511448397  -37.315201972    6.782978746
   -2.951193099   -1.745329252   35.372913088  -26.423214191    7.283997022
   -2.760793544   -1.745329252   31.686056673  -12.160459368    7.306708448
   -2.570393989   -1.745329252   30.693609912    1.230889553    6.927105693
   -2.379994435   -1.745329252   31.883652066   10.362209033    6.248338553
   -2.189594880   -1.745329252   34.276480108   13.849716023    5.324961698
   -1.999195325   -1.745329252   36.852357569   12.592706656    4.125651204
   -1.808795770   -1.745329252   38.921066826    8.981178125    2.556979341
   -1.618396215   -1.745329252   40.291902517    5.673296517    0.546227315
   -1.427996661   -1.745329252   41.220518481    4.540247066   -1.864706520
   -1.237597106   -1.745329252   42.192110009    6.078183643   -4.480917060
   -1.047197551   -1.745329252   43.649740318    9.396073236   -6.997280244
   -0.856797996   -1.745329252   45.770155785   12.633048782   -9.103495933
   -0.666398442   -1.745329252   48.329044804   13.621581212  -10.612153018
   -0.475998887   -1.745329252   50.714483370   10.583250787  -11.530718085
   -0.285599332   -1.745329252   52.054714250    2.597798924  -12.053030361
   -0.095199777   -1.745329252   51.422963624   -9.905559373  -12.477492331
    0.095199777   -1.745329252   48.138879164  -24.728332539  -13.080129788
    0.285599332   -1.745329252   42.127365488  -37.725186238  -13.980430795
    0.475998887   -1.745329252   34.233233372  -43.622180113  -15.063769547
    0.666398442   -1.745329252   26.258011661  -38.056529571  -16.001566157
    0.856797996   -1.745329252   20.540075222  -20.176123566  -16.357740506
    1.047197551   -1.745329252   19.118895509    6.021114487  -15.781536610
    1.237597106   -1.745329252   22.875402381   32.768954459  -14.167003719
    1.427996661   -1.745329252   31.111970544   51.904080575  -11.715636058
    1.618396215   -1.745329252   41.825496895   58.326992208   -8.826804247
    1.808795770   -1.745329252   52.484199961   51.619233341   -5.920994949
    1.999195325   -1.745329252   60.863329736   35.160888549   -3.277635512
    2.189594880   -1.745329252   65.569483544   13.868427254   -0.976936555
    2.379994435   -1.745329252   66.137806452   -7.597933696    1.035968047
    2.570393989   -1.745329252   62.898597443  -25.607757458    2.842406044
    2.760793544   -1.745329252   56.779142372  -37.488756385    4.458628134
    2.951193099   -1.745329252   49.131207197  -41.515696152    5.811383854

   -3.141592654   -1.396263402   41.285848649  -38.187539866    4.195854999
   -2.951193099   -1.396263402   34.948913615  -27.605028615    3.974860570
   -2.760793544   -1.396263402   31.027100985  -13.416017499    3.259315027
   -2.570393989   -1.396263402   29.801807095    0.051694906    2.116237280
   -2.379994435   -1.396263402   30.771819236    9.196545243    0.621184496
   -2.189594880   -1.396263402   32.920821824   12.384125517   -1.200995333
   -1.999195325   -1.396263402   35.152874185   10.371776546   -3.382661427
   -1.808795770   -1.396263402   36.697239248    5.661951105   -5.947136485
   -1.618396215   -1.396263402   37.330423628    1.293740224   -8.806275647
   -1.427996661   -1.396263402   37.363456550   -0.356816941  -11.696236202
   -1.237597106   -1.396263402   37.424725833    1.584104076  -14.218399301
   -1.047197551   -1.396263402   38.141973853    6.260150431  -15.970658642
   -0.856797996   -1.396263402   39.847005781   11.460339955  -16.701333399
   -0.666398442   -1.396263402   42.375526057   14.420575116  -16.416165075
   -0.475998887   -1.396263402   45.058035375   12.763601188  -15.377473834
   -0.285599332   -1.396263402   46.870190887    5.200332877  -14.014371743
   -0.095199777   -1.396263402   46.694124913   -7.875053682  -12.781958262
    0.095199777   -1.396263402   43.683239919  -23.969316258  -12.012089482
    0.285599332   -1.396263402   37.675851997  -38.418578758  -11.803000189
    0.475998887   -1.396263402   29.539719983  -45.357624690  -11.992111501
    0.666398442   -1.396263402   21.203789424  -39.936722123  -12.229446986
    0.856797996   -1.396263402   15.199496488  -21.141188815  -12.109511481
    1.047197551   -1.396263402   13.750761135    6.786980051  -11.351735800
    1.237597106   -1.396263402   17.842419915   35.492721619   -9.900384631
    1.427996661   -1.396263402   26.756608253   56.174274047   -7.941267390
    1.618396215   -1.396263402   38.366567980   63.312580034   -5.781770309
    1.808795770   -1.396263402   49.972165880   56.442195385   -3.706542336
    1.999195325   -1.396263402   59.202593705   39.204607789   -1.874276469
    2.189594880   -1.396263402   64.581540266   16.871730313   -0.303600140
    2.379994435   -1.396263402   65.622465783   -5.624134527    1.057275872
    2.570393989   -1.396263402   62.671005300  -24.536002376    2.246425804
    2.760793544   -1.396263402   56.680252954  -37.191286810    3.234473417
    2.951193099   -1.396263402   49.024964020  -41.873308060    3.923210434

   -3.141592654   -1.047197551   40.319327662  -40.113519812    3.435398176
   -2.951193099   -1.047197551   33.583513932  -29.852635309    2.392464530
   -2.760793544   -1.047197551   29.211651714  -15.885732253    0.669377267
   -2.570393989   -1.047197551   27.495675781   -2.643707731   -1.577581498
   -2.379994435   -1.047197551   27.921744375    6.146894469   -4.169600317
   -2.189594880   -1.047197551   29.440056825    8.774782755   -6.999393706
   -1.999195325   -1.047197551   30.919738466    6.074456307  -10.036064553
   -1.808795770   -1.047197551   31.589364025    0.828231198  -13.229130019
   -1.618396215   -1.047197551   31.291455691   -3.527621603  -16.383717119
   -1.427996661   -1.047197551   30.474864277   -4.301967485  -19.115937861
   -1.237597106   -1.047197551   29.940585712   -0.592307778  -20.951106158
   -1.047197551   -1.047197551   30.460060034    6.413171613  -21.511953690
   -0.856797996   -1.047197551   32.420837000   13.937175313  -20.688240310
   -0.666398442   -1.047197551   35.599306893   18.626451944  -18.702209293
   -0.475998887   -1.047197551   39.170373147   17.708498573  -16.036789616
   -0.285599332   -1.047197551   41.908054242    9.805060946  -13.279446196
   -0.095199777   -1.047197551   42.506687043   -4.455298300  -10.935958049
    0.095199777   -1.047197551   39.999792472  -22.116725337   -9.280830693
    0.285599332   -1.047197551   34.204437665  -37.975721791   -8.294650150
    0.475998887   -1.047197551   26.064652082  -45.719706499   -7.717173271
    0.666398442   -1.047197551   17.649012737  -40.279422442   -7.196803368
    0.856797996   -1.047197551   11.641618861  -20.748402282   -6.444471761
    1.047197551   -1.047197551   10.371336902    8.284703991   -5.364301893
    1.237597106   -1.047197551   14.850499819   38.005731693   -4.042980942
    1.427996661   -1.047197551   24.308591015   59.276305325   -2.681510989
    1.618396215   -1.047197551   36.522083411   66.455311197   -1.459269285
    1.808795770   -1.047197551   48.692729652   59.168787794   -0.447016075
    1.999195325   -1.047197551   58.380475545   41.252612766    0.403409238
    2.189594880   -1.047197551   64.076528169   18.148526414    1.200256295
    2.379994435   -1.047197551   65.287110162   -5.115560550    2.018952133
    2.570393989   -1.047197551   62.362466017  -24.754470151    2.831429605
    2.760793544   -1.047197551   56.265213823  -38.081680519    3.488952600
    2.951193099   -1.047197551   48.383637296  -43.342047185    3.762394412

   -3.141592654   -0.698131701   40.324412005  -42.839343419    2.616158752
   -2.951193099   -0.698131701   32.959803775  -33.692352640    1.179109563
   -2.760793544   -0.698131701   27.775709510  -20.510643527   -1.009044196
   -2.570393989   -0.698131701   25.134626527   -7.677689876   -3.791505243
   -2.379994435   -0.698131701   24.583942731    0.945198861   -6.964428588
   -2.189594880   -0.698131701   25.102279698    3.475089387  -10.369497891
   -1.999195325   -0.698131701   25.566902262    0.734285221  -13.889980187
   -1.808795770   -0.698131701   25.236432401   -4.258130672  -17.344432610
   -1.618396215   -0.698131701   24.042848296   -7.714911443  -20.381191353
   -1.427996661   -0.698131701   22.581601535   -6.744650900  -22.494941894
   -1.237597106   -0.698131701   21.805922266   -0.599945653  -23.202187624
   -1.047197551   -0.698131701   22.575275669    9.028802272  -22.270015746
   -0.856797996   -0.698131701   25.253199074   18.729841379  -19.854555052
   -0.666398442   -0.698131701   29.477990435   24.634930230  -16.463028153
   -0.475998887   -0.698131701   34.215078430   23.748994187  -12.768203537
   -0.285599332   -0.698131701   38.020501150   14.827786459   -9.377657151
   -0.095199777   -0.698131701   39.426200497   -1.061354159   -6.638909824
    0.095199777   -0.698131701   37.404685711  -20.368207247   -4.555111228
    0.285599332   -0.698131701   31.824078191  -37.348374629   -2.846793097
    0.475998887   -0.698131701   23.761439242  -45.407934615   -1.147469129
    0.666398442   -0.698131701   15.436962542  -39.541971586    0.755362814
    0.856797996   -0.698131701    9.644590152  -19.223758018    2.783711210
    1.047197551   -0.698131701    8.736921053   10.512578254    4.588313197
    1.237597106   -0.698131701   13.676230554   40.519113592    5.771439712
    1.427996661   -0.698131701   23.602564050   61.603839273    6.106116305
    1.618396215   -0.698131701   36.216565639   68.303685510    5.666971714
    1.808795770   -0.698131701   48.689331565   60.506839707    4.784000764
    1.999195325   -0.698131701   58.594835411   42.234468459    3.873499369
    2.189594880   -0.698131701   64.457754580   18.939937282    3.259219404
    2.379994435   -0.698131701   65.803829019   -4.498230377    3.064821533
    2.570393989   -0.698131701   62.966588835  -24.501430223    3.194108336
    2.760793544   -0.698131701   56.855888557  -38.541963722    3.384209102
    2.951193099   -0.698131701   48.791251184  -44.850166293    3.292833615

   -3.141592654   -0.349065850   40.799566403  -45.182748335    1.520368314
   -2.951193099   -0.349065850   32.864079885  -37.324432296   -0.298513411
   -2.760793544   -0.349065850   26.878704968  -25.235797672   -2.800688046
   -2.570393989   -0.349065850   23.260982714  -13.148796426   -5.789141377
   -2.379994435   -0.349065850   21.622890345   -4.962860928   -9.041947512
   -2.189594880   -0.349065850   20.992458194   -2.649542600  -12.400112824
   -1.999195325   -0.349065850   20.291410602   -5.317629642  -15.731745555
   -1.808795770   -0.349065850   18.859521463   -9.643870480  -18.796972029
   -1.618396215   -0.349065850   16.776609883  -11.493839304  -21.154072323
   -1.427996661   -0.349065850   14.830140791   -7.914609932  -22.239005082
   -1.237597106   -0.349065850   14.131129024    1.413301325  -21.618347642
   -1.047197551   -0.349065850   15.576202355   14.004210749  -19.250533968
   -0.856797996   -0.349065850   19.407826383   25.652966088  -15.577096945
   -0.666398442   -0.349065850   25.022417969   32.065008020  -11.362162366
   -0.475998887   -0.349065850   31.113018047   30.346957538   -7.388506111
   -0.285599332   -0.349065850   36.028530925   19.817035299   -4.166480929
   -0.095199777   -0.349065850   38.225669475    2.321025325   -1.765840077
    0.095199777   -0.349065850   36.745578996  -17.913122212    0.154925103
    0.285599332   -0.349065850   31.621037093  -34.859684279    2.139228797
    0.475998887   -0.349065850   24.096690332  -42.183172506    4.606751693
    0.666398442   -0.349065850   16.465520793  -35.554299832    7.570439315
    0.856797996   -0.349065850   11.454651209  -15.188783733   10.566522059
    1.047197551   -0.349065850   11.237117550   13.543266668   12.843831984
    1.237597106   -0.349065850   16.588402230   41.719174632   13.769380587
    1.427996661   -0.349065850   26.550842101   60.815828021   13.141783384
    1.618396215   -0.349065850   38.864862454   66.076402835   11.280914280
    1.808795770   -0.349065850   50.849353499   57.770079975    8.849074804
    1.999195325   -0.349065850   60.256285534   39.854972350    6.540564829
    2.189594880   -0.349065850   65.742146495   17.402415776    4.821291323
    2.379994435   -0.349065850   66.879322388   -5.192041946    3.823587059
    2.570393989   -0.349065850   63.961723179  -24.741210406    3.374221038
    2.760793544   -0.349065850   57.800947745  -38.940349193    3.108077142
    2.951193099   -0.349065850   49.596262437  -46.010169847    2.602224903

   -3.141592654    0.000000000   41.052098660  -47.570491827   -0.078862007
   -2.951193099    0.000000000   32.555689892  -40.803075327   -1.714971262
   -2.760793544    0.000000000   25.815469222  -29.629583479   -3.772690857
   -2.570393989    0.000000000   21.298748892  -18.139991047   -6.126059460
   -2.379994435    0.000000000   18.676735942  -10.264349304   -8.656741561
   -2.189594880    0.000000000   17.026476826   -8.015739108  -11.287619914
   -1.999195325    0.000000000   15.325708425  -10.363603743  -13.903013391
   -1.808795770    0.000000000   13.017944014  -13.646231086  -16.215104538
   -1.618396215    0.000000000   10.351121191  -13.450523625  -17.722914227
   -1.427996661    0.000000000    8.300160223   -6.949078025  -17.866972101
   -1.237597106    0.000000000    8.087595404    5.519035084  -16.325663073
   -1.047197551    0.000000000   10.564444496   20.540502015  -13.253866375
   -0.856797996    0.000000000   15.761796019   33.193118712   -9.288465874
   -0.666398442    0.000000000   22.780697322   39.042386058   -5.276418670
   -0.475998887    0.000000000   30.054407385   35.678808269   -1.906661939
   -0.285599332    0.000000000   35.805076874   23.295553103    0.570873473
   -0.095199777    0.000000000   38.536049900    4.614805186    2.428772455
    0.095199777    0.000000000   37.473369234  -15.611447350    4.298098191
    0.285599332    0.000000000   32.880149967  -31.440489250    6.839017046
    0.475998887    0.000000000   26.154184659  -37.238911180   10.345376757
    0.666398442    0.000000000   19.568887528  -29.708054407   14.492359124
    0.856797996    0.000000000   15.646862484   -9.899124655   18.382257639
    1.047197551    0.000000000   16.255676107   16.693644447   20.911413287
    1.237597106    0.000000000   21.920612260   41.791409893   21.313865372
    1.427996661    0.000000000   31.606031864   57.947141383   19.513418685
    1.618396215    0.000000000   43.173818638   61.338176031   16.124544911
    1.808795770    0.000000000   54.191877312   52.596112404   12.129599026
    1.999195325    0.000000000   62.670231679   35.431530531    8.446764573
    2.189594880    0.000000000   67.436986793   14.318091695    5.625746480
    2.379994435    0.000000000   68.115366044   -6.978974556    3.777328924
    2.570393989    0.000000000   64.944674044  -25.719868192    2.671558110
    2.760793544    0.000000000   58.619785403  -39.808780358    1.911057574
    2.951193099    0.000000000   50.206706721  -47.418900331    1.089829527

   -3.141592654    0.349065850   41.928762026  -48.946554721   -0.941834711
   -2.951193099    0.349065850   33.084655516  -43.063074673   -2.004241516
   -2.760793544    0.349065850   25.832775981  -32.704610879   -3.207304663
   -2.570393989    0.349065850   20.668301894  -21.827574478   -4.526056862
   -2.379994435    0.349065850   17.302392900  -14.355082290   -5.963906822
   -2.189594880    0.349065850   14.852703083  -12.272351245   -7.537703605
   -1.999195325    0.349065850   12.357418937  -14.354293367   -9.178697951
   -1.808795770    0.349065850    9.372464438  -16.617556786  -10.624826071
   -1.618396215    0.349065850    6.311494210  -14.468209840  -11.425010342
   -1.427996661    0.349065850    4.311184325   -5.336498405  -11.117463343
   -1.237597106    0.349065850    4.658827083    9.705193036   -9.499770783
   -1.047197551    0.349065850    8.110374754   26.370826414   -6.804010019
   -0.856797996    0.349065850   14.460578157   39.224015533   -3.638446796
   -0.666398442    0.349065850   22.538934004   43.975302802   -0.687719309
   -0.475998887    0.349065850   30.595100818   38.948430677    1.621947666
   -0.285599332    0.349065850   36.835294286   25.309139488    3.324309721
   -0.095199777    0.349065850   39.919817401    6.545451893    4.897703381
    0.095199777    0.349065850   39.329746072  -12.361227525    7.018661878
    0.285599332    0.349065850   35.560837272  -25.959375508   10.209522142
    0.475998887    0.349065850   30.087873798  -29.699397240   14.486062515
    0.666398442    0.349065850   25.029895926  -21.535965512   19.211524342
    0.856797996    0.349065850   22.552646544   -3.297281634   23.254593083
    1.047197551    0.349065850   24.104135300   19.723601941   25.442147627
    1.237597106    0.349065850   29.923075039   40.359094159   25.102348587
    1.427996661    0.349065850   38.945924588   52.634264791   22.356286780
    1.618396215    0.349065850   49.261978635   53.840261892   18.018664963
    1.808795770    0.349065850   58.803967902   44.906541579   13.201485275
    1.999195325    0.349065850   65.927387409   29.081757566    8.860515503
    2.189594880    0.349065850   69.674740192   10.007126975    5.518409510
    2.379994435    0.349065850   69.724372006   -9.341450696    3.243660863
    2.570393989    0.349065850   66.244008681  -26.738727304    1.794785250
    2.760793544    0.349065850   59.789307703  -40.291509011    0.812608270
    2.951193099    0.349065850   51.274883003  -48.098203296   -0.030397700

   -3.141592654    0.698131701   42.519201905  -49.862733951   -2.288394658
   -2.951193099    0.698131701   33.454555748  -44.440472632   -2.733652112
   -2.760793544    0.698131701   25.900327126  -34.472266107   -3.017772439
   -2.570393989    0.698131701   20.371939591  -23.858185284   -3.208425193
   -2.379994435    0.698131701   16.601382195  -16.562977025   -3.423537014
   -2.189594880    0.698131701   13.720320099  -14.573344301   -3.783924250
   -1.999195325    0.698131701   10.794518036  -16.516033653   -4.315123704
   -1.808795770    0.698131701    7.447431348  -18.160724620   -4.873006389
   -1.618396215    0.698131701    4.200325366  -14.784636648   -5.164185898
   -1.427996661    0.698131701    2.292241634   -4.022301188   -4.884512573
   -1.237597106    0.698131701    3.040668109   12.524463610   -3.899570835
   -1.047197551    0.698131701    7.121098992   29.998551926   -2.343031556
   -0.856797996    0.698131701   14.163724048   42.722728537   -0.554839681
   -0.666398442    0.698131701   22.838393472   46.681629637    1.134116606
   -0.475998887    0.698131701   31.328664324   40.861509613    2.607530241
   -0.285599332    0.698131701   37.910578693   27.153429429    4.055362715
   -0.095199777    0.698131701   41.428618202    9.448101665    5.910402657
    0.095199777    0.698131701   41.574916674   -7.404789537    8.619591212
    0.285599332    0.698131701   38.974541482  -18.686466122   12.374564887
    0.475998887    0.698131701   35.049539973  -20.947318286   16.878201302
    0.666398442    0.698131701   31.656617467  -13.169741357   21.323294285
    0.856797996    0.698131701   30.556894957    2.437783834   24.613434134
    1.047197551    0.698131701   32.808781170   21.156428866   25.799382216
    1.237597106    0.698131701   38.449710522   37.127586507   24.503757221
    1.427996661    0.698131701   46.487187474   45.793687939   21.082036584
    1.618396215    0.698131701   55.308107818   45.330106678   16.432140216
    1.808795770    0.698131701   63.230862478   36.702567505   11.593794150
    1.999195325    0.698131701   68.935101018   22.533683069    7.363183695
    2.189594880    0.698131701   71.638549965    5.605398337    4.107701465
    2.379994435    0.698131701   71.041381154  -11.814713592    1.811224902
    2.570393989    0.698131701   67.226505330  -27.899798284    0.245493291
    2.760793544    0.698131701   60.618370482  -40.855419816   -0.851672854
    2.951193099    0.698131701   52.003800544  -48.658402578   -1.668075448

   -3.141592654    1.047197551   40.765365305  -50.895816322   -5.431304687
   -2.951193099    1.047197551   31.586284652  -44.582606680   -5.240520308
   -2.760793544    1.047197551   24.085664344  -33.792897385   -4.549130748
   -2.570393989    1.047197551   18.741701796  -22.664787028   -3.574931008
   -2.379994435    1.047197551   15.212001220  -15.303203249   -2.582485890
   -2.189594880    1.047197551   12.544398018  -13.639506386   -1.795254152
   -1.999195325    1.047197551    9.751045237  -16.055943933   -1.319635327
   -1.808795770    1.047197551    6.457199310  -18.011997365   -1.123922939
   -1.618396215    1.047197551    3.237017114  -14.587733717   -1.072887227
   -1.427996661    1.047197551    1.398446280   -3.452934871   -1.002387415
   -1.237597106    1.047197551    2.300752244   13.557731158   -0.788349497
   -1.047197551    1.047197551    6.611547942   31.332254257   -0.377404084
   -0.856797996    1.047197551   13.917594379   44.122205651    0.236795598
   -0.666398442    1.047197551   22.858661314   48.099518024    1.091502840
   -0.475998887    1.047197551   31.642407804   42.600967445    2.308798384
   -0.285599332    1.047197551   38.633510341   29.828134919    4.097453597
   -0.095199777    1.047197551   42.802149249   13.695711751    6.689485777
    0.095199777    1.047197551   43.934203558   -1.298190017   10.191282889
    0.285599332    1.047197551   42.647074947  -11.141581238   14.431521549
    0.475998887    1.047197551   40.204182093  -13.181132166   18.859270102
    0.666398442    1.047197551   38.173203845   -6.936152543   22.620466309
    0.856797996    1.047197551   37.979518005    5.490225230   24.794408288
    1.047197551    1.047197551   40.433358997   20.172507928   24.761679363
    1.237597106    1.047197551   45.517993277   32.420227131   22.476104080
    1.427996661    1.047197551   52.401926637   38.657739231   18.497468023
    1.618396215    1.047197551   59.766968681   37.447953648   13.730143423
    1.808795770    1.047197551   66.232886035   29.462495195    9.052340364
    1.999195325    1.047197551   70.681384204   16.639868553    5.024921034
    2.189594880    1.047197551   72.397116434    1.087058594    1.817764684
    2.379994435    1.047197551   71.044636483  -15.301121576   -0.666447636
    2.570393989    1.047197551   66.633386071  -30.726514826   -2.595123956
    2.760793544    1.047197551   59.533625907  -43.195128946   -4.057794859
    2.951193099    1.047197551   50.522833664  -50.443639034   -5.028488135

   -3.141592654    1.396263402   36.937313158  -52.023458388  -10.402594413
   -2.951193099    1.396263402   27.713112374  -43.916621668  -10.351261677
   -2.760793544    1.396263402   20.495584085  -31.556595766   -9.361679984
   -2.570393989    1.396263402   15.682385057  -19.440723771   -7.673159164
   -2.379994435    1.396263402   12.802943836  -11.816348571   -5.639142165
   -2.189594880    1.396263402   10.772488440  -10.521335668   -3.600784178
   -1.999195325    1.396263402    8.504189431  -13.702722497   -1.802352491
   -1.808795770    1.396263402    5.572941077  -16.559497852   -0.382966425
   -1.618396215    1.396263402    2.549026549  -13.952780097    0.594213014
   -1.427996661    1.396263402    0.772015113   -3.395417771    1.123769875
   -1.237597106    1.396263402    1.657922402   13.384579659    1.278422641
   -1.047197551    1.396263402    5.946618897   31.330245289    1.230674113
   -0.856797996    1.396263402   13.302037177   44.706077590    1.240889282
   -0.666398442    1.396263402   22.441750016   49.661381732    1.614774561
   -0.475998887    1.396263402   31.643427283   45.469729210    2.629165029
   -0.285599332    1.396263402   39.322801045   34.205173042    4.464194995
   -0.095199777    1.396263402   44.466003825   19.515048421    7.151583608
    0.095199777    1.396263402   46.809920373    5.495008574   10.513157597
    0.285599332    1.396263402   46.838197490   -4.316876294   14.125103573
    0.475998887    1.396263402   45.597099349   -7.601918484   17.346704992
    0.666398442    1.396263402   44.405858690   -3.877718317   19.472995992
    0.856797996    1.396263402   44.486633389    5.252259125   19.947520169
    1.047197551    1.396263402   46.579091211   16.696519638   18.601669573
    1.237597106    1.396263402   50.759425821   26.600102679   15.727248084
    1.427996661    1.396263402   56.416054815   31.812807858   11.973518021
    1.618396215    1.396263402   62.478411952   30.770862664    8.060101657
    1.808795770    1.396263402   67.745740823   23.602574193    4.506028035
    1.999195325    1.396263402   71.163001139   11.632213395    1.489630665
    2.189594880    1.396263402   71.980232312   -3.409743887   -1.097776034
    2.379994435    1.396263402   69.791419728  -19.626147172   -3.468273867
    2.570393989    1.396263402   64.565923546  -34.926891515   -5.742788818
    2.760793544    1.396263402   56.701703514  -46.932498681   -7.840615843
    2.951193099    1.396263402   47.067114663  -53.145174032   -9.498063708

   -3.141592654    1.745329252   31.769452562  -53.662671491  -15.180349604
   -2.951193099    1.745329252   22.451417819  -43.245010461  -15.502676069
   -2.760793544    1.745329252   15.568853948  -28.795115963  -14.479897088
   -2.570393989    1.745329252   11.427718322  -15.284721322  -12.309850416
   -2.379994435    1.745329252    9.403045149   -7.139053130   -9.378348260
   -2.189594880    1.745329252    8.249350694   -6.102636196   -6.097304936
   -1.999195325    1.745329252    6.751096156  -10.110141485   -2.805557271
   -1.808795770    1.745329252    4.394887664  -14.157818600    0.231734233
   -1.618396215    1.745329252    1.700299567  -12.906078677    2.783806872
   -1.427996661    1.745329252    0.000000000   -3.592358182    4.656415600
   -1.237597106    1.745329252    0.765815919   12.421444107    5.765866136
   -1.047197551    1.745329252    4.861468165   30.404564909    6.212600183
   -0.856797996    1.745329252   12.117580241   44.725886924    6.279331170
   -0.666398442    1.745329252   21.411058437   51.340841822    6.344049316
   -0.475998887    1.745329252   31.118602055   49.106574689    6.747221701
   -0.285599332    1.745329252   39.665747766   39.609624587    7.679825231
   -0.095199777    1.745329252   45.957827627   26.039793717    9.120107713
    0.095199777    1.745329252   49.572895835   12.130606806   10.814215322
    0.285599332    1.745329252   50.780780264    1.225849800   12.312521355
    0.475998887    1.745329252   50.398709983   -4.282644867   13.095156805
    0.666398442    1.745329252   49.564102657   -3.517858322   12.770936256
    0.856797996    1.745329252   49.422181522    2.622813907   11.237880205
    1.047197551    1.745329252   50.781447355   11.792875139    8.767038421
    1.237597106    1.745329252   53.906767670   20.637789647    5.877182569
    1.427996661    1.745329252   58.425596439   25.992946469    3.127825184
    1.618396215    1.745329252   63.456535549   25.822513118    0.867811434
    1.808795770    1.745329252   67.874162562   19.578887554   -0.880382757
    1.999195325    1.745329252   70.577698735    8.052302035   -2.378410915
    2.189594880    1.745329252   70.703244715   -7.189792886   -4.003903920
    2.379994435    1.745329252   67.740358371  -24.000957514   -6.042584373
    2.570393989    1.745329252   61.629658340  -39.779111723   -8.535058269
    2.760793544    1.745329252   52.843636472  -51.610640468  -11.223959402
    2.951193099    1.745329252   42.407180636  -56.722120955  -13.620319816

   -3.141592654    2.094395102   25.694475001  -56.170191851  -15.907752039
   -2.951193099    2.094395102   16.143766236  -43.136386092  -16.226114664
   -2.760793544    2.094395102    9.535144326  -26.089781692  -15.094866589
   -2.570393989    2.094395102    6.114243971  -10.556785227  -12.682862196
   -2.379994435    2.094395102    5.117951839   -1.204287170   -9.361884956
   -2.189594880    2.094395102    5.147065508    0.272122873   -5.527103273
   -1.999195325    2.094395102    4.855309039   -3.902373153   -1.504114865
   -1.808795770    2.094395102    3.625011038   -8.618814427    2.423545696
   -1.618396215    2.094395102    1.886138749   -8.473836481    5.942312958
   -1.427996661    2.094395102    0.899963935   -0.551230751    8.709410770
   -1.237597106    2.094395102    2.112822865   14.108545476   10.469196330
   -1.047197551    2.094395102    6.431927940   31.150883922   11.190470647
   -0.856797996    2.094395102   13.791743214   45.171235225   11.108522999
   -0.666398442    2.094395102   23.190525624   52.074693697   10.628771784
   -0.475998887    2.094395102   33.092528078   50.425252844   10.152007878
   -0.285599332    2.094395102   41.941573169   41.403880234    9.917498078
   -0.095199777    2.094395102   48.582828774   27.803179059    9.912588221
    0.095199777    2.094395102   52.469688270   13.077043860    9.879861767
    0.285599332    2.094395102   53.716212361    0.562568306    9.408043062
    0.475998887    2.094395102   53.014685468   -6.997876254    8.126650588
    0.666398442    2.094395102   51.477077169   -8.089395562    5.920296035
    0.856797996    2.094395102   50.353388453   -2.908890141    3.033622074
    1.047197551    2.094395102   50.667086025    6.554248836    0.023909362
    1.237597106    2.094395102   52.914200788   16.793547424   -2.495952735
    1.427996661    2.094395102   56.875714290   23.992416408   -4.114658315
    1.618396215    2.094395102   61.678495169   25.311105740   -4.811040763
    1.808795770    2.094395102   66.067830681   19.610186716   -4.936639384
    1.999195325    2.094395102   68.739412167    7.511541069   -5.044410497
    2.189594880    2.094395102   68.636414427   -9.146437154   -5.657870150
    2.379994435    2.094395102   65.138009235  -27.657061391   -7.075164425
    2.570393989    2.094395102   58.193915396  -44.756193915   -9.266242583
    2.760793544    2.094395102   48.406006927  -56.956084197  -11.871285434
    2.951193099    2.094395102   37.013197200  -61.211540086  -14.297313325

   -3.141592654    2.443460953   20.496453478  -58.234199768  -10.670298482
   -2.951193099    2.443460953   10.766786778  -42.910481519  -10.285652283
   -2.760793544    2.443460953    4.427168993  -23.538081675   -8.730306095
   -2.570393989    2.443460953    1.682348630   -6.109875460   -6.160156056
   -2.379994435    2.443460953    1.665336924    4.535026232   -2.865430805
   -2.189594880    2.443460953    2.867336913    6.776465174    0.886924966
   -1.999195325    2.443460953    3.853834195    2.952957276    4.899656337
   -1.808795770    2.443460953    3.928025025   -1.857889300    8.966420147
   -1.618396215    2.443460953    3.422197088   -2.392177895   12.759599648
   -1.427996661    2.443460953    3.478760082    4.223290292   15.826337350
   -1.237597106    2.443460953    5.441145143   17.166619448   17.740128789
   -1.047197551    2.443460953   10.177055462   32.505423145   18.301303222
   -0.856797996    2.443460953   17.663248312   45.227637951   17.636562167
   -0.666398442    2.443460953   26.995024900   51.397966991   16.120208822
   -0.475998887    2.443460953   36.735738367   49.451908371   14.185175407
   -0.285599332    2.443460953   45.382616877   40.232113187   12.134713497
   -0.095199777    2.443460953   51.761782268   26.150955031   10.028005557
    0.095199777    2.443460953   55.246367785   10.403669259    7.699669050
    0.285599332    2.443460953   55.847631800   -3.600229101    4.887460785
    0.475998887    2.443460953   54.204637910  -12.673762838    1.457404147
    0.666398442    2.443460953   51.487700872  -14.633479807   -2.402754461
    0.856797996    2.443460953   49.127310823   -9.111947287   -6.155436007
    1.047197551    2.443460953   48.396187221    1.975392329   -9.082075052
    1.237597106    2.443460953   49.996160458   14.648933184  -10.625824729
    1.427996661    2.443460953   53.784202997   24.238793492  -10.644819912
    1.618396215    2.443460953   58.798361159   27.098872260   -9.486700297
    1.808795770    2.443460953   63.574565638   21.669266379   -7.826839838
    1.999195325    2.443460953   66.565045997    8.630091810   -6.390809203
    2.189594880    2.443460953   66.519262857   -9.741532736   -5.709746396
    2.379994435    2.443460953   62.725912138  -30.128752284   -5.987771787
    2.570393989    2.443460953   55.163378285  -48.655632732   -7.089758206
    2.760793544    2.443460953   44.567958043  -61.350956425   -8.608744380
    2.951193099    2.443460953   32.381698212  -64.960205709   -9.984709939

   -3.141592654    2.792526803   18.115134400  -58.092320223    0.514158648
   -2.951193099    2.792526803    8.555290114  -41.263793622    2.137959983
   -2.760793544    2.792526803    2.672101698  -20.431182099    4.129737169
   -2.570393989    2.792526803    0.637700805   -1.813195315    6.334715065
   -2.379994435    2.792526803    1.529280442    9.744299976    8.655444012
   -2.189594880    2.792526803    3.795956039   12.728568430   11.127180914
   -1.999195325    2.792526803    5.974906481    9.486865482   13.851373219
   -1.808795770    2.792526803    7.320651403    4.870205264   16.825416362
   -1.618396215    2.792526803    8.058256216    3.791606519   19.788275255
   -1.427996661    2.792526803    9.166333377    8.932313438   22.226582732
   -1.237597106    2.792526803   11.822660685   19.658095397   23.571931894
   -1.047197551    2.792526803   16.799260112   32.556592509   23.464799665
   -0.856797996    2.792526803   24.086419782   43.176232532   21.915099962
   -0.666398442    2.792526803   32.879567239   47.903062708   19.254433125
   -0.475998887    2.792526803   41.868673129   45.135577987   15.947333058
   -0.285599332    2.792526803   49.642819147   35.399191448   12.380509416
   -0.095199777    2.792526803   55.049755766   20.740914977    8.720063965
    0.095199777    2.792526803   57.428651094    4.155780068    4.927463804
    0.285599332    2.792526803   56.749219974  -10.790590786    0.891293186
    0.475998887    2.792526803   53.672552835  -20.425577804   -3.355071279
    0.666398442    2.792526803   49.498730281  -21.978867336   -7.488665890
    0.856797996    2.792526803   45.879363564  -14.759326500  -10.923889669
    1.047197551    2.792526803   44.321712966   -0.924041785  -13.030058807
    1.237597106    2.792526803   45.663594933   14.822236808  -13.453943411
    1.427996661    2.792526803   49.737206195   26.908938780  -12.297917941
    1.618396215    2.792526803   55.402748069   31.045474520  -10.085170188
    1.808795770    2.792526803   60.942300041   25.534462483   -7.526972550
    1.999195325    2.792526803   64.574274091   11.374381556   -5.240031053
    2.189594880    2.792526803   64.901568615   -8.595074169   -3.562896761
    2.379994435    2.792526803   61.176595481  -30.497388791   -2.520023955
    2.570393989    2.792526803   53.437473298  -50.027687941   -1.899476717
    2.760793544    2.792526803   42.545006954  -62.961764922   -1.378332911
    2.951193099    2.792526803   30.093870162  -66.013561180   -0.641667756
