#! FIELDS phi psi file.free der_phi der_psi
#! SET min_phi -pi
#! SET max_phi pi
#! SET nbins_phi  33
#! SET periodic_phi true
#! SET min_psi -pi
#! SET max_psi pi
#! SET nbins_psi  18
#! SET periodic_psi true
   -3.141592654   -3.141592654   17.975691242  -52.897430020   16.579012330
   -2.951193099   -3.141592654    9.622742201  -34.190397299   18.958922003
   -2.760793544   -3.141592654    5.088788120  -13.736354615   20.495386560
   -2.570393989   -3.141592654    4.159260988    2.886625897   21.328048907
   -2.379994435   -3.141592654    5.730375802   12.253826602   21.854491077
   -2.189594880   -3.141592654    8.351414428   14.188461222   22.621451543
   -1.999195325   -3.141592654   10.843293415   11.565865148   24.096983511
   -1.808795770   -3.141592654   12.743348804    8.688725086   26.417378567
   -1.618396215   -3.141592654   14.382818675    9.319926765   29.245870030
   -1.427996661   -3.141592654   16.629710374   15.111233169   31.854854541
   -1.237597106   -3.141592654   20.417621215   25.130876873   33.405007017
   -1.047197551   -3.141592654   26.295512033   36.436008656   33.273688874
   -0.856797996   -3.141592654   34.152613529   45.285643609   31.258400189
   -0.666398442   -3.141592654   43.194960722   48.418787196   27.550910140
   -0.475998887   -3.141592654   52.128433663   43.952178558   22.578556473
   -0.285599332   -3.141592654   59.458671418   31.714966968   16.816062662
   -0.095199777   -3.141592654   63.825103496   13.255514015   10.652604322
    0.095199777   -3.141592654   64.329351165   -8.179782901    4.385441841
    0.285599332   -3.141592654   60.841296040  -27.820253627   -1.711118880
    0.475998887   -3.141592654   54.213820479  -40.250851783   -7.269977480
    0.666398442   -3.141592654   46.266197958  -41.146657398  -11.805273881
    0.856797996   -3.141592654   39.380839287  -29.257389571  -14.806754041
    1.047197551   -3.141592654   35.771583543   -7.610599406  -15.944803135
    1.237597106   -3.141592654   36.690319369   17.020056956  -15.260266885
    1.427996661   -3.141592654   41.928523277   36.475318638  -13.165767827
    1.618396215   -3.141592654   49.843766738   44.365232089  -10.259025421
    1.808795770   -3.141592654   57.928034654   38.222721080   -7.061190534
    1.999195325   -3.141592654   63.620914235   19.884546815   -3.843087707
    2.189594880   -3.141592654   65.039740054   -5.670912588   -0.617502476
    2.379994435   -3.141592654   61.408794506  -32.072963889    2.728731275
    2.570393989   -3.141592654   53.160299920  -53.266282106    6.269816888
    2.760793544   -3.141592654   41.750147601  -64.719075503    9.930041754
    2.951193099   -3.141592654   29.279343105  -64.319387291   13.474596857

   -3.141592654   -2.792526803   25.347546085  -48.468109590   24.809984230
   -2.951193099   -2.792526803   17.655579312  -31.704246032   26.981579752
   -2.760793544   -2.792526803   13.420777344  -13.008975063   27.908456211
   -2.570393989   -2.792526803   12.514585072    2.556265339   27.884620200
   -2.379994435   -2.792526803   14.004927657   11.926453371   27.476570911
   -2.189594880   -2.792526803   16.652131248   14.951094591   27.342218989
   -1.999195325   -2.792526803   19.451867719   14.093288020   27.972056947
   -1.808795770   -2.792526803   22.000249434   12.880598534   29.450406809
   -1.618396215   -2.792526803   24.525324813   14.210872912   31.361223308
   -1.427996661   -2.792526803   27.648229003   19.147488199   32.909132354
   -1.237597106   -2.792526803   31.992453644   26.707218099   33.222152343
   -1.047197551   -2.792526803   37.840843031   34.440715967   31.688408457
   -0.856797996   -2.792526803   44.944306572   39.387695681   28.167914717
   -0.666398442   -2.792526803   52.520882047   39.053854145   22.974635070
   -0.475998887   -2.792526803   59.413935730   32.084834308   16.707261121
   -0.285599332   -2.792526803   64.339089319   18.529242554   10.028926316
   -0.095199777   -2.792526803   66.162808514   -0.073367756    3.490013585
    0.095199777   -2.792526803   64.199433465  -20.604050761   -2.520633399
    0.285599332   -2.792526803   58.505768975  -38.408455474   -7.730688207
    0.475998887   -2.792526803   50.103518930  -48.171982398  -11.882713370
    0.666398442   -2.792526803   40.956426821  -45.730742843  -14.699274388
    0.856797996   -2.792526803   33.542684660  -30.201399453  -15.934428646
    1.047197551   -2.792526803   30.081159675   -5.196222915  -15.513482867
    1.237597106   -2.792526803   31.713220720   21.928921608  -13.641530244
    1.427996661   -2.792526803   38.031964997   42.735035169  -10.761937989
    1.618396215   -2.792526803   47.185497818   50.993319208   -7.364832677
    1.808795770   -2.792526803   56.522917602   44.730149743   -3.783695678
    1.999195325   -2.792526803   63.442736907   26.303186041   -0.097183369
    2.189594880   -2.792526803   66.098931773    0.955787177    3.804723657
    2.379994435   -2.792526803   63.767704154  -25.040169851    8.047128931
    2.570393989   -2.792526803   56.888925366  -45.974256749   12.603070806
    2.760793544   -2.792526803   46.854138793  -57.684024483   17.214299497
    2.951193099   -2.792526803   35.642900934  -58.261802947   21.442725459

   -3.141592654   -2.443460953   33.894103445  -43.852093529   22.838807562
   -2.951193099   -2.443460953   26.866418472  -29.361164345   24.529225470
   -2.760793544   -2.443460953   22.876203725  -12.695059238   25.140979622
   -2.570393989   -2.443460953   21.895290716    1.623358271   24.976215174
   -2.379994435   -2.443460953   23.173989570   10.820357832   24.519760968
   -2.189594880   -2.443460953   25.674208181   14.644809031   24.263286174
   -1.999195325   -2.443460953   28.533344230   15.037967741   24.502683359
   -1.808795770   -2.443460953   31.360665438   14.745724857   25.178869856
   -1.618396215   -2.443460953   34.247702703   15.929157953   25.854794998
   -1.427996661   -2.443460953   37.570212816   19.294576309   25.856272316
   -1.237597106   -2.443460953   41.690189564   24.053118905   24.542728658
   -1.047197551   -2.443460953   46.713947598   28.425869531   21.575909356
   -0.856797996   -2.443460953   52.367515562   30.300020012   17.062501976
   -0.666398442   -2.443460953   57.995577962   27.890111697   11.487570663
   -0.475998887   -2.443460953   62.670870669   20.199115479    5.520228096
   -0.285599332   -2.443460953   65.368849733    7.226240512   -0.208631719
   -0.095199777   -2.443460953   65.176254971   -9.816255394   -5.263418092
    0.095199777   -2.443460953   61.552710747  -28.235549608   -9.428800199
    0.285599332   -2.443460953   54.624627939  -43.717325755  -12.637810201
    0.475998887   -2.443460953   45.435457155  -51.126666425  -14.857851912
    0.666398442   -2.443460953   35.947350621  -46.362271074  -16.029555873
    0.856797996   -2.443460953   28.624026105  -28.644655178  -16.072799917
    1.047197551   -2.443460953   25.640325106   -1.795120390  -14.975731925
    1.237597106   -2.443460953   28.050663250   26.602042673  -12.876385314
    1.427996661   -2.443460953   35.329529535   48.056091973  -10.058013533
    1.618396215   -2.443460953   45.520685148   56.529126942   -6.830582497
    1.808795770   -2.443460953   55.924060670   50.409506853   -3.405092811
    1.999195325   -2.443460953   63.957249765   32.369319871    0.169168981
    2.189594880   -2.443460953   67.831861228    7.721014103    3.956267507
    2.379994435   -2.443460953   66.865313330  -17.492936395    8.006090961
    2.570393989   -2.443460953   61.475643199  -37.977228505   12.235574920
    2.760793544   -2.443460953   52.952055882  -49.958425114   16.379016335
    2.951193099   -2.443460953   43.115554752  -51.708605895   20.043733276

   -3.141592654   -2.094395102   40.182593872  -40.472717206   14.546422124
   -2.951193099   -2.094395102   33.651166349  -27.523837496   15.629390987
   -2.760793544   -2.094395102   29.881460396  -12.148873014   16.095692569
   -2.570393989   -2.094395102   28.922351680    1.411249032   16.120250427
   -2.379994435   -2.094395102   30.137856446   10.463666290   15.917511025
   -2.189594880   -2.094395102   32.592764476   14.566589198   15.640027245
   -1.999195325   -2.094395102   35.466526581   15.222998126   15.297763088
   -1.808795770   -2.094395102   38.314238788   14.647062191   14.725917047
   -1.618396215   -2.094395102   41.081820046   14.605020491   13.638227233
   -1.427996661   -2.094395102   43.956777759   15.786188353   11.743308164
   -1.237597106   -2.094395102   47.153224682   17.837191774    8.891378982
   -1.047197551   -2.094395102   50.745707286   19.725135225    5.170368940
   -0.856797996   -2.094395102   54.577156033   20.076535556    0.909729641
   -0.666398442   -2.094395102   58.221403273   17.518913628   -3.430762534
   -0.475998887   -2.094395102   61.014278368   10.997180980   -7.406291057
   -0.285599332   -2.094395102   62.143668739    0.053489394  -10.707586448
   -0.095199777   -2.094395102   60.803062995  -14.705585876  -13.219413359
    0.095199777   -2.094395102   56.449168940  -31.081011814  -14.995238998
    0.285599332   -2.094395102   49.135729320  -44.989731414  -16.171122697
    0.475998887   -2.094395102   39.819373732  -51.238872456  -16.863735189
    0.666398442   -2.094395102   30.403996586  -45.491539252  -17.099093529
    0.856797996   -2.094395102   23.340165039  -26.766620581  -16.790126825
    1.047197551   -2.094395102   20.814072860    1.149577660  -15.806805693
    1.237597106   -2.094395102   23.882408398   30.544362123  -14.075733436
    1.427996661   -2.094395102   31.991189373   52.783391411  -11.660269812
    1.618396215   -2.094395102   43.136361861   61.777729695   -8.734283665
    1.808795770   -2.094395102   54.573765263   55.995975215   -5.514434428
    1.999195325   -2.094395102   63.699041136   38.246214019   -2.178626218
    2.189594880   -2.094395102   68.722142910   13.896990862    1.164101321
    2.379994435   -2.094395102   68.955799663  -11.094978088    4.442307915
    2.570393989   -2.094395102   64.786236096  -31.627598844    7.569050110
    2.760793544   -2.094395102   57.432282323  -44.115752885   10.407315194
    2.951193099   -2.094395102   48.618945672  -46.896105143   12.784369701

   -3.141592654   -1.745329252   43.271075919  -38.633818731    5.689409651
   -2.951193099   -1.745329252   37.009687789  -26.527449491    6.122328478
   -2.760793544   -1.745329252   33.355965964  -11.909524793    6.347346055
   -2.570393989   -1.745329252   32.381374074    1.032311417    6.378885611
   -2.379994435   -1.745329252   33.473289612    9.545225325    6.165870336
   -2.189594880   -1.745329252   35.696604899   13.018648318    5.579700096
   -1.999195325   -1.745329252   38.193742137   12.752965977    4.446825551
   -1.808795770   -1.745329252   40.452029410   10.868146894    2.615323224
   -1.618396215   -1.745329252   42.351521986    9.247362024    0.038856912
   -1.427996661   -1.745329252   44.058651127    8.929974294   -3.171211000
   -1.237597106   -1.745329252   45.845963098   10.022182825   -6.737769185
   -1.047197551   -1.745329252   47.928695325   11.861985425  -10.271868522
   -0.856797996   -1.745329252   50.340689120   13.197449464  -13.362356544
   -0.666398442   -1.745329252   52.837795496   12.456548382  -15.690257621
   -0.475998887   -1.745329252   54.874513054    8.144353359  -17.105591772
   -0.285599332   -1.745329252   55.664143676   -0.718733787  -17.655967569
   -0.095199777   -1.745329252   54.333650008  -13.942981334  -17.558634536
    0.095199777   -1.745329252   50.212421360  -29.522079738  -17.127450015
    0.285599332   -1.745329252   43.214874802  -43.318209447  -16.666328924
    0.475998887   -1.745329252   34.192308323  -49.858560144  -16.367127545
    0.666398442   -1.745329252   25.009064338  -44.399785075  -16.240068497
    0.856797996   -1.745329252   18.151373039  -25.614769594  -16.090278007
    1.047197551   -1.745329252   15.889606213    2.857179794  -15.605246714
    1.237597106   -1.745329252   19.368381645   33.180660864  -14.491334162
    1.427996661   -1.745329252   28.078853316   56.446698533  -12.628568771
    1.618396215   -1.745329252   40.006387084   66.269659117  -10.113610747
    1.808795770   -1.745329252   52.350224570   60.948903350   -7.218211112
    1.999195325   -1.745329252   62.433106678   43.286599977   -4.275499819
    2.189594880   -1.745329252   68.401744420   18.742917404   -1.565816735
    2.379994435   -1.745329252   69.525481227   -6.620916269    0.740684751
    2.570393989   -1.745329252   66.163371149  -27.642120665    2.585006595
    2.760793544   -1.745329252   59.513125382  -40.732426860    3.986071626
    2.951193099   -1.745329252   51.277576485  -44.234394192    4.999013177

   -3.141592654   -1.396263402   42.092386381  -39.405119128    2.790568147
   -2.951193099   -1.396263402   35.705125225  -27.052037287    2.597230512
   -2.760793544   -1.396263402   31.985706918  -12.086062920    2.258781108
   -2.570393989   -1.396263402   31.000532744    1.046613063    1.736621818
   -2.379994435   -1.396263402   32.080493422    9.308515081    0.888875394
   -2.189594880   -1.396263402   34.184593867   11.886226093   -0.509323441
   -1.999195325   -1.396263402   36.327960726   10.075552221   -2.681325058
   -1.808795770   -1.396263402   37.896776466    6.285867206   -5.715356764
   -1.618396215   -1.396263402   38.750769741    2.930367686   -9.451367728
   -1.427996661   -1.396263402   39.147922187    1.663321020  -13.465526982
   -1.237597106   -1.396263402   39.557381610    3.040892444  -17.171793012
   -1.047197551   -1.396263402   40.443708804    6.485689766  -19.999338565
   -0.856797996   -1.396263402   42.068305783   10.419673067  -21.557413378
   -0.666398442   -1.396263402   44.318811986   12.641043897  -21.736444982
   -0.475998887   -1.396263402   46.649636592   10.931543899  -20.703983448
   -0.285599332   -1.396263402   48.146442598    3.729765101  -18.838952555
   -0.095199777   -1.396263402   47.723492130   -9.076229161  -16.625634306
    0.095199777   -1.396263402   44.470973764  -25.446202055  -14.533012402
    0.285599332   -1.396263402   38.100728208  -40.902548458  -12.901527077
    0.475998887   -1.396263402   29.352343962  -49.385153903  -11.867791560
    0.666398442   -1.396263402   20.103220375  -45.440117886  -11.347806764
    0.856797996   -1.396263402   12.981018895  -27.159663923  -11.066170686
    1.047197551   -1.396263402   10.475898793    2.038038005  -10.675943737
    1.237597106   -1.396263402   13.948553952   34.031512944   -9.876503186
    1.427996661   -1.396263402   23.011176070   59.267462893   -8.537595317
    1.618396215   -1.396263402   35.635311685   70.632454446   -6.717162655
    1.808795770   -1.396263402   48.886799500   65.937255616   -4.619912717
    1.999195325   -1.396263402   59.898747814   47.895574889   -2.510227633
    2.189594880   -1.396263402   66.646951404   22.226813469   -0.625482752
    2.379994435   -1.396263402   68.298908454   -4.576308471    0.875230269
    2.570393989   -1.396263402   65.194946224  -26.929444357    1.925536994
    2.760793544   -1.396263402   58.581999419  -40.976557094    2.543627798
    2.951193099   -1.396263402   50.246953062  -44.956690644    2.800727322

   -3.141592654   -1.047197551   39.803643057  -41.147730248    3.431179900
   -2.951193099   -1.047197551   33.119071034  -28.421052643    2.041537053
   -2.760793544   -1.047197551   29.173250575  -13.132912800    0.399829455
   -2.570393989   -1.047197551   27.992713678   -0.046970393   -1.406951368
   -2.379994435   -1.047197551   28.813185895    7.563826430   -3.418269343
   -2.189594880   -1.047197551   30.471283466    8.850437269   -5.809680219
   -1.999195325   -1.047197551   31.880884408    5.382318206   -8.787852448
   -1.808795770   -1.047197551   32.408268020    0.129921255  -12.402734871
   -1.618396215   -1.047197551   32.013317081   -3.841579879  -16.395175600
   -1.427996661   -1.047197551   31.164409211   -4.419883683  -20.198277544
   -1.237597106   -1.047197551   30.589560789   -1.015170474  -23.111519218
   -1.047197551   -1.047197551   30.973605042    5.366136722  -24.558663412
   -0.856797996   -1.047197551   32.688228916   12.451913526  -24.288696744
   -0.666398442   -1.047197551   35.591725231   17.328897972  -22.444458565
   -0.475998887   -1.047197551   38.989998001   17.257102510  -19.484567118
   -0.285599332   -1.047197551   41.748182384   10.439167925  -16.034679853
   -0.095199777   -1.047197551   42.544065722   -3.165178447  -12.706108851
    0.095199777   -1.047197551   40.269517200  -21.191842234   -9.938203263
    0.285599332   -1.047197551   34.517879786  -38.672390028   -7.905872205
    0.475998887   -1.047197551   26.012401555  -48.996610726   -6.527663167
    0.666398442   -1.047197551   16.712687173  -46.225784663   -5.566361725
    0.856797996   -1.047197551    9.402727991  -28.202878740   -4.743077618
    1.047197551   -1.047197551    6.747393585    1.621278180   -3.858953623
    1.237597106   -1.047197551   10.248504118   34.787643910   -2.814892076
    1.427996661   -1.047197551   19.577536185   61.267971399   -1.615434425
    1.618396215   -1.047197551   32.673893188   73.488303639   -0.311613664
    1.808795770   -1.047197551   46.499200632   68.979136070    1.028857444
    1.999195325   -1.047197551   58.051901063   50.421715021    2.328278952
    2.189594880   -1.047197551   65.188797714   23.719625744    3.489820116
    2.379994435   -1.047197551   67.007645933   -4.324508872    4.393605975
    2.570393989   -1.047197551   63.841119509  -27.792269296    4.910386462
    2.760793544   -1.047197551   56.985216670  -42.589383815    4.938322911
    2.951193099   -1.047197551   48.309343061  -46.843560257    4.433020965

   -3.141592654   -0.698131701   39.494721380  -45.100615080    3.159894651
   -2.951193099   -0.698131701   32.015894583  -32.737664178    1.052000582
   -2.760793544   -0.698131701   27.244899189  -17.436805082   -1.337827789
   -2.570393989   -0.698131701   25.257307187   -4.228881197   -3.877194065
   -2.379994435   -0.698131701   25.276650932    3.268348285   -6.552033431
   -2.189594880   -0.698131701   26.072770701    4.022054849   -9.481235368
   -1.999195325   -0.698131701   26.490029893   -0.214331905  -12.798117672
   -1.808795770   -0.698131701   25.897833264   -5.922839274  -16.439141710
   -1.618396215   -0.698131701   24.377689326   -9.403999150  -19.999231752
   -1.427996661   -0.698131701   22.617983447   -8.207190503  -22.791193689
   -1.237597106   -0.698131701   21.581167536   -1.938964342  -24.110043108
   -1.047197551   -0.698131701   22.101544048    7.727575090  -23.550489654
   -0.856797996   -0.698131701   24.553067145   17.695901896  -21.192206333
   -0.666398442   -0.698131701   28.648193360   24.381026461  -17.561034427
   -0.475998887   -0.698131701   33.450414181   24.707574385  -13.415326215
   -0.285599332   -0.698131701   37.556658426   16.944906061   -9.485318797
   -0.095199777   -0.698131701   39.424563316    1.480832936   -6.243488161
    0.095199777   -0.698131701   37.831657810  -18.663928260   -3.786148264
    0.285599332   -0.698131701   32.387646909  -37.852231977   -1.869159992
    0.475998887   -0.698131701   23.942856513  -49.028305367   -0.098726985
    0.666398442   -0.698131701   14.633100971  -46.165863272    1.810478570
    0.856797996   -0.698131701    7.400638546  -27.395562637    3.871840628
    1.047197551   -0.698131701    4.992102730    3.394586179    5.819689194
    1.237597106   -0.698131701    8.910412381   37.329151849    7.311990625
    1.427996661   -0.698131701   18.766090883   64.177725085    8.131582901
    1.618396215   -0.698131701   32.419659911   76.366537107    8.308816163
    1.808795770   -0.698131701   46.765938779   71.529856360    8.074385816
    1.999195325   -0.698131701   58.756297876   52.436670502    7.706257120
    2.189594880   -0.698131701   66.210488585   25.006477951    7.377309858
    2.379994435   -0.698131701   68.187919540   -3.983077236    7.088486073
    2.570393989   -0.698131701   64.980464044  -28.589582809    6.694249785
    2.760793544   -0.698131701   57.855580733  -44.619103900    5.995588425
    2.951193099   -0.698131701   48.683040688  -49.992645334    4.832875091

   -3.141592654   -0.349065850   40.152796218  -49.486091740    2.652693338
   -2.951193099   -0.349065850   31.779488144  -37.672573449   -0.138076602
   -2.760793544   -0.349065850   26.046353084  -22.544639408   -3.164671159
   -2.570393989   -0.349065850   23.087739721   -9.307154667   -6.221018186
   -2.379994435   -0.349065850   22.137331650   -1.875256207   -9.227891204
   -2.189594880   -0.349065850   21.926907487   -1.445958292  -12.251764234
   -1.999195325   -0.349065850   21.264510586   -6.052154489  -15.365476946
   -1.808795770   -0.349065850   19.562949625  -11.585330298  -18.421887179
   -1.618396215   -0.349065850   17.070473404  -13.719656677  -20.930475578
   -1.427996661   -0.349065850   14.727606711   -9.804230802  -22.180484659
   -1.237597106   -0.349065850   13.722389070    0.069175668  -21.582324524
   -1.047197551   -0.349065850   14.968343595   13.231495833  -19.011527625
   -0.856797996   -0.349065850   18.717566992   25.563832443  -14.937869164
   -0.666398442   -0.349065850   24.400344842   32.885442197  -10.244876817
   -0.475998887   -0.349065850   30.745021356   32.155876498   -5.874430512
   -0.285599332   -0.349065850   36.077054631   22.258387741   -2.478625788
   -0.095199777   -0.349065850   38.735150955    4.520070326   -0.200468308
    0.095199777   -0.349065850   37.559893125  -17.130219748    1.330007852
    0.285599332   -0.349065850   32.364377152  -36.555187690    2.789060889
    0.475998887   -0.349065850   24.238916720  -46.837924037    4.797194300
    0.666398442   -0.349065850   15.473159759  -42.657951863    7.571576511
    0.856797996   -0.349065850    9.004115822  -23.052431885   10.786999560
    1.047197551   -0.349065850    7.422120072    7.531950888   13.719813792
    1.237597106   -0.349065850   12.025162795   40.242863488   15.646880346
    1.427996661   -0.349065850   22.276546884   65.397696873   16.190406302
    1.618396215   -0.349065850   36.013121977   76.098202935   15.465061650
    1.808795770   -0.349065850   50.214674425   70.396707444   13.951556502
    1.999195325   -0.349065850   61.957572335   51.056902607   12.217928873
    2.189594880   -0.349065850   69.152095638   23.678728799   10.655999646
    2.379994435   -0.349065850   70.876633375   -5.356830631    9.363154955
    2.570393989   -0.349065850   67.376520183  -30.359271717    8.174756898
    2.760793544   -0.349065850   59.845976480  -47.167437315    6.803475066
    2.951193099   -0.349065850   50.097216025  -53.503975601    4.994827221

   -3.141592654    0.000000000   40.836884313  -54.129620862    0.986357149
   -2.951193099    0.000000000   31.524381233  -42.816720289   -1.586817123
   -2.760793544    0.000000000   24.793409704  -27.811500650   -4.193322137
   -2.570393989    0.000000000   20.842061007  -14.439476937   -6.709373988
   -2.379994435    0.000000000   18.929816914   -6.856592057   -9.125741604
   -2.189594880    0.000000000   17.777240682   -6.364497614  -11.526642506
   -1.999195325    0.000000000   16.192991174  -10.746878500  -13.933070017
   -1.808795770    0.000000000   13.670240946  -15.346521168  -16.108269747
   -1.618396215    0.000000000   10.641711501  -15.374373162  -17.504729696
   -1.427996661    0.000000000    8.275435603   -8.254067413  -17.461943211
   -1.237597106    0.000000000    7.904378998    5.146426245  -15.578594561
   -1.047197551    0.000000000   10.396302452   21.008325088  -12.014852271
   -0.856797996    0.000000000   15.749094866   34.294398950   -7.515049957
   -0.666398442    0.000000000   23.026041399   40.597449384   -3.094519769
   -0.475998887    0.000000000   30.622386669   37.428922541    0.396279111
   -0.285599332    0.000000000   36.690239750   24.751302469    2.617017587
   -0.095199777    0.000000000   39.615651649    5.048101146    3.860573927
    0.095199777    0.000000000   38.478590282  -16.958420794    4.896154560
    0.285599332    0.000000000   33.419604907  -35.050655260    6.612197733
    0.475998887    0.000000000   25.794863729  -43.021353702    9.564431476
    0.666398442    0.000000000   17.968147203  -36.766448407   13.652025999
    0.856797996    0.000000000   12.717277700  -16.466076858   18.092834098
    1.047197551    0.000000000   12.310793762   12.988448288   21.746655119
    1.237597106    0.000000000   17.725939159   43.155072186   23.657354733
    1.427996661    0.000000000   28.247679587   65.353300686   23.455974913
    1.618396215    0.000000000   41.736058364   73.705237648   21.450517104
    1.808795770    0.000000000   55.348353234   66.810863281   18.390999088
    1.999195325    0.000000000   66.383653364   47.363687228   15.088962896
    2.189594880    0.000000000   72.916022901   20.467309894   12.102841593
    2.379994435    0.000000000   74.079146006   -8.087384168    9.619581955
    2.570393989    0.000000000   70.074680900  -33.016177498    7.514299317
    2.760793544    0.000000000   62.004037223  -50.266518238    5.514897019
    2.951193099    0.000000000   51.594629770  -57.368795291    3.372581595

   -3.141592654    0.349065850   42.281865438  -57.446563464    0.045183879
   -2.951193099    0.349065850   32.292313641  -46.564144103   -1.611946679
   -2.760793544    0.349065850   24.820060828  -31.802155257   -3.142900820
   -2.570393989    0.349065850   20.098753076  -18.510993791   -4.555151273
   -2.379994435    0.349065850   17.407984102  -10.953776707   -5.930505465
   -2.189594880    0.349065850   15.476466638  -10.419053769   -7.374396651
   -1.999195325    0.349065850   13.148081529  -14.411442814   -8.877854031
   -1.808795770    0.349065850   10.023706297  -17.836068948  -10.188430948
   -1.618396215    0.349065850    6.715173184  -15.656947813  -10.822243326
   -1.427996661    0.349065850    4.568529014   -5.600018875  -10.275123960
   -1.237597106    0.349065850    4.978597353   10.584703383   -8.338133389
   -1.047197551    0.349065850    8.682998822   28.026892503   -5.300371605
   -0.856797996    0.349065850   15.379418829   41.075040957   -1.882541767
   -0.666398442    0.349065850   23.789344753   45.506034432    1.111912774
   -0.475998887    0.349065850   32.075636653   39.744117919    3.186218588
   -0.285599332    0.349065850   38.369088687   24.986431556    4.388495633
   -0.095199777    0.349065850   41.258326961    4.742220479    5.298203059
    0.095199777    0.349065850   40.166867110  -15.857677618    6.756492804
    0.285599332    0.349065850   35.578498144  -31.041693261    9.476935075
    0.475998887    0.349065850   29.030992427  -35.792235237   13.655350811
    0.666398442    0.349065850   22.804711256  -27.503097005   18.783362536
    0.856797996    0.349065850   19.335387102   -7.463010673   23.761884383
    1.047197551    0.349065850   20.422285892   19.307574555   27.320839316
    1.237597106    0.349065850   26.651400484   45.250036731   28.559798948
    1.427996661    0.349065850   37.149292800   63.120531398   27.292460061
    1.618396215    0.349065850   49.886833886   68.328901185   24.041910661
    1.808795770    0.349065850   62.316926767   60.080792875   19.738211450
    1.999195325    0.349065850   72.074419825   40.899566191   15.312653785
    2.189594880    0.349065850   77.482418885   15.212204503   11.395431358
    2.379994435    0.349065850   77.778898556  -11.970076063    8.222021752
    2.570393989    0.349065850   73.136212124  -35.941467985    5.714337245
    2.760793544    0.349065850   64.548695027  -52.882312373    3.644937927
    2.951193099    0.349065850   53.625602201  -60.209444077    1.793390861

   -3.141592654    0.698131701   43.545785535  -59.696358724   -1.205136323
   -2.951193099    0.698131701   33.110428347  -48.964831347   -1.697074974
   -2.760793544    0.698131701   25.172669204  -34.256583472   -1.950798276
   -2.570393989    0.698131701   19.986619445  -20.916593761   -2.109352550
   -2.379994435    0.698131701   16.845256246  -13.274407398   -2.329460973
   -2.189594880    0.698131701   14.481814395  -12.615066806   -2.728038035
   -1.999195325    0.698131701   11.760982252  -16.279615650   -3.300324904
   -1.808795770    0.698131701    8.346091351  -18.926403825   -3.875027785
   -1.618396215    0.698131701    4.948393354  -15.421214746   -4.158105025
   -1.427996661    0.698131701    2.999705866   -3.749957221   -3.874772224
   -1.237597106    0.698131701    3.897237100   13.749504654   -2.939361412
   -1.047197551    0.698131701    8.262857864   31.619004417   -1.531512582
   -0.856797996    0.698131701   15.597615998   44.027822109   -0.010417987
   -0.666398442    0.698131701   24.450317261   47.157688854    1.320529564
   -0.475998887    0.698131701   32.933306484   40.257440727    2.416420936
   -0.285599332    0.698131701   39.291964144   25.381520199    3.562610919
   -0.095199777    0.698131701   42.362104871    6.499287210    5.279119369
    0.095199777    0.698131701   41.844317136  -11.416479658    8.072407207
    0.285599332    0.698131701   38.406182675  -23.416401829   12.164774939
    0.475998887    0.698131701   33.566268291  -25.709381142   17.274153905
    0.666398442    0.698131701   29.349287716  -16.874425959   22.595458256
    0.856797996    0.698131701   27.760002010    1.234163766   26.998975153
    1.047197551    0.698131701   30.146049302   23.985297454   29.434082088
    1.237597106    0.698131701   36.799510913   45.010190661   29.337565883
    1.427996661    0.698131701   46.815598084   58.506317467   26.832415853
    1.618396215    0.698131701   58.381249137   60.956524811   22.616487819
    1.808795770    0.698131701   69.300221353   51.892737873   17.643292621
    1.999195325    0.698131701   77.550725440   33.464970232   12.774257969
    2.189594880    0.698131701   81.686737129    9.355464707    8.561904110
    2.379994435    0.698131701   81.030610828  -16.160178434    5.217507621
    2.570393989    0.698131701   75.718590072  -38.878992373    2.709088319
    2.760793544    0.698131701   66.643512557  -55.164640829    0.895523539
    2.951193099    0.698131701   55.305761949  -62.340081591   -0.371946695

   -3.141592654    1.047197551   41.725672479  -60.239873029   -4.881637895
   -2.951193099    1.047197551   31.281891916  -48.526597418   -4.036262004
   -2.760793544    1.047197551   23.497517295  -33.135383357   -2.847411799
   -2.570393989    1.047197551   18.557213445  -19.522868091   -1.636430368
   -2.379994435    1.047197551   15.674080358  -12.013570891   -0.648071933
   -2.189594880    1.047197551   13.514668116  -11.756858409   -0.001878471
   -1.999195325    1.047197551   10.913012400  -15.873409041    0.304607385
   -1.808795770    1.047197551    7.543661796  -18.817899250    0.346868091
   -1.618396215    1.047197551    4.157556854  -15.374902228    0.219041144
   -1.427996661    1.047197551    2.225695655   -3.611340810    0.001895947
   -1.237597106    1.047197551    3.158410234   13.957151277   -0.238168323
   -1.047197551    1.047197551    7.560635911   31.760717209   -0.424852428
   -0.856797996    1.047197551   14.911624254   44.068495506   -0.438449466
   -0.666398442    1.047197551   23.781164122   47.371454740   -0.071198338
   -0.475998887    1.047197551   32.370594846   41.289114758    0.960432664
   -0.285599332    1.047197551   39.071318313   28.085272921    2.957190032
   -0.095199777    1.047197551   42.874075482   11.573136089    6.138505412
    0.095199777    1.047197551   43.566540658   -3.812240581   10.504614207
    0.285599332    1.047197551   41.772103581  -13.942565874   15.732884230
    0.475998887    1.047197551   38.801811570  -15.841094727   21.137476639
    0.666398442    1.047197551   36.346150933   -8.577483898   25.783042073
    0.856797996    1.047197551   36.038472055    6.144236199   28.711213749
    1.047197551    1.047197551   38.947863573   24.490952577   29.269865759
    1.237597106    1.047197551   45.279242813   41.242875091   27.343770320
    1.427996661    1.047197551   54.254487854   51.590426026   23.393146819
    1.618396215    1.047197551   64.330134325   52.491116514   18.238898417
    1.808795770    1.047197551   73.609816171   43.344948590   12.755055929
    1.999195325    1.047197551   80.305412939   25.788510520    7.617234783
    2.189594880    1.047197551   83.097670122    2.941928835    3.214920563
    2.379994435    1.047197551   81.344877588  -21.281257113   -0.289467439
    2.570393989    1.047197551   75.173055795  -42.804095286   -2.845085667
    2.760793544    1.047197551   65.458489679  -57.955613329   -4.437526728
    2.951193099    1.047197551   53.695846212  -63.999392410   -5.084638293

   -3.141592654    1.396263402   37.159033942  -59.208117440  -10.474446155
   -2.951193099    1.396263402   27.076794517  -45.842110659   -9.272987915
   -2.760793544    1.396263402   19.907308612  -29.485638427   -7.526703872
   -2.570393989    1.396263402   15.693023048  -15.661238965   -5.568575483
   -2.379994435    1.396263402   13.515913197   -8.538930095   -3.654750175
   -2.189594880    1.396263402   11.950823550   -9.029380340   -1.919009871
   -1.999195325    1.396263402    9.782019699  -14.075853768   -0.417152178
   -1.808795770    1.396263402    6.657893242  -18.057172178    0.784826813
   -1.618396215    1.396263402    3.314415437  -15.693545403    1.567116476
   -1.427996661    1.396263402    1.226803817   -4.899385090    1.813787711
   -1.237597106    1.396263402    1.850854898   12.082826207    1.536363544
   -1.047197551    1.396263402    5.894189458   29.986183656    0.964880503
   -0.856797996    1.396263402   12.986998355   43.281196398    0.529646995
   -0.666398442    1.396263402   21.871732484   48.449873455    0.748146515
   -0.475998887    1.396263402   30.897774208   44.865729241    2.051435113
   -0.285599332    1.396263402   38.536346393   34.345117493    4.644034576
   -0.095199777    1.396263402   43.758579331   20.101856145    8.430385579
    0.095199777    1.396263402   46.213517272    5.951623829   12.994888446
    0.285599332    1.396263402   46.277700189   -4.472120418   17.651269531
    0.475998887    1.396263402   44.946283510   -8.364778149   21.564445437
    0.666398442    1.396263402   43.605031340   -4.535223271   23.957752062
    0.856797996    1.396263402   43.675888653    6.043291722   24.314779202
    1.047197551    1.396263402   46.183306295   20.482140168   22.559503043
    1.237597106    1.396263402   51.458745723   34.381954349   19.055697820
    1.427996661    1.396263402   58.967455895   43.278006060   14.476824473
    1.618396215    1.396263402   67.423118098   43.948790530    9.540421411
    1.808795770    1.396263402   75.116344856   35.292473511    4.794537477
    1.999195325    1.396263402   80.346675996   18.459870988    0.529201108
    2.189594880    1.396263402   81.813373987   -3.651105430   -3.162017962
    2.379994435    1.396263402   78.881326477  -27.038775995   -6.247378402
    2.570393989    1.396263402   71.716041419  -47.406386790   -8.648843618
    2.760793544    1.396263402   61.271019045  -60.937417699  -10.224981633
    2.951193099    1.396263402   49.124469110  -64.996228881  -10.840907819

   -3.141592654    1.745329252   31.122090592  -57.825938436  -16.525131927
   -2.951193099    1.745329252   21.480120175  -42.690042132  -15.530719793
   -2.760793544    1.745329252   15.025542531  -25.259105167  -13.674499914
   -2.570393989    1.745329252   11.658183218  -11.107715706  -11.230770502
   -2.379994435    1.745329252   10.332418651   -4.225438099   -8.449646387
   -2.189594880    1.745329252    9.537062115   -5.305185337   -5.493948602
   -1.999195325    1.745329252    8.001033277  -11.200994162   -2.483373739
   -1.808795770    1.745329252    5.320154875  -16.336469200    0.403637709
   -1.618396215    1.745329252    2.171749854  -15.406258133    2.883303180
   -1.427996661    1.745329252    0.000000000   -6.037965349    4.657171600
   -1.237597106    1.745329252    0.312393734   10.078498987    5.595272952
   -1.047197551    1.745329252    3.978618021   28.233633270    5.872137884
   -0.856797996    1.745329252   10.869080953   43.119462008    5.940402311
   -0.666398442    1.745329252   19.963650407   50.942828087    6.354425637
   -0.475998887    1.745329252   29.754692845   50.399374162    7.533204504
   -0.285599332    1.745329252   38.707333012   42.470665018    9.590682447
   -0.095199777    1.745329252   45.632672661   29.617418957   12.278940979
    0.095199777    1.745329252   49.899831550   15.165835103   15.038524478
    0.285599332    1.745329252   51.547437271    2.655790562   17.139135207
    0.475998887    1.745329252   51.255989674   -4.746982556   17.903685812
    0.666398442    1.745329252   50.208023953   -5.099294502   16.954954266
    0.856797996    1.745329252   49.789064228    1.603414917   14.349284348
    1.047197551    1.745329252   51.167819536   13.298560538   10.579313763
    1.237597106    1.745329252   54.936337368   25.988966913    6.350409508
    1.427996661    1.745329252   60.842645655   35.014738516    2.322665075
    1.618396215    1.745329252   67.802040006   36.555368299   -1.136296342
    1.808795770    1.745329252   74.181130421   28.846067619   -4.010416060
    1.999195325    1.745329252   78.250259873   12.647135709   -6.523206708
    2.189594880    1.745329252   78.644753453   -9.122958692   -8.930191548
    2.379994435    1.745329252   74.703020468  -32.122671540  -11.332335038
    2.570393989    1.745329252   66.638710326  -51.657368586  -13.601607817
    2.760793544    1.745329252   55.514455305  -63.698776177  -15.433763057
    2.951193099    1.745329252   43.026570196  -65.749197979  -16.484312163

   -3.141592654    2.094395102   24.195992872  -57.575644202  -18.401094262
   -2.951193099    2.094395102   14.788555037  -40.516515244  -17.468004228
   -2.760793544    2.094395102    8.906088037  -21.510478813  -15.581663770
   -2.570393989    2.094395102    6.362980107   -6.290938386  -12.952490328
   -2.379994435    2.094395102    6.020251179    1.218060583   -9.795183682
   -2.189594880    2.094395102    6.295392194    0.445722514   -6.249515900
   -1.999195325    2.094395102    5.859865280   -5.456795081   -2.418474497
   -1.808795770    2.094395102    4.237724556  -11.055568450    1.514274091
   -1.618396215    2.094395102    2.007557221  -11.137181608    5.209941426
   -1.427996661    2.094395102    0.520361041   -3.152220779    8.253209737
   -1.237597106    2.094395102    1.256109090   11.698031424   10.353663688
   -1.047197551    2.094395102    5.160703269   29.253554640   11.522246809
   -0.856797996    2.094395102   12.262679529   44.468106638   12.079237729
   -0.666398442    2.094395102   21.707407641   53.351115670   12.480021047
   -0.475998887    2.094395102   32.076996834   54.032459255   13.070829980
   -0.285599332    2.094395102   41.801787764   46.801610794   13.916388099
   -0.095199777    2.094395102   49.533602489   33.542162303   14.749141201
    0.095199777    2.094395102   54.400508075   17.306826351   15.056602991
    0.285599332    2.094395102   56.189482963    1.838049922   14.262148813
    0.475998887    2.094395102   55.414046150   -9.011758363   11.985684050
    0.666398442    2.094395102   53.256258751  -12.320359418    8.266168219
    0.856797996    2.094395102   51.285849860   -7.168172370    3.609858996
    1.047197551    2.094395102   50.988760624    4.756811485   -1.153483262
    1.237597106    2.094395102   53.276401324   19.161637026   -5.220697429
    1.427996661    2.094395102   58.102989199   30.518655775   -8.109250629
    1.618396215    2.094395102   64.406246602   34.033252600   -9.825633718
    1.808795770    2.094395102   70.415715728   27.296504072  -10.780411818
    1.999195325    2.094395102   74.193066005   10.974803470  -11.542793132
    2.189594880    2.094395102   74.197522887  -11.604066676  -12.566387314
    2.379994435    2.094395102   69.697221953  -35.451018788  -14.010743480
    2.570393989    2.094395102   60.957870517  -55.281752175  -15.713353932
    2.760793544    2.094395102   49.183161745  -66.742916613  -17.290185113
    2.951193099    2.094395102   36.237405824  -67.394307057  -18.297789343

   -3.141592654    2.443460953   18.043973591  -57.455664025  -12.617762597
   -2.951193099    2.443460953    8.813999443  -38.790115609  -11.314002380
   -2.760793544    2.443460953    3.403825132  -18.331143610   -9.295670625
   -2.570393989    2.443460953    1.582346400   -1.948686295   -6.714402523
   -2.379994435    2.443460953    2.158173898    6.491929603   -3.700723801
   -2.189594880    2.443460953    3.516641800    6.532735290   -0.286269856
   -1.999195325    2.443460953    4.307719599    1.298838518    3.544428916
   -1.808795770    2.443460953    4.008754913   -4.006781035    7.704841156
   -1.618396215    2.443460953    3.099757444   -4.434762451   11.885744215
   -1.427996661    2.443460953    2.800397596    2.518055513   15.597969022
   -1.237597106    2.443460953    4.483886517   15.949936617   18.369871397
   -1.047197551    2.443460953    9.067518188   32.181372886   19.964886804
   -0.856797996    2.443460953   16.634099339   46.499284713   20.455979967
   -0.666398442    2.443460953   26.415915308   54.904145567   20.107601327
   -0.475998887    2.443460953   37.046507220   55.192528457   19.174189734
   -0.285599332    2.443460953   46.927833251   47.178583309   17.745557065
   -0.095199777    2.443460953   54.597684740   32.372331199   15.694275419
    0.095199777    2.443460953   59.026352484   13.742937948   12.759233671
    0.285599332    2.443460953   59.867084937   -4.590192723    8.714286856
    0.475998887    2.443460953   57.611307884  -18.004232556    3.594833228
    0.666398442    2.443460953   53.585461116  -22.678804644   -2.155659495
    0.856797996    2.443460953   49.652869762  -17.083053822   -7.734661597
    1.047197551    2.443460953   47.652201633   -2.974149897  -12.226948839
    1.237597106    2.443460953   48.764874636   14.637100478  -14.990056792
    1.427996661    2.443460953   53.037687768   29.129540314  -15.895779514
    1.618396215    2.443460953   59.298907088   34.763682211  -15.359018547
    1.808795770    2.443460953   65.534675778   28.707197132  -14.116684205
    1.999195325    2.443460953   69.540346198   11.797452943  -12.909242008
    2.189594880    2.443460953   69.585233090  -12.048889972  -12.221277006
    2.379994435    2.443460953   64.874640558  -37.149088716  -12.174588772
    2.570393989    2.443460953   55.733338222  -57.672853888  -12.572342541
    2.760793544    2.443460953   43.502433106  -68.994011921  -13.034130741
    2.951193099    2.443460953   30.205113757  -68.723723713  -13.149789479

   -3.141592654    2.792526803   15.096124169  -56.225259076    1.287256283
   -2.951193099    2.792526803    6.187734351  -36.655799008    3.327433049
   -2.760793544    2.792526803    1.269352057  -15.324048888    5.294730099
   -2.570393989    2.792526803    0.098875808    1.869004697    7.122657006
   -2.379994435    2.792526803    1.481357039   11.162367075    8.906450019
   -2.189594880    2.792526803    3.822228322   12.204013962   10.910830255
   -1.999195325    2.792526803    5.795586932    8.031210536   13.434256074
   -1.808795770    2.792526803    6.860506835    3.495349116   16.589760176
   -1.618396215    2.792526803    7.398214768    3.104348608   20.138801444
   -1.427996661    2.792526803    8.460346118    9.115572882   23.519010213
   -1.237597106    2.792526803   11.241516387   20.772033593   26.061321810
   -1.047197551    2.792526803   16.538836346   34.832099374   27.266156456
   -0.856797996    2.792526803   24.403231167   47.005269501   26.962704630
   -0.666398442    2.792526803   34.094939830   53.483300173   25.266711983
   -0.475998887    2.792526803   44.284202956   51.985117489   22.427127122
   -0.285599332    2.792526803   53.380754377   42.115219360   18.678360621
   -0.095199777    2.792526803   59.894291209   25.262588230   14.157061739
    0.095199777    2.792526803   62.766143880    4.511838406    8.942441967
    0.285599332    2.792526803   61.671975120  -15.573661899    3.163670768
    0.475998887    2.792526803   57.232855902  -29.729429501   -2.851959085
    0.666398442    2.792526803   51.025273376  -33.576305470   -8.525357547
    0.856797996    2.792526803   45.231714160  -25.457048021  -13.126344001
    1.047197551    2.792526803   41.975809452   -7.653891161  -16.016864517
    1.237597106    2.792526803   42.573045467   13.852110135  -16.936647399
    1.427996661    2.792526803   47.007680891   31.415867952  -16.104772978
    1.618396215    2.792526803   53.882670678   38.672791593  -14.114267696
    1.808795770    2.792526803   60.896507651   32.760001854  -11.666861080
    1.999195325    2.792526803   65.600139766   14.961718249   -9.311052067
    2.189594880    2.792526803   66.126098372  -10.168573524   -7.301969819
    2.379994435    2.792526803   61.658999832  -36.402969237   -5.617854261
    2.570393989    2.792526803   52.587761200  -57.585149522   -4.075490269
    2.760793544    2.792526803   40.357771838  -68.977285254   -2.471558617
    2.951193099    2.792526803   27.099204427  -68.270403070   -0.682145910
