#! FIELDS phi psi file.free der_phi der_psi
#! SET min_phi -pi
#! SET max_phi pi
#! SET nbins_phi  33
#! SET periodic_phi true
#! SET min_psi -pi
#! SET max_psi pi
#! SET nbins_psi  18
#! SET periodic_psi true
   -3.141592654   -3.141592654   18.844228403  -54.652134815   14.023049786
   -2.951193099   -3.141592654   10.077884226  -36.547892042   16.500276260
   -2.760793544   -3.141592654    5.136499858  -15.461114328   18.334307999
   -2.570393989   -3.141592654    4.003857894    2.560474615   19.564946596
   -2.379994435   -3.141592654    5.650827758   13.332162394   20.476888933
   -2.189594880   -3.141592654    8.562975366   16.042001934   21.510011856
   -1.999195325   -3.141592654   11.411872483   13.329024881   23.046581334
   -1.808795770   -3.141592654   13.578399202    9.643785194   25.171344969
   -1.618396215   -3.141592654   15.286823819    9.060697005   27.542639067
   -1.427996661   -3.141592654   17.354660268   13.503961609   29.483762090
   -1.237597106   -3.141592654   20.705089918   22.169698782   30.260959923
   -1.047197551   -3.141592654   25.892115690   32.179192236   29.400530310
   -0.856797996   -3.141592654   32.827908721   39.932217621   26.863135192
   -0.666398442   -3.141592654   40.780141308   42.435529969   22.981784732
   -0.475998887   -3.141592654   48.574847616   38.141278660   18.261409131
   -0.285599332   -3.141592654   54.894395259   27.098588526   13.160983628
   -0.095199777   -3.141592654   58.573092227   10.803431176    7.956652907
    0.095199777   -3.141592654   58.865934170   -7.881348099    2.763292827
    0.285599332   -3.141592654   55.696756836  -24.812886784   -2.344830638
    0.475998887   -3.141592654   49.847543251  -35.232576650   -7.156676345
    0.666398442   -3.141592654   42.955396261  -35.283400371  -11.252956340
    0.856797996   -3.141592654   37.161545390  -23.849412832  -14.085824297
    1.047197551   -3.141592654   34.448595261   -3.728450490  -15.213473591
    1.237597106   -3.141592654   35.911103014   18.830737014  -14.553250202
    1.427996661   -3.141592654   41.303045764   36.382176068  -12.447841586
    1.618396215   -3.141592654   49.081197939   43.221897748   -9.513049349
    1.808795770   -3.141592654   56.945073488   37.276279451   -6.360097799
    1.999195325   -3.141592654   62.568595206   20.251383850   -3.362768104
    2.189594880   -3.141592654   64.223331533   -3.564154102   -0.584826175
    2.379994435   -3.141592654   61.123934363  -28.756362914    2.124383710
    2.570393989   -3.141592654   53.525186811  -49.988543648    4.953928589
    2.760793544   -3.141592654   42.627475094  -62.787314015    7.977026353
    2.951193099   -3.141592654   30.335726566  -64.391616710   11.085900842

   -3.141592654   -2.792526803   25.163912998  -49.673003551   21.352749185
   -2.951193099   -2.792526803   17.195106743  -33.214735059   23.926918739
   -2.760793544   -2.792526803   12.724516035  -13.812495664   25.328775615
   -2.570393989   -2.792526803   11.782344197    3.038264564   25.725751696
   -2.379994435   -2.792526803   13.480398466   13.562964168   25.597963626
   -2.189594880   -2.792526803   16.492919822   17.011688744   25.556327799
   -1.999195325   -2.792526803   19.649271543   15.634985757   26.071615244
   -1.808795770   -2.792526803   22.377839760   13.148538270   27.229742222
   -1.618396215   -2.792526803   24.799509426   12.842917070   28.646762164
   -1.427996661   -2.792526803   27.504114195   16.169771803   29.607872706
   -1.237597106   -2.792526803   31.146710342   22.394854230   29.370229709
   -1.047197551   -2.792526803   36.076691056   29.203422401   27.480056723
   -0.856797996   -2.792526803   42.134689487   33.757692209   23.938753698
   -0.666398442   -2.792526803   48.653362814   33.703399537   19.138105395
   -0.475998887   -2.792526803   54.615930740   27.806503554   13.656298516
   -0.285599332   -2.792526803   58.889793349   16.094895697    8.032561118
   -0.095199777   -2.792526803   60.469698198   -0.126567835    2.618610067
    0.095199777   -2.792526803   58.733228869  -18.178607540   -2.414585653
    0.285599332   -2.792526803   53.705068270  -33.935268005   -6.966943058
    0.475998887   -2.792526803   46.281402366  -42.521819082  -10.853773752
    0.666398442   -2.792526803   38.235526962  -39.985484722  -13.753056691
    0.856797996   -2.792526803   31.840182721  -25.388567128  -15.281593261
    1.047197551   -2.792526803   29.142592666   -2.060524165  -15.199254347
    1.237597106   -2.792526803   31.181844113   23.074089339  -13.593737296
    1.427996661   -2.792526803   37.541059436   42.108008255  -10.887357998
    1.618396215   -2.792526803   46.460003414   49.327028569   -7.645156613
    1.808795770   -2.792526803   55.463778438   43.084999266   -4.321842564
    1.999195325   -2.792526803   62.154006388   25.677019815   -1.088592525
    2.189594880   -2.792526803   64.831200018    1.821776841    2.161279606
    2.379994435   -2.792526803   62.787617956  -22.998268966    5.653243084
    2.570393989   -2.792526803   56.335662968  -43.713564928    9.527463367
    2.760793544   -2.792526803   46.663785649  -56.275011353   13.690169351
    2.951193099   -2.792526803   35.587082423  -58.278106611   17.795513993

   -3.141592654   -2.443460953   32.688347506  -44.253756576   20.387477748
   -2.951193099   -2.443460953   25.551067546  -29.964930963   22.539757351
   -2.760793544   -2.443460953   21.487342934  -12.733976521   23.540376781
   -2.570393989   -2.443460953   20.589619034    2.577324534   23.596839651
   -2.379994435   -2.443460953   22.133547699   12.586721649   23.169471808
   -2.189594880   -2.443460953   24.991917219   16.504574682   22.774905597
   -1.999195325   -2.443460953   28.140548227   16.082831892   22.751678437
   -1.808795770   -2.443460953   31.029907272   14.281019469   23.082743218
   -1.618396215   -2.443460953   33.660952381   13.716690881   23.378819641
   -1.427996661   -2.443460953   36.409959137   15.569693147   23.042416543
   -1.237597106   -2.443460953   39.716972911   19.364048811   21.539956299
   -1.047197551   -2.443460953   43.806955049   23.437657160   18.649372573
   -0.856797996   -2.443460953   48.534442147   25.682370847   14.555716213
   -0.666398442   -2.443460953   53.367073499   24.256374959    9.742857396
   -0.475998887   -2.443460953   57.485995615   18.074156284    4.780324413
   -0.285599332   -2.443460953   59.951978050    6.966893203    0.119062097
   -0.095199777   -2.443460953   59.896288006   -8.114801874   -4.016891016
    0.095199777   -2.443460953   56.765708797  -24.811043464   -7.590794347
    0.285599332   -2.443460953   50.609784063  -39.121787576  -10.623420984
    0.475998887   -2.443460953   42.346882372  -46.109176945  -13.048746999
    0.666398442   -2.443460953   33.791329207  -41.695279080  -14.669525203
    0.856797996   -2.443460953   27.267893075  -24.991835699  -15.222478137
    1.047197551   -2.443460953   24.842717338    0.372109009  -14.547419157
    1.237597106   -2.443460953   27.502982747   27.059062084  -12.730382477
    1.427996661   -2.443460953   34.711406220   46.922289762  -10.107090097
    1.618396215   -2.443460953   44.572829568   54.332888688   -7.101522972
    1.808795770   -2.443460953   54.524201138   48.027450906   -4.031041167
    1.999195325   -2.443460953   62.161785993   30.742603907   -0.982168635
    2.189594880   -2.443460953   65.849368042    7.436808268    2.166895392
    2.379994435   -2.443460953   64.956226105  -16.502021468    5.599403122
    2.570393989   -2.443460953   59.824983931  -36.391003222    9.388788808
    2.760793544   -2.443460953   51.587015021  -48.669036958   13.382617945
    2.951193099   -2.443460953   41.916209611  -51.293540375   17.207150846

   -3.141592654   -2.094395102   38.527774050  -40.149244941   14.007627126
   -2.951193099   -2.094395102   32.013337920  -27.561738651   15.438992578
   -2.760793544   -2.094395102   28.248415332  -11.945751108   16.062006583
   -2.570393989   -2.094395102   27.384760738    2.260549020   16.024695899
   -2.379994435   -2.094395102   28.819079232   11.866277106   15.593451920
   -2.189594880   -2.094395102   31.548254883   15.929156430   15.013314634
   -1.999195325   -2.094395102   34.612784504   15.743178428   14.382175742
   -1.808795770   -2.094395102   37.426950347   13.714226279   13.592964518
   -1.618396215   -2.094395102   39.862970228   12.086733055   12.391959212
   -1.427996661   -2.094395102   42.133435324   12.068144763   10.523197815
   -1.237597106   -2.094395102   44.561840632   13.638779358    7.883802694
   -1.047197551   -2.094395102   47.369928232   15.823016299    4.606419517
   -0.856797996   -2.094395102   50.537423172   17.105039026    1.025548193
   -0.666398442   -2.094395102   53.736642414   15.868155653   -2.463240598
   -0.475998887   -2.094395102   56.353933534   10.820213268   -5.552360470
   -0.285599332   -2.094395102   57.585687022    1.292411954   -8.110628135
   -0.095199777   -2.094395102   56.597583368  -12.278119605  -10.187353535
    0.095199777   -2.094395102   52.789681115  -27.826004036  -11.928969962
    0.285599332   -2.094395102   46.139004634  -41.333064473  -13.454318442
    0.475998887   -2.094395102   37.522085728  -47.597964042  -14.750922055
    0.666398442   -2.094395102   28.768700801  -42.222306324  -15.648618745
    0.856797996   -2.094395102   22.264751545  -24.195833846  -15.876484154
    1.047197551   -2.094395102   20.133740349    2.681095739  -15.210995779
    1.237597106   -2.094395102   23.367089093   30.710229897  -13.611324625
    1.427996661   -2.094395102   31.363588815   51.455189127  -11.266763618
    1.618396215   -2.094395102   42.130731443   59.235373565   -8.492876795
    1.808795770   -2.094395102   53.024693139   52.995191549   -5.585232544
    1.999195325   -2.094395102   61.613402487   35.783801295   -2.698732317
    2.189594880   -2.094395102   66.284512978   12.758466988    0.168911821
    2.379994435   -2.094395102   66.447074390  -10.725412696    3.091048258
    2.570393989   -2.094395102   62.455931458  -30.236662348    6.096144934
    2.760793544   -2.094395102   55.396024078  -42.548317246    9.082627116
    2.951193099   -2.094395102   46.837542418  -45.855877977   11.816087169

   -3.141592654   -1.745329252   41.780442856  -37.863119984    6.532275176
   -2.951193099   -1.745329252   35.592856169  -26.433746794    7.119731210
   -2.760793544   -1.745329252   31.935009155  -11.923431039    7.255876502
   -2.570393989   -1.745329252   30.988002731    1.411443043    6.992290705
   -2.379994435   -1.745329252   32.198603820   10.396258381    6.388523436
   -2.189594880   -1.745329252   34.597466720   13.921544826    5.452842474
   -1.999195325   -1.745329252   37.216708184   13.026880250    4.122977996
   -1.808795770   -1.745329252   39.420721954    9.969332881    2.300014704
   -1.618396215   -1.745329252   41.025682233    7.090635219   -0.066165935
   -1.427996661   -1.745329252   42.232083690    5.947370815   -2.892629292
   -1.237597106   -1.745329252   43.429399340    6.959138322   -5.932805450
   -1.047197551   -1.745329252   44.978945237    9.445662530   -8.826317207
   -0.856797996   -1.745329252   47.030441225   11.888128348  -11.209376014
   -0.666398442   -1.745329252   49.393026472   12.349855170  -12.848488876
   -0.475998887   -1.745329252   51.509564374    9.051490295  -13.716748373
   -0.285599332   -1.745329252   52.540969706    0.864959645  -13.990896267
   -0.095199777   -1.745329252   51.547624734  -12.022887344  -13.975686998
    0.095199777   -1.745329252   47.801297424  -27.520623068  -13.986568957
    0.285599332   -1.745329252   41.180446357  -41.347587642  -14.225207621
    0.475998887   -1.745329252   32.529000865  -47.905904896  -14.699578215
    0.666398442   -1.745329252   23.718968944  -42.419585460  -15.215549726
    0.856797996   -1.745329252   17.233156367  -23.714468463  -15.436877276
    1.047197551   -1.745329252   15.296340193    4.291746619  -15.033973275
    1.237597106   -1.745329252   18.956139546   33.554894371  -13.825295616
    1.427996661   -1.745329252   27.595573366   55.292086669  -11.867777131
    1.618396215   -1.745329252   39.154312464   63.629074039   -9.403795624
    1.808795770   -1.745329252   50.905908634   57.549387787   -6.745448766
    1.999195325   -1.745329252   60.359203871   40.287330944   -4.149098255
    2.189594880   -1.745329252   65.879770605   17.174540100   -1.748802024
    2.379994435   -1.745329252   66.877408411   -6.373551127    0.422428069
    2.570393989   -1.745329252   63.705970201  -26.002070906    2.371556719
    2.760793544   -1.745329252   57.426303284  -38.637040682    4.084142214
    2.951193099   -1.745329252   49.556970131  -42.591963116    5.499437460

   -3.141592654   -1.396263402   41.239673889  -38.482422828    3.729402576
   -2.951193099   -1.396263402   34.916193538  -27.216186549    3.611840961
   -2.760793544   -1.396263402   31.108476168  -12.702278441    3.101597182
   -2.570393989   -1.396263402   30.016757402    0.656967236    2.216001296
   -2.379994435   -1.396263402   31.071617118    9.457726347    0.942663965
   -2.189594880   -1.396263402   33.241799316   12.373455661   -0.786704396
   -1.999195325   -1.396263402   35.467729019   10.366510071   -3.069075088
   -1.808795770   -1.396263402   37.031345477    5.882597567   -5.940394076
   -1.618396215   -1.396263402   37.728070423    1.706139076   -9.268350219
   -1.427996661   -1.396263402   37.835599507   -0.054840311  -12.705627238
   -1.237597106   -1.396263402   37.915634965    1.424494592  -15.754972486
   -1.047197551   -1.396263402   38.546728424    5.507642993  -17.922804820
   -0.856797996   -1.396263402   40.065936899   10.312091033  -18.888384866
   -0.666398442   -1.396263402   42.368810076   13.257459041  -18.618022106
   -0.475998887   -1.396263402   44.855308287   11.887937894  -17.364443890
   -0.285599332   -1.396263402   46.531668151    4.611190023  -15.578253544
   -0.095199777   -1.396263402   46.246657010   -8.514755679  -13.765935374
    0.095199777   -1.396263402   43.068371075  -25.185397287  -12.339339086
    0.285599332   -1.396263402   36.738595555  -40.651647251  -11.500666774
    0.475998887   -1.396263402   28.069587638  -48.714117360  -11.203571012
    0.666398442   -1.396263402   19.015506560  -44.021459954  -11.197614800
    0.856797996   -1.396263402   12.231152726  -25.075118859  -11.126141975
    1.047197551   -1.396263402   10.138797576    4.149501007  -10.680124233
    1.237597106   -1.396263402   13.935086097   35.154059355   -9.696864942
    1.427996661   -1.396263402   23.043705431   58.544547408   -8.213581385
    1.618396215   -1.396263402   35.334999967   67.935917695   -6.401788489
    1.808795770   -1.396263402   47.943396400   62.100436051   -4.474877901
    1.999195325   -1.396263402   58.228904939   44.376022568   -2.607909516
    2.189594880   -1.396263402   64.447563651   20.368075434   -0.904001770
    2.379994435   -1.396263402   65.954939146   -4.220153308    0.586799197
    2.570393989   -1.396263402   63.098373329  -24.826342071    1.834684205
    2.760793544   -1.396263402   56.962112184  -38.274644446    2.805501831
    2.951193099   -1.396263402   49.101201758  -42.830708796    3.452153308

   -3.141592654   -1.047197551   39.783613116  -40.222177244    3.411465290
   -2.951193099   -1.047197551   33.122682440  -29.008786504    2.314133417
   -2.760793544   -1.047197551   28.971897543  -14.525284870    0.707361221
   -2.570393989   -1.047197551   27.518391993   -1.365940308   -1.298026026
   -2.379994435   -1.047197551   28.143966101    6.906524197   -3.628916226
   -2.189594880   -1.047197551   29.747666614    8.916788351   -6.300625118
   -1.999195325   -1.047197551   31.209889282    5.792694691   -9.374614156
   -1.808795770   -1.047197551   31.807060364    0.378966191  -12.828382801
   -1.618396215   -1.047197551   31.418364275   -4.034825846  -16.422722689
   -1.427996661   -1.047197551   30.493772906   -4.961312892  -19.679791440
   -1.237597106   -1.047197551   29.808564840   -1.540499563  -22.013299633
   -1.047197551   -1.047197551   30.122059977    5.212380151  -22.947572574
   -0.856797996   -1.047197551   31.852451930   12.776849723  -22.305118812
   -0.666398442   -1.047197551   34.846357827   17.903072791  -20.279202202
   -0.475998887   -1.047197551   38.343817461   17.663014102  -17.361211965
   -0.285599332   -1.047197551   41.130923206   10.304528044  -14.183633383
   -0.095199777   -1.047197551   41.837875496   -3.936643607  -11.325492295
    0.095199777   -1.047197551   39.372938525  -22.329551421   -9.147855773
    0.285599332   -1.047197551   33.413382699  -39.584156860   -7.711836844
    0.475998887   -1.047197551   24.809769035  -48.993410703   -6.818754764
    0.666398442   -1.047197551   15.635629398  -44.865065820   -6.148164948
    0.856797996   -1.047197551    8.705558718  -25.647505817   -5.408732327
    1.047197551   -1.047197551    6.583828588    4.481257895   -4.468252618
    1.237597106   -1.047197551   10.552279692   36.622223417   -3.347654221
    1.427996661   -1.047197551   20.039362773   60.984529540   -2.170462330
    1.618396215   -1.047197551   32.854146833   70.899377874   -1.049152374
    1.808795770   -1.047197551   46.033605139   65.039756621   -0.024871001
    1.999195325   -1.047197551   56.837312808   46.807845607    0.926650512
    2.189594880   -1.047197551   63.443314551   21.965098367    1.842394734
    2.379994435   -1.047197551   65.163005970   -3.595247276    2.711717157
    2.570393989   -1.047197551   62.335343532  -25.125838497    3.448767188
    2.760793544   -1.047197551   56.067711051  -39.315774470    3.909244010
    2.951193099   -1.047197551   47.958815787  -44.348074394    3.934295103

   -3.141592654   -0.698131701   39.652023086  -43.296168477    2.738116194
   -2.951193099   -0.698131701   32.326855370  -32.862506824    1.088120008
   -2.760793544   -0.698131701   27.393112763  -18.842361711   -1.100435255
   -2.570393989   -0.698131701   25.092684206   -5.920236959   -3.703741770
   -2.379994435   -0.698131701   24.831582313    2.133082544   -6.618278206
   -2.189594880   -0.698131701   25.495104617    3.788278136   -9.810043945
   -1.999195325   -0.698131701   25.941126709    0.262917758  -13.262325210
   -1.808795770   -0.698131701   25.469261317   -5.224100459  -16.831370823
   -1.618396215   -0.698131701   24.066398518   -8.917636000  -20.130329698
   -1.427996661   -0.698131701   22.363541923   -8.077320936  -22.569676657
   -1.237597106   -0.698131701   21.325602042   -2.017774899  -23.568943884
   -1.047197551   -0.698131701   21.828610849    7.675294615  -22.820231215
   -0.856797996   -0.698131701   24.280474646   17.763569021  -20.443866477
   -0.666398442   -0.698131701   28.387265606   24.401373003  -16.951462164
   -0.475998887   -0.698131701   33.163092107   24.369482349  -13.051727704
   -0.285599332   -0.698131701   37.148524819   16.004741988   -9.411002510
   -0.095199777   -0.698131701   38.779210290   -0.019872695   -6.442038694
    0.095199777   -0.698131701   36.874656447  -20.327409660   -4.197977857
    0.285599332   -0.698131701   31.149468359  -39.000075417   -2.413932685
    0.475998887   -0.698131701   22.591081512  -48.955549847   -0.702579883
    0.666398442   -0.698131701   13.443915630  -44.504773053    1.191892795
    0.856797996   -0.698131701    6.658644622  -24.462812724    3.233605663
    1.047197551   -0.698131701    4.847517109    6.517025159    5.100488425
    1.237597106   -0.698131701    9.258572976   39.147382243    6.406318544
    1.427996661   -0.698131701   19.236142626   63.529251421    6.921528908
    1.618396215   -0.698131701   32.509076713   73.123785150    6.707289809
    1.808795770   -0.698131701   46.070696672   66.824137003    6.064187557
    1.999195325   -0.698131701   57.174341496   48.183949716    5.360092751
    2.189594880   -0.698131701   64.006559000   22.965472475    4.855184580
    2.379994435   -0.698131701   65.875495998   -3.052911065    4.614185940
    2.570393989   -0.698131701   63.092241628  -25.241965680    4.515077326
    2.760793544   -0.698131701   56.720222893  -40.334928057    4.325824930
    2.951193099   -0.698131701   48.318682416  -46.412106967    3.794396127

   -3.141592654   -0.349065850   40.190463739  -46.378899355    1.861462451
   -2.951193099   -0.349065850   32.186484358  -36.871153604   -0.289592891
   -2.760793544   -0.349065850   26.418248852  -23.544856135   -2.928780863
   -2.570393989   -0.349065850   23.176023682  -11.075271328   -5.878887122
   -2.379994435   -0.349065850   21.900255914   -3.362322510   -8.990803681
   -2.189594880   -0.349065850   21.486142529   -2.030915779  -12.196194707
   -1.999195325   -0.349065850   20.803650914   -5.715096855  -15.434606238
   -1.808795770   -0.349065850   19.221219021  -10.767713637  -18.490687417
   -1.618396215   -0.349065850   16.884572279  -12.980577004  -20.896864485
   -1.427996661   -0.349065850   14.642410347   -9.505280593  -22.036259030
   -1.237597106   -0.349065850   13.644645662   -0.113387468  -21.426654024
   -1.047197551   -0.349065850   14.821221164   12.738085339  -19.006849954
   -0.856797996   -0.349065850   18.460284196   24.937994233  -15.232550795
   -0.666398442   -0.349065850   24.013343005   32.153004230  -10.905010338
   -0.475998887   -0.349065850   30.200529060   31.230897939   -6.851815482
   -0.285599332   -0.349065850   35.330227859   21.071131972   -3.625518290
   -0.095199777   -0.349065850   37.742420561    3.174522068   -1.322678567
    0.095199777   -0.349065850   36.318944762  -18.304266731    0.403525052
    0.285599332   -0.349065850   30.953930306  -37.056651315    2.147870201
    0.475998887   -0.349065850   22.834943283  -46.188327755    4.418111656
    0.666398442   -0.349065850   14.317709104  -40.700075464    7.323826357
    0.856797996   -0.349065850    8.314156448  -20.237141726   10.464955939
    1.047197551   -0.349065850    7.264610653   10.095846421   13.094178789
    1.237597106   -0.349065850   12.217814472   41.143465928   14.521991811
    1.427996661   -0.349065850   22.394797736   63.635441241   14.451075361
    1.618396215   -0.349065850   35.535684352   71.743218726   13.100458357
    1.808795770   -0.349065850   48.755959746   64.766030070   11.051855795
    1.999195325   -0.349065850   59.466292712   46.217192306    8.951333008
    2.189594880   -0.349065850   65.968240693   21.496489358    7.243124602
    2.379994435   -0.349065850   67.604878224   -4.063159680    6.057258124
    2.570393989   -0.349065850   64.645977378  -26.155175826    5.240015602
    2.760793544   -0.349065850   58.070720744  -41.641012646    4.475814185
    2.951193099   -0.349065850   49.349913371  -48.509098123    3.426828879

   -3.141592654    0.000000000   40.593139250  -49.656312259    0.235041463
   -2.951193099    0.000000000   31.884412021  -40.957607650   -1.711076997
   -2.760793544    0.000000000   25.275859272  -28.229532169   -3.917382187
   -2.570393989    0.000000000   21.105921440  -16.091045596   -6.279742101
   -2.379994435    0.000000000   18.858879850   -8.523133604   -8.731368397
   -2.189594880    0.000000000   17.458825245   -7.194823153  -11.250612381
   -1.999195325    0.000000000   15.815860917  -10.555135333  -13.758743293
   -1.808795770    0.000000000   13.396987783  -14.554688277  -15.973061210
   -1.618396215    0.000000000   10.521802613  -14.666098239  -17.371055525
   -1.427996661    0.000000000    8.235584524   -8.171216199  -17.368303460
   -1.237597106    0.000000000    7.803083028    4.444840299  -15.640073965
   -1.047197551    0.000000000   10.099388805   19.727336773  -12.374021545
   -0.856797996    0.000000000   15.180678121   32.804987972   -8.265727566
   -0.666398442    0.000000000   22.178320162   39.207665750   -4.221393936
   -0.475998887    0.000000000   29.532724776   36.310264553   -0.965429173
   -0.285599332    0.000000000   35.416593673   23.956654373    1.250460407
   -0.095199777    0.000000000   38.222573228    4.609782602    2.730729870
    0.095199777    0.000000000   37.040513019  -16.957689912    4.170045316
    0.285599332    0.000000000   32.034225494  -34.453128060    6.321276768
    0.475998887    0.000000000   24.591393234  -41.674929126    9.585117833
    0.666398442    0.000000000   17.089120218  -34.729732072   13.731924217
    0.856797996    0.000000000   12.254681398  -14.237291810   17.911344787
    1.047197551    0.000000000   12.213971465   14.421645872   20.995379303
    1.237597106    0.000000000   17.730950369   42.623949701   22.121988623
    1.427996661    0.000000000   27.899654287   62.139292865   21.072908836
    1.618396215    0.000000000   40.533346021   68.111747701   18.318517174
    1.808795770    0.000000000   52.960334858   60.288290535   14.735019872
    1.999195325    0.000000000   62.830707940   42.026904934   11.195574439
    2.189594880    0.000000000   68.614657847   18.197509239    8.261121258
    2.379994435    0.000000000   69.713598221   -6.451507215    6.088936163
    2.570393989    0.000000000   66.357618121  -28.027830905    4.513899879
    2.760793544    0.000000000   59.430424136  -43.564546296    3.211420184
    2.951193099    0.000000000   50.297837115  -50.971637614    1.855002897

   -3.141592654    0.349065850   41.637008840  -51.705894185   -0.657093760
   -2.951193099    0.349065850   32.471326103  -43.684805639   -1.946149198
   -2.760793544    0.349065850   25.283353285  -31.549889489   -3.264489506
   -2.570393989    0.349065850   20.437696588  -19.834922402   -4.612772604
   -2.379994435    0.349065850   17.449463445  -12.536786364   -6.024966052
   -2.189594880    0.349065850   15.273149026  -11.288950242   -7.538399310
   -1.999195325    0.349065850   12.873435919  -14.309612876   -9.088848306
   -1.808795770    0.349065850    9.830956155  -17.193731000  -10.404883783
   -1.618396215    0.349065850    6.636128316  -15.230579614  -11.024551563
   -1.427996661    0.349065850    4.497384694   -6.002436693  -10.491610760
   -1.237597106    0.349065850    4.733933035    9.197726960   -8.638099918
   -1.047197551    0.349065850    8.101796360   25.980091209   -5.758381295
   -0.856797996    0.349065850   14.389592722   38.952046275   -2.529318826
   -0.666398442    0.349065850   22.430774035   43.846796818    0.320377892
   -0.475998887    0.349065850   30.471466680   38.871438957    2.366219848
   -0.285599332    0.349065850   36.677614528   24.946028338    3.689845739
   -0.095199777    0.349065850   39.625985261    5.381534980    4.846183099
    0.095199777    0.349065850   38.701475588  -14.765825593    6.597310320
    0.285599332    0.349065850   34.347328004  -29.682873057    9.546522909
    0.475998887    0.349065850   28.072306007  -34.291450394   13.776936590
    0.666398442    0.349065850   22.129673494  -26.056976720   18.695573014
    0.856797996    0.349065850   18.895218284   -6.528227953   23.174553209
    1.047197551    0.349065850   20.050491403   18.960476473   25.991305748
    1.237597106    0.349065850   26.022934134   42.795423399   26.371979415
    1.427996661    0.349065850   35.817853628   58.210229067   24.304721950
    1.618396215    0.349065850   47.423071274   61.548464412   20.478111035
    1.808795770    0.349065850   58.501012894   52.996103740   15.920954845
    1.999195325    0.349065850   67.043622486   35.581567999   11.569496938
    2.189594880    0.349065850   71.752299214   13.416505646    7.983811060
    2.379994435    0.349065850   72.108209711   -9.524128164    5.302267593
    2.570393989    0.349065850   68.293670756  -29.885312840    3.364117625
    2.760793544    0.349065850   61.072404222  -44.920376268    1.884722940
    2.951193099    0.349065850   51.676243565  -52.467484475    0.598847190

   -3.141592654    0.698131701   42.454717137  -53.171251709   -2.089132662
   -2.951193099    0.698131701   32.977753166  -45.466113567   -2.561871662
   -2.760793544    0.698131701   25.423478609  -33.587004912   -2.820142973
   -2.570393989    0.698131701   20.173671514  -22.019383663   -2.969049688
   -2.379994435    0.698131701   16.761455424  -14.792116132   -3.148455816
   -2.189594880    0.698131701   14.155179202  -13.523998548   -3.479217804
   -1.999195325    0.698131701   11.349529601  -16.276344504   -3.970651213
   -1.808795770    0.698131701    7.994588763  -18.412121658   -4.460100581
   -1.618396215    0.698131701    4.684992196  -15.132957027   -4.649581185
   -1.427996661    0.698131701    2.718774007   -4.277701603   -4.254607087
   -1.237597106    0.698131701    3.423247893   12.288254838   -3.183094769
   -1.047197551    0.698131701    7.447495118   29.606177564   -1.620685471
   -0.856797996    0.698131701   14.394988207   42.103983028    0.055819995
   -0.666398442    0.698131701   22.935270832   45.892691120    1.516705498
   -0.475998887    0.698131701   31.264500707   39.944974626    2.690575547
   -0.285599332    0.698131701   37.650798128   25.966558794    3.842371341
   -0.095199777    0.698131701   40.893115781    7.671559676    5.482058241
    0.095199777    0.698131701   40.621034039  -10.058500182    8.113686914
    0.285599332    0.698131701   37.430273260  -22.205828805   11.958021999
    0.475998887    0.698131701   32.787793418  -24.856387391   16.723546823
    0.666398442    0.698131701   28.682803624  -16.575043485   21.589759965
    0.856797996    0.698131701   27.069992283    0.627255192   25.423368844
    1.047197551    0.698131701   29.209059125   21.909745407   27.208209112
    1.237597106    0.698131701   35.281137243   40.922045306   26.470211709
    1.427996661    0.698131701   44.315129264   52.338406224   23.459923227
    1.618396215    0.698131701   54.560986427   53.484083283   18.995363802
    1.808795770    0.698131701   64.054041216   44.718076954   14.089990195
    1.999195325    0.698131701   71.122286236   28.552965132    9.576063285
    2.189594880    0.698131701   74.669484403    8.284835406    5.900510020
    2.379994435    0.698131701   74.227657416  -12.833645006    3.138093170
    2.570393989    0.698131701   69.917523903  -31.889898026    1.139866093
    2.760793544    0.698131701   62.386858348  -46.270651632   -0.302609849
    2.951193099    0.698131701   52.750036219  -53.710775621   -1.350804310

   -3.141592654    1.047197551   40.586482168  -54.074279512   -5.469802022
   -2.951193099    1.047197551   31.028156191  -45.407692325   -5.095295035
   -2.760793544    1.047197551   23.564571047  -32.730723159   -4.222296032
   -2.570393989    1.047197551   18.526275330  -20.720393186   -3.113410865
   -2.379994435    1.047197551   15.368697059  -13.485813060   -2.045390302
   -2.189594880    1.047197551   12.982988452  -12.551571381   -1.225596548
   -1.999195325    1.047197551   10.320648277  -15.734508232   -0.734189178
   -1.808795770    1.047197551    7.039817919  -18.129174968   -0.523671206
   -1.618396215    1.047197551    3.784242123  -14.799884181   -0.465248563
   -1.427996661    1.047197551    1.906356690   -3.665007915   -0.419693960
   -1.237597106    1.047197551    2.755840993   13.169443412   -0.290620640
   -1.047197551    1.047197551    6.958030167   30.538097516   -0.038127687
   -0.856797996    1.047197551   14.070739928   42.888745646    0.358273758
   -0.666398442    1.047197551   22.750319567   46.619510810    0.981306328
   -0.475998887    1.047197551   31.249715733   41.114911789    2.017391349
   -0.285599332    1.047197551   37.963605716   28.379418400    3.738196974
   -0.095199777    1.047197551   41.845102533   12.069389179    6.413503528
    0.095199777    1.047197551   42.626867638   -3.398076521   10.149624442
    0.285599332    1.047197551   40.885650985  -13.805737819   14.740651603
    0.475998887    1.047197551   37.905216629  -16.080552645   19.583852127
    0.666398442    1.047197551   35.357315157   -9.323670551   23.773510512
    0.856797996    1.047197551   34.835038569    4.582327400   26.343378727
    1.047197551    1.047197551   37.328896574   21.613414281   26.632629577
    1.237597106    1.047197551   42.948684286   36.609447193   24.550377133
    1.427996661    1.047197551   50.872123754   45.255108075   20.614792272
    1.618396215    1.047197551   59.638950922   45.308885833   15.706204406
    1.808795770    1.047197551   67.590586212   36.895543908   10.713056291
    1.999195325    1.047197551   73.272849127   21.894217213    6.248042189
    2.189594880    1.047197551   75.680113466    2.954135170    2.562210953
    2.379994435    1.047197551   74.334812600  -17.043768097   -0.354867268
    2.570393989    1.047197551   69.307676446  -35.245967669   -2.598780688
    2.760793544    1.047197551   61.207870020  -48.891165502   -4.219102281
    2.951193099    1.047197551   51.144772039  -55.537220011   -5.189350900

   -3.141592654    1.396263402   36.400068847  -54.533377208  -10.734856358
   -2.951193099    1.396263402   26.929768329  -44.041101618  -10.350195919
   -2.760793544    1.396263402   19.872425405  -29.923865720   -9.098408266
   -2.570393989    1.396263402   15.453307172  -17.145201616   -7.256672262
   -2.379994435    1.396263402   12.991409197   -9.866274220   -5.165996785
   -2.189594880    1.396263402   11.252046395   -9.457043337   -3.123018493
   -1.999195325    1.396263402    9.101039836  -13.492893519   -1.327833745
   -1.808795770    1.396263402    6.155876744  -16.848581260    0.098731207
   -1.618396215    1.396263402    3.057073243  -14.415269341    1.077632770
   -1.427996661    1.396263402    1.183123828   -3.967760524    1.568839130
   -1.237597106    1.396263402    1.936900531   12.527305477    1.619246164
   -1.047197551    1.396263402    6.022076378   30.023077334    1.404521923
   -0.856797996    1.396263402   13.091838352   43.040463704    1.225201270
   -0.666398442    1.396263402   21.907282527   47.977451035    1.454444840
   -0.475998887    1.396263402   30.817245973   44.124252498    2.438774039
   -0.285599332    1.396263402   38.282667620   33.278446678    4.402838611
   -0.095199777    1.396263402   43.269802195   18.724182287    7.375070423
    0.095199777    1.396263402   45.440373148    4.385742076   11.121895163
    0.285599332    1.396263402   45.202227935   -6.034029733   15.129626880
    0.475998887    1.396263402   43.585240895   -9.773651472   18.669698086
    0.666398442    1.396263402   41.985976208   -5.858095347   20.982770203
    0.856797996    1.396263402   41.783430122    4.418157765   21.503384586
    1.047197551    1.396263402   43.901781287   17.925298969   20.087150304
    1.237597106    1.396263402   48.554979104   30.357731580   17.053369692
    1.427996661    1.396263402   55.152435265   37.812126174   13.064817342
    1.618396215    1.396263402   62.490184366   37.905780910    8.839276568
    1.808795770    1.396263402   69.096280982   30.225744039    4.897961434
    1.999195325    1.396263402   73.590131159   16.059599624    1.448601687
    2.189594880    1.396263402   74.947449727   -2.288478158   -1.554988916
    2.379994435    1.396263402   72.641127190  -21.912817624   -4.244478526
    2.570393989    1.396263402   66.724180681  -39.679908587   -6.670395513
    2.760793544    1.396263402   57.849816300  -52.497432263   -8.720587300
    2.951193099    1.396263402   47.220583533  -57.777076918  -10.155413070

   -3.141592654    1.745329252   30.845657030  -55.269972050  -15.981609651
   -2.951193099    1.745329252   21.450229905  -42.531531563  -15.907427299
   -2.760793544    1.745329252   14.868634009  -26.541239741  -14.594614376
   -2.570393989    1.745329252   11.214090572  -12.639946269  -12.270252921
   -2.379994435    1.745329252    9.649869216   -5.075628058   -9.291684349
   -2.189594880    1.745329252    8.792742097   -5.081203347   -6.009896943
   -1.999195325    1.745329252    7.394560990  -10.030895022   -2.708295987
   -1.808795770    1.745329252    4.993488250  -14.643109417    0.370010723
   -1.618396215    1.745329252    2.179767336  -13.642825121    2.976951414
   -1.427996661    1.745329252    0.322144218   -4.524877502    4.883498998
   -1.237597106    1.745329252    0.881547361   11.153053776    5.985081043
   -1.047197551    1.745329252    4.697665581   28.729204587    6.394619913
   -0.856797996    1.745329252   11.612274161   42.865842750    6.440010351
   -0.666398442    1.745329252   20.571266006   49.761607893    6.557500492
   -0.475998887    1.745329252   30.041507671   48.231251598    7.128252278
   -0.285599332    1.745329252   38.497110741   39.483023767    8.343293363
   -0.095199777    1.745329252   44.805616427   26.227397843   10.129888617
    0.095199777    1.745329252   48.432417734   11.943332062   12.141767000
    0.285599332    1.745329252   49.524544199    0.133413272   13.824025489
    0.475998887    1.745329252   48.843517397   -6.285574537   14.581912139
    0.666398442    1.745329252   47.587177776   -5.800253658   14.011160484
    0.856797996    1.745329252   47.068474309    1.138635486   12.065006269
    1.047197551    1.745329252   48.311587054   12.209695882    9.112500639
    1.237597106    1.745329252   51.752888116   23.579164761    5.763818461
    1.427996661    1.745329252   57.062856286   31.238800743    2.627856104
    1.618396215    1.745329252   63.231248312   32.253669278    0.049133925
    1.808795770    1.745329252   68.855769764   25.516256016   -1.983216957
    1.999195325    1.745329252   72.507394257   11.824183374   -3.751805783
    2.189594880    1.745329252   73.057264575   -6.609073872   -5.615510272
    2.379994435    1.745329252   69.895228061  -26.581739528   -7.803545966
    2.570393989    1.745329252   63.069954629  -44.465245336  -10.292716439
    2.760793544    1.745329252   53.324057399  -56.716531664  -12.793579928
    2.951193099    1.745329252   42.011850517  -60.586348537  -14.844112377

   -3.141592654    2.094395102   24.358645187  -57.011225470  -16.902246988
   -2.951193099    2.094395102   14.866567270  -41.784837181  -16.842728923
   -2.760793544    2.094395102    8.659673910  -23.426871809  -15.471749351
   -2.570393989    2.094395102    5.780933848   -7.730856042  -12.967855996
   -2.379994435    2.094395102    5.264152997    0.895755381   -9.653278652
   -2.189594880    2.094395102    5.591784637    1.293021536   -5.845851698
   -1.999195325    2.094395102    5.402606585   -3.790237624   -1.805795153
   -1.808795770    2.094395102    4.137807421   -9.034567626    2.210109694
   -1.618396215    2.094395102    2.293649438   -9.145361762    5.873421012
   -1.427996661    2.094395102    1.159244814   -1.457484434    8.808799680
   -1.237597106    2.094395102    2.167919796   12.843811876   10.738673969
   -1.047197551    2.094395102    6.211746417   29.532156658   11.634783607
   -0.856797996    2.094395102   13.253557779   43.518603921   11.753514732
   -0.666398442    2.094395102   22.377550883   50.921308844   11.518190868
   -0.475998887    2.094395102   32.144261366   50.185633330   11.321237132
   -0.285599332    2.094395102   41.035196937   42.017623249   11.358579552
   -0.095199777    2.094395102   47.829223609   28.647040006   11.544068521
    0.095199777    2.094395102   51.827206445   13.240083552   11.535602595
    0.285599332    2.094395102   52.980880205   -0.661190183   10.853566028
    0.475998887    2.094395102   51.903659358   -9.671995208    9.109806137
    0.666398442    2.094395102   49.771778947  -11.483051225    6.238640939
    0.856797996    2.094395102   48.035398558   -5.713056520    2.595963687
    1.047197551    2.094395102   47.983786415    5.716006702   -1.123680007
    1.237597106    2.094395102   50.331738944   18.754888665   -4.197802464
    1.427996661    2.094395102   54.930728579   28.602856951   -6.170060058
    1.618396215    2.094395102   60.778480217   31.385676133   -7.048054422
    1.808795770    2.094395102   66.323293526   25.342590406   -7.254148983
    1.999195325    2.094395102   69.910110930   11.135487671   -7.403214762
    2.189594880    2.094395102   70.207694184   -8.657316995   -8.033109551
    2.379994435    2.094395102   66.504053662  -30.191889037   -9.404976949
    2.570393989    2.094395102   58.874997945  -49.162841186  -11.434102966
    2.760793544    2.094395102   48.205699949  -61.518932902  -13.733001256
    2.951193099    2.094395102   36.060412920  -64.344413224  -15.739940350

   -3.141592654    2.443460953   18.777170785  -58.404963459  -11.266979003
   -2.951193099    2.443460953    9.217168391  -41.079665118  -10.602574731
   -2.760793544    2.443460953    3.348184899  -20.633403625   -8.927418139
   -2.570393989    2.443460953    1.172532319   -3.228976704   -6.380954263
   -2.379994435    2.443460953    1.636540835    6.615974034   -3.185827147
   -2.189594880    2.443460953    3.136039590    7.821841650    0.477132209
   -1.999195325    2.443460953    4.240117668    3.204295786    4.480863158
   -1.808795770    2.443460953    4.318399953   -2.013119436    8.651601908
   -1.618396215    2.443460953    3.766214192   -2.713768365   12.655849610
   -1.427996661    2.443460953    3.747152798    3.725396446   16.017028999
   -1.237597106    2.443460953    5.588498672   16.368354667   18.284864181
   -1.047197551    2.443460953   10.145317434   31.434854342   19.242240290
   -0.856797996    2.443460953   17.426281934   44.210607089   18.993728012
   -0.666398442    2.443460953   26.609291929   50.918906994   17.871733497
   -0.475998887    2.443460953   36.337993454   49.807364668   16.242242557
   -0.285599332    2.443460953   45.119537704   41.195592371   14.330815642
   -0.095199777    2.443460953   51.680988847   26.930021985   12.130711977
    0.095199777    2.443460953   55.215302727    9.973899162    9.444038552
    0.285599332    2.443460953   55.559265165   -5.948646651    6.021917142
    0.475998887    2.443460953   53.284763052  -16.878585851    1.795474924
    0.666398442    2.443460953   49.661754817  -19.724787324   -2.942103060
    0.856797996    2.443460953   46.372353923  -13.492723593   -7.527634742
    1.047197551    2.443460953   45.007514259   -0.073820897  -11.128544247
    1.237597106    2.443460953   46.523663210   15.889656371  -13.118984589
    1.427996661    2.443460953   50.857401594   28.589219220  -13.348831850
    1.618396215    2.443460953   56.899757527   33.227390433  -12.214697093
    1.808795770    2.443460953   62.857278270   27.593054776  -10.467209720
    1.999195325    2.443460953   66.802500365   12.468703982   -8.894461819
    2.189594880    2.443460953   67.198853433   -9.020713816   -8.047543823
    2.379994435    2.443460953   63.251367022  -32.342027101   -8.108499112
    2.570393989    2.443460953   55.079972362  -52.574630400   -8.909691701
    2.760793544    2.443460953   43.712894970  -65.256071614  -10.038624930
    2.951193099    2.443460953   30.909010961  -67.356814315  -10.979640899

   -3.141592654    2.792526803   16.276461841  -57.947499093    1.029214083
   -2.951193099    2.792526803    6.923016483  -39.364802239    2.762939568
   -2.760793544    2.792526803    1.502733055  -17.664912024    4.682050049
   -2.570393989    2.792526803    0.000000000    0.832770305    6.685585767
   -2.379994435    2.792526803    1.329418194   11.627049776    8.768540392
   -2.189594880    2.792526803    3.868690187   13.724901080   11.062165960
   -1.999195325    2.792526803    6.175392822    9.899506981   13.738214581
   -1.808795770    2.792526803    7.577260527    5.096549662   16.822864946
   -1.618396215    2.792526803    8.360912993    4.054412343   20.044872468
   -1.427996661    2.792526803    9.521860573    9.194601439   22.860239763
   -1.237597106    2.792526803   12.216337155   19.765190484   24.660765029
   -1.047197551    2.792526803   17.195758397   32.478613752   25.042190808
   -0.856797996    2.792526803   24.466072955   43.121817982   23.955085220
   -0.666398442    2.792526803   33.276984312   48.176775356   21.650908761
   -0.475998887    2.792526803   42.361067474   45.828348103   18.503846979
   -0.285599332    2.792526803   50.280846076   36.119925032   14.829846479
   -0.095199777    2.792526803   55.762761866   20.636439450   10.775171871
    0.095199777    2.792526803   57.967195816    2.277738005    6.346505922
    0.285599332    2.792526803   56.716404511  -14.947421986    1.531820849
    0.475998887    2.792526803   52.651626747  -26.518504553   -3.510128344
    0.666398442    2.792526803   47.227842250  -28.749625782   -8.343083635
    0.856797996    2.792526803   42.398135790  -20.386316130  -12.306256196
    1.047197551    2.792526803   40.020414068   -3.677784581  -14.744306142
    1.237597106    2.792526803   41.195184633   15.879247105  -15.323667403
    1.427996661    2.792526803   45.819602237   31.470240970  -14.190751665
    1.618396215    2.792526803   52.577267009   37.607910121  -11.915875984
    1.808795770    2.792526803   59.389479640   31.965828794   -9.240910725
    1.999195325    2.792526803   64.073147339   15.720405840   -6.789724191
    2.189594880    2.792526803   64.938917694   -7.361630988   -4.885552807
    2.379994435    2.792526803   61.160941612  -32.153673744   -3.532122760
    2.570393989    2.792526803   52.924664685  -53.332523862   -2.517731138
    2.760793544    2.792526803   41.379372466  -66.247944420   -1.558165770
    2.951193099    2.792526803   28.420892943  -67.891482964   -0.414865818
