#! FIELDS phi psi file.free der_phi der_psi
#! SET min_phi -pi
#! SET max_phi pi
#! SET nbins_phi  33
#! SET periodic_phi true
#! SET min_psi -pi
#! SET max_psi pi
#! SET nbins_psi  18
#! SET periodic_psi true
   -3.141592654   -3.141592654   17.778629311  -53.447375033   17.136761181
   -2.951193099   -3.141592654    9.360448819  -34.373259971   19.446831686
   -2.760793544   -3.141592654    4.806235723  -13.816950109   20.851907110
   -2.570393989   -3.141592654    3.856076590    2.721096674   21.530421697
   -2.379994435   -3.141592654    5.385427296   11.984988532   21.927366127
   -2.189594880   -3.141592654    7.953986174   13.919205096   22.632679654
   -1.999195325   -3.141592654   10.406845956   11.439373760   24.144096141
   -1.808795770   -3.141592654   12.306250160    8.821017078   26.611172260
   -1.618396215   -3.141592654   14.002383073    9.786799001   29.695023404
   -1.427996661   -3.141592654   16.375565545   15.971188127   32.652975722
   -1.237597106   -3.141592654   20.369103275   26.426869483   34.617023061
   -1.047197551   -3.141592654   26.536742015   38.168096704   34.915221103
   -0.856797996   -3.141592654   34.761365425   47.387017875   33.274210155
   -0.666398442   -3.141592654   44.227670001   50.727678133   29.799194336
   -0.475998887   -3.141592654   53.599772555   46.186870662   24.840707458
   -0.285599332   -3.141592654   61.318391782   33.478889421   18.840079177
   -0.095199777   -3.141592654   65.942068953   14.117076211   12.224622743
    0.095199777   -3.141592654   66.499137559   -8.528611013    5.401264549
    0.285599332   -3.141592654   62.826723294  -29.386804602   -1.207654574
    0.475998887   -3.141592654   55.811858456  -42.671407579   -7.104590311
    0.666398442   -3.141592654   47.372208088  -43.785122856  -11.742491984
    0.856797996   -3.141592654   40.018882527  -31.442517700  -14.639626616
    1.047197551   -3.141592654   36.077688826   -8.866656796  -15.567544383
    1.237597106   -3.141592654   36.860918061   16.840813785  -14.690783578
    1.427996661   -3.141592654   42.156528497   37.197649484  -12.512870007
    1.618396215   -3.141592654   50.264092867   45.573119182   -9.653941549
    1.808795770   -3.141592654   58.583063998   39.380527951   -6.589582307
    1.999195325   -3.141592654   64.451365732   20.493256839   -3.510322045
    2.189594880   -3.141592654   65.908321499   -5.905590626   -0.359960816
    2.379994435   -3.141592654   62.152446954  -33.118503366    3.002374936
    2.570393989   -3.141592654   53.653857876  -54.774313225    6.630904842
    2.760793544   -3.141592654   41.951963067  -66.200587777   10.400718164
    2.951193099   -3.141592654   29.234988552  -65.391029792   14.023240297

   -3.141592654   -2.792526803   25.311293785  -49.344076496   25.446632633
   -2.951193099   -2.792526803   17.486668114  -32.257291931   27.462624885
   -2.760793544   -2.792526803   13.162934673  -13.426687095   28.240491923
   -2.570393989   -2.792526803   12.180928414    2.159954059   28.113949006
   -2.379994435   -2.792526803   13.600355856   11.589265683   27.680779714
   -2.189594880   -2.792526803   16.200507168   14.810724549   27.616111288
   -1.999195325   -2.792526803   19.005614187   14.305258096   28.412629705
   -1.808795770   -2.792526803   21.637141028   13.551834671   30.142192324
   -1.618396215   -2.792526803   24.338127075   15.383671756   32.362941692
   -1.427996661   -2.792526803   27.732559494   20.813759527   34.242805942
   -1.237597106   -2.792526803   32.437179351   28.800686433   34.865358397
   -1.047197551   -2.792526803   38.714621124   36.811727773   33.565498169
   -0.856797996   -2.792526803   46.278685136   41.800073539   30.147647300
   -0.666398442   -2.792526803   54.295649805   41.207130485   24.875860006
   -0.475998887   -2.792526803   61.548687740   33.652534837   18.326241498
   -0.285599332   -2.792526803   66.693047629   19.212307378   11.188818180
   -0.095199777   -2.792526803   68.546931291   -0.467743094    4.101419575
    0.095199777   -2.792526803   66.405425517  -22.070244913   -2.415872921
    0.285599332   -2.792526803   60.350764694  -40.675699464   -7.958440775
    0.475998887   -2.792526803   51.479885661  -50.737734817  -12.187739545
    0.666398442   -2.792526803   41.863728950  -48.005218428  -14.831066505
    0.856797996   -2.792526803   34.084711263  -31.713875050  -15.728233546
    1.047197551   -2.792526803   30.427783361   -5.733061400  -14.934244662
    1.237597106   -2.792526803   32.047650157   22.299378649  -12.772093461
    1.427996661   -2.792526803   38.503530621   43.741892155   -9.747436084
    1.618396215   -2.792526803   47.880069299   52.255093383   -6.342962643
    1.808795770   -2.792526803   57.449062055   45.824686361   -2.833501467
    1.999195325   -2.792526803   64.530416501   26.845424303    0.773573352
    2.189594880   -2.792526803   67.216836305    0.707828101    4.633959047
    2.379994435   -2.792526803   64.762356616  -26.064048453    8.877412568
    2.570393989   -2.792526803   57.636159060  -47.489084656   13.446975683
    2.760793544   -2.792526803   47.300363664  -59.265944835   18.044119764
    2.951193099   -2.792526803   35.812312844  -59.556691509   22.203698086

   -3.141592654   -2.443460953   33.985183330  -45.088317638   22.818980694
   -2.951193099   -2.443460953   26.759698668  -30.223968170   24.375630308
   -2.760793544   -2.443460953   22.632399242  -13.297936368   24.924546048
   -2.570393989   -2.443460953   21.555999427    1.210595588   24.786911099
   -2.379994435   -2.443460953   22.777792886   10.645719403   24.447439990
   -2.189594880   -2.443460953   25.277790943   14.829176420   24.382339465
   -1.999195325   -2.443460953   28.216474535   15.697370397   24.864003092
   -1.808795770   -2.443460953   31.219253425   15.928594072   25.804164733
   -1.618396215   -2.443460953   34.379874764   17.602760218   26.731060608
   -1.427996661   -2.443460953   38.061308905   21.364033830   26.931612582
   -1.237597106   -2.443460953   42.601975499   26.361410568   25.727549219
   -1.047197551   -2.443460953   48.071281116   30.744395347   22.747776354
   -0.856797996   -2.443460953   54.145500876   32.339639775   18.080198719
   -0.666398442   -2.443460953   60.111927092   29.349988641   12.208979045
   -0.475998887   -2.443460953   64.990156959   20.830997779    5.831143888
   -0.285599332   -2.443460953   67.718725184    6.898651201   -0.357946746
   -0.095199777   -2.443460953   67.374891294  -11.065239976   -5.824632787
    0.095199777   -2.443460953   63.443664754  -30.175829260  -10.246248577
    0.285599332   -2.443460953   56.112004520  -45.947669766  -13.479187725
    0.475998887   -2.443460953   46.509411019  -53.167466082  -15.482254815
    0.666398442   -2.443460953   36.685868608  -47.795430994  -16.266090865
    0.856797996   -2.443460953   29.167777002  -29.250226192  -15.870429029
    1.047197551   -2.443460953   26.148679557   -1.588859643  -14.404617474
    1.237597106   -2.443460953   28.661529105   27.424860643  -12.081666219
    1.427996661   -2.443460953   36.135165516   49.226445531   -9.193792362
    1.618396215   -2.443460953   46.560204297   57.763341538   -6.006955662
    1.808795770   -2.443460953   57.181660100   51.410276680   -2.668308490
    1.999195325   -2.443460953   65.359594834   32.837181353    0.822391107
    2.189594880   -2.443460953   69.253988980    7.433938903    4.544288863
    2.379994435   -2.443460953   68.156920870  -18.566020075    8.532363284
    2.570393989   -2.443460953   62.504542919  -39.614552538   12.675917377
    2.760793544   -2.443460953   53.646441285  -51.773045699   16.691697510
    2.951193099   -2.443460953   43.479119956  -53.331395427   20.193057704

   -3.141592654   -2.094395102   40.070568382  -41.919377521   13.528484769
   -2.951193099   -2.094395102   33.316090882  -28.434249638   14.605219516
   -2.760793544   -2.094395102   29.417602336  -12.616922492   15.178819006
   -2.570393989   -2.094395102   28.404620141    1.294909019   15.405534805
   -2.379994435   -2.094395102   29.631310297   10.698082803   15.460615790
   -2.189594880   -2.094395102   32.169981928   15.214783237   15.450154586
   -1.999195325   -2.094395102   35.211831581   16.339327438   15.344097788
   -1.808795770   -2.094395102   38.316094016   16.213541471   14.947141154
   -1.618396215   -2.094395102   41.417523337   16.514655819   13.950446118
   -1.427996661   -2.094395102   44.676376459   17.870810524   12.045941543
   -1.237597106   -2.094395102   48.270875427   19.885247764    9.076468464
   -1.047197551   -2.094395102   52.231985405   21.498959911    5.134591201
   -0.856797996   -2.094395102   56.356662335   21.334925334    0.571951105
   -0.666398442   -2.094395102   60.176313738   18.070740822   -4.115273802
   -0.475998887   -2.094395102   62.999727817   10.756206517   -8.431610012
   -0.285599332   -2.094395102   64.011852866   -0.922686748  -12.004280884
   -0.095199777   -2.094395102   62.431949120  -16.207268378  -14.649160309
    0.095199777   -2.094395102   57.768327074  -32.783693585  -16.365307764
    0.285599332   -2.094395102   50.141738464  -46.524708244  -17.276531498
    0.475998887   -2.094395102   40.575822859  -52.290906931  -17.548965696
    0.666398442   -2.094395102   31.021947106  -45.886931535  -17.312354381
    0.856797996   -2.094395102   23.946399469  -26.520073056  -16.598289843
    1.047197551   -2.094395102   21.517112767    1.879660737  -15.363599799
    1.237597106   -2.094395102   24.754130714   31.546013744  -13.558556781
    1.427996661   -2.094395102   33.065038837   53.871099592  -11.209810572
    1.618396215   -2.094395102   44.413199280   62.789628319   -8.426032823
    1.808795770   -2.094395102   56.021278200   56.733694614   -5.367153052
    1.999195325   -2.094395102   65.241368747   38.453892839   -2.185536131
    2.189594880   -2.094395102   70.234987356   13.347650734    1.004045511
    2.379994435   -2.094395102   70.285995320  -12.459010172    4.112788515
    2.570393989   -2.094395102   65.794426275  -33.597811403    7.045442739
    2.760793544   -2.094395102   58.040025479  -46.283805459    9.679074542
    2.951193099   -2.094395102   48.830857738  -48.836460634   11.876573129

   -3.141592654   -1.745329252   42.647014491  -39.973815952    4.240971154
   -2.951193099   -1.745329252   36.204007523  -27.113241275    4.837596617
   -2.760793544   -1.745329252   32.500276059  -11.887625210    5.332662525
   -2.570393989   -1.745329252   31.573850296    1.481238591    5.686111633
   -2.379994435   -1.745329252   32.783874367   10.320812420    5.780140278
   -2.189594880   -1.745329252   35.184916003   14.101255093    5.426276341
   -1.999195325   -1.745329252   37.917569243   14.135413974    4.414161460
   -1.808795770   -1.745329252   40.463483469   12.488858910    2.579988823
   -1.618396215   -1.745329252   42.684476139   10.967928564   -0.114981113
   -1.427996661   -1.745329252   44.715388533   10.572305400   -3.540718970
   -1.237597106   -1.745329252   46.794407371   11.402510175   -7.393843792
   -1.047197551   -1.745329252   49.103369801   12.825410819  -11.253135815
   -0.856797996   -1.745329252   51.650709883   13.631444680  -14.667228827
   -0.666398442   -1.745329252   54.176983841   12.321106440  -17.273042523
   -0.475998887   -1.745329252   56.137977249    7.495611580  -18.874825064
   -0.285599332   -1.745329252   56.768067000   -1.718231746  -19.475753571
   -0.095199777   -1.745329252   55.234454963  -15.041011438  -19.258859852
    0.095199777   -1.745329252   50.918185691  -30.439096074  -18.529814945
    0.285599332   -1.745329252   43.782624358  -43.830993451  -17.627759811
    0.475998887   -1.745329252   34.710420824  -49.873855456  -16.828120411
    0.666398442   -1.745329252   25.568560675  -43.977059833  -16.252595305
    0.856797996   -1.745329252   18.820485335  -24.927862863  -15.803849347
    1.047197551   -1.745329252   16.700039986    3.621744466  -15.214909444
    1.237597106   -1.745329252   20.322489804   33.908894463  -14.172615176
    1.427996661   -1.745329252   29.166393813   57.111887700  -12.492428550
    1.618396215   -1.745329252   41.213795990   66.847394516  -10.201591885
    1.808795770   -1.745329252   53.650261865   61.303893897   -7.529629923
    1.999195325   -1.745329252   63.759747572   43.153025200   -4.802494702
    2.189594880   -1.745329252   69.634847661   17.854409787   -2.312984005
    2.379994435   -1.745329252   70.509706277   -8.342353135   -0.237450604
    2.570393989   -1.745329252   66.757675505  -29.960471629    1.381181973
    2.760793544   -1.745329252   59.646917448  -43.169556340    2.599695574
    2.951193099   -1.745329252   50.978280746  -46.283540699    3.519342028

   -3.141592654   -1.396263402   40.964619403  -40.423527981    1.822308511
   -2.951193099   -1.396263402   34.472643396  -27.162887638    1.848367383
   -2.760793544   -1.396263402   30.801498206  -11.524146384    1.801408770
   -2.570393989   -1.396263402   29.965083335    1.993721740    1.582780900
   -2.379994435   -1.396263402   31.246102410   10.441900211    0.981165635
   -2.189594880   -1.396263402   33.576879360   13.117196278   -0.287038605
   -1.999195325   -1.396263402   35.961085188   11.363522586   -2.473613120
   -1.808795770   -1.396263402   37.776291455    7.570418236   -5.661597035
   -1.618396215   -1.396263402   38.867074523    4.103514042   -9.658839408
   -1.427996661   -1.396263402   39.468408212    2.608249685  -13.996984754
   -1.237597106   -1.396263402   40.029802199    3.666791721  -18.043824138
   -1.047197551   -1.396263402   41.002889745    6.759548150  -21.185818661
   -0.856797996   -1.396263402   42.648024783   10.357495284  -22.992678809
   -0.666398442   -1.396263402   44.860543714   12.310775915  -23.319692776
   -0.475998887   -1.396263402   47.112891789   10.455190999  -22.306800431
   -0.285599332   -1.396263402   48.519251600    3.280269541  -20.316426092
   -0.095199777   -1.396263402   48.030217687   -9.299315353  -17.835426208
    0.095199777   -1.396263402   44.770878507  -25.287169531  -15.362545215
    0.285599332   -1.396263402   38.471879115  -40.329214900  -13.298955601
    0.475998887   -1.396263402   29.864007132  -48.525914842  -11.865327456
    0.666398442   -1.396263402   20.787288787  -44.538865460  -11.060618026
    0.856797996   -1.396263402   13.821103043  -26.464287312  -10.659800973
    1.047197551   -1.396263402   11.418560854    2.409006866  -10.313488044
    1.237597106   -1.396263402   14.935257941   34.139726008   -9.671384672
    1.427996661   -1.396263402   24.007780788   59.282879640   -8.534295398
    1.618396215   -1.396263402   36.636602725   70.662433182   -6.907883578
    1.808795770   -1.396263402   49.889365373   65.876904943   -4.979684995
    1.999195325   -1.396263402   60.858407393   47.435760976   -3.025662252
    2.189594880   -1.396263402   67.455083696   21.047588734   -1.300633925
    2.379994435   -1.396263402   68.804849024   -6.564883962    0.035247221
    2.570393989   -1.396263402   65.265340847  -29.449674268    0.938303778
    2.760793544   -1.396263402   58.165094828  -43.480936301    1.464055817
    2.951193099   -1.396263402   49.401498934  -46.883279908    1.720442593

   -3.141592654   -1.047197551   38.259775427  -41.749615431    3.339617810
   -2.951193099   -1.047197551   31.562658819  -27.994497223    2.094212858
   -2.760793544   -1.047197551   27.771089621  -12.015444487    0.659310924
   -2.570393989   -1.047197551   26.837078221    1.350263934   -0.925654126
   -2.379994435   -1.047197551   27.925057296    8.928153973   -2.762066654
   -2.189594880   -1.047197551   29.826951464   10.024947782   -5.082028134
   -1.999195325   -1.047197551   31.438558160    6.324456996   -8.121326196
   -1.808795770   -1.047197551   32.123800512    0.845469643  -11.924393204
   -1.618396215   -1.047197551   31.844847825   -3.348791529  -16.196563154
   -1.427996661   -1.047197551   31.070316734   -4.138220909  -20.320629821
   -1.237597106   -1.047197551   30.532273248   -0.918844955  -23.545500675
   -1.047197551   -1.047197551   30.922405486    5.333217259  -25.251295716
   -0.856797996   -1.047197551   32.624811420   12.357468183  -25.152995429
   -0.666398442   -1.047197551   35.511482103   17.250818102  -23.369548567
   -0.475998887   -1.047197551   38.904340369   17.287803744  -20.350326755
   -0.285599332   -1.047197551   41.687914153   10.685264910  -16.729493470
   -0.095199777   -1.047197551   42.560427513   -2.603526804  -13.147699711
    0.095199777   -1.047197551   40.427067751  -20.284190991  -10.092030636
    0.285599332   -1.047197551   34.875069893  -37.520179701   -7.795073259
    0.475998887   -1.047197551   26.595274869  -47.835647177   -6.229228489
    0.666398442   -1.047197551   17.494942866  -45.343580548   -5.190084356
    0.856797996   -1.047197551   10.309619627  -27.803921547   -4.397719075
    1.047197551   -1.047197551    7.682905328    1.533526731   -3.616474407
    1.237597106   -1.047197551   11.136395592   34.411934630   -2.690501213
    1.427996661   -1.047197551   20.389091283   60.870436765   -1.572838596
    1.618396215   -1.047197551   33.420696069   73.198506804   -0.293020334
    1.808795770   -1.047197551   47.192539993   68.654009547    1.065825630
    1.999195325   -1.047197551   58.653127044   49.702850610    2.387927202
    2.189594880   -1.047197551   65.588366788   22.274180971    3.541740683
    2.379994435   -1.047197551   67.056417678   -6.547239697    4.395750495
    2.570393989   -1.047197551   63.418214756  -30.445296635    4.837947015
    2.760793544   -1.047197551   56.064705372  -45.059786550    4.801535130
    2.951193099   -1.047197551   46.985400544  -48.537386039    4.280515831

   -3.141592654   -0.698131701   37.829674874  -45.570962019    3.787788906
   -2.951193099   -0.698131701   30.377592180  -32.036552043    1.676771337
   -2.760793544   -0.698131701   25.821988117  -15.967560120   -0.655341476
   -2.570393989   -0.698131701   24.147036484   -2.508841159   -3.100703707
   -2.379994435   -0.698131701   24.483532261    4.814130111   -5.693558426
   -2.189594880   -0.698131701   25.538172106    5.163728489   -8.606484628
   -1.999195325   -0.698131701   26.129902126    0.477281263  -12.005128352
   -1.808795770   -0.698131701   25.632080380   -5.607750806  -15.822909295
   -1.618396215   -0.698131701   24.145941643   -9.352900466  -19.617146796
   -1.427996661   -0.698131701   22.381529000   -8.299003941  -22.645468337
   -1.237597106   -0.698131701   21.323498222   -2.068770065  -24.152452839
   -1.047197551   -0.698131701   21.824240738    7.652442918  -23.700404417
   -0.856797996   -0.698131701   24.273175880   17.741628760  -21.360460483
   -0.666398442   -0.698131701   28.393056925   24.591001708  -17.667983988
   -0.475998887   -0.698131701   33.254189172   25.113594707  -13.405277192
   -0.285599332   -0.698131701   37.459316119   17.572933287   -9.335265878
   -0.095199777   -0.698131701   39.470046916    2.341860575   -5.968230149
    0.095199777   -0.698131701   38.061067575  -17.616368767   -3.435859170
    0.285599332   -0.698131701   32.824556290  -36.759609079   -1.516888591
    0.475998887   -0.698131701   24.575887843  -48.110827714    0.181385256
    0.666398442   -0.698131701   15.407021402  -45.639350709    1.968871392
    0.856797996   -0.698131701    8.229290067  -27.355641920    3.903481335
    1.047197551   -0.698131701    5.789649158    3.054007002    5.772359417
    1.237597106   -0.698131701    9.628478944   36.877865628    7.275060106
    1.427996661   -0.698131701   19.411147745   63.884629668    8.208959361
    1.618396215   -0.698131701   33.032170071   76.294398050    8.582984202
    1.808795770   -0.698131701   47.368860601   71.429048842    8.577414736
    1.999195325   -0.698131701   59.302390842   51.851318397    8.411214790
    2.189594880   -0.698131701   66.567509049   23.556761914    8.213679830
    2.379994435   -0.698131701   68.181261507   -6.328176609    7.969286453
    2.570393989   -0.698131701   64.472699794  -31.414899014    7.544198845
    2.760793544   -0.698131701   56.819576332  -47.224265974    6.768348063
    2.951193099   -0.698131701   47.227708603  -51.708151360    5.519194761

   -3.141592654   -0.349065850   38.700470703  -50.208861443    3.592155135
   -2.951193099   -0.349065850   30.315820780  -37.111627111    0.636363931
   -2.760793544   -0.349065850   24.783858982  -21.088591839   -2.474183079
   -2.570393989   -0.349065850   22.143945878   -7.523600574   -5.542426047
   -2.379994435   -0.349065850   21.522711256   -0.283522527   -8.527993810
   -2.189594880   -0.349065850   21.570530361   -0.363193782  -11.546793319
   -1.999195325   -0.349065850   21.058337345   -5.554906903  -14.704304514
   -1.808795770   -0.349065850   19.404370004  -11.553453161  -17.853623985
   -1.618396215   -0.349065850   16.891331833  -13.938516676  -20.472961838
   -1.427996661   -0.349065850   14.502363795  -10.045322157  -21.806643391
   -1.237597106   -0.349065850   13.464508666   -0.024890479  -21.231520652
   -1.047197551   -0.349065850   14.715374690   13.371405942  -18.614070652
   -0.856797996   -0.349065850   18.515074794   25.936856628  -14.444173868
   -0.666398442   -0.349065850   24.287508422   33.430582340   -9.641654955
   -0.475998887   -0.349065850   30.746845900   32.794650557   -5.189618993
   -0.285599332   -0.349065850   36.205035488   22.928078848   -1.775255220
   -0.095199777   -0.349065850   38.991567329    5.185805015    0.434861660
    0.095199777   -0.349065850   37.941005199  -16.501022871    1.804366463
    0.285599332   -0.349065850   32.857835533  -36.025365429    3.025850085
    0.475998887   -0.349065850   24.817487980  -46.499894792    4.761939529
    0.666398442   -0.349065850   16.092149911  -42.585592642    7.292466012
    0.856797996   -0.349065850    9.612853744  -23.225814628   10.359599740
    1.047197551   -0.349065850    7.987205644    7.275954218   13.294382888
    1.237597106   -0.349065850   12.554755329   40.161071147   15.396296251
    1.427996661   -0.349065850   22.824813218   65.681363937   16.269059490
    1.618396215   -0.349065850   36.649108236   76.691330787   15.968853148
    1.808795770   -0.349065850   50.965954488   70.922159289   14.892820508
    1.999195325   -0.349065850   62.758986075   50.955659900   13.524803885
    2.189594880   -0.349065850   69.837934377   22.510614263   12.197128001
    2.379994435   -0.349065850   71.231805847   -7.634758595   10.982992050
    2.570393989   -0.349065850   67.224772587  -33.305263394    9.729745473
    2.760793544   -0.349065850   59.129614581  -50.022362184    8.187349043
    2.951193099   -0.349065850   48.908157824  -55.515667492    6.154162500

   -3.141592654    0.000000000   39.738223886  -55.384504009    2.043799386
   -2.951193099    0.000000000   30.324783838  -42.653431746   -0.785616736
   -2.760793544    0.000000000   23.735649978  -26.581487307   -3.563931992
   -2.570393989    0.000000000   20.074368752  -12.740762711   -6.164610799
   -2.379994435    0.000000000   18.482545590   -5.285637269   -8.606684676
   -2.189594880    0.000000000   17.583904257   -5.314752822  -11.015145608
   -1.999195325    0.000000000   16.139486585  -10.324511351  -13.439549521
   -1.808795770    0.000000000   13.648192647  -15.398530826  -15.644576080
   -1.618396215    0.000000000   10.587843434  -15.612774319  -17.059598758
   -1.427996661    0.000000000    8.183282507   -8.385702179  -16.994331134
   -1.237597106    0.000000000    7.814112839    5.303446758  -15.035994895
   -1.047197551    0.000000000   10.367978390   21.480871647  -11.360883708
   -0.856797996    0.000000000   15.833842158   34.971828225   -6.755419790
   -0.666398442    0.000000000   23.246161688   41.299658329   -2.281075406
   -0.475998887    0.000000000   30.965728744   37.989833400    1.179096861
   -0.285599332    0.000000000   37.119537632   25.075993221    3.274773937
   -0.095199777    0.000000000   40.084004809    5.130172434    4.307879445
    0.095199777    0.000000000   38.944186147  -17.065463532    5.070159741
    0.285599332    0.000000000   33.853180180  -35.275588944    6.484202630
    0.475998887    0.000000000   26.180611838  -43.297899430    9.154446483
    0.666398442    0.000000000   18.302679783  -37.021544876   13.041112791
    0.856797996    0.000000000   13.014770863  -16.583316917   17.421815576
    1.047197551    0.000000000   12.613994921   13.190411239   21.197516087
    1.237597106    0.000000000   18.114501595   43.867888904   23.415618293
    1.427996661    0.000000000   28.827908896   66.634144640   23.667512462
    1.618396215    0.000000000   42.599593943   75.327016274   22.186105292
    1.808795770    0.000000000   56.512490331   68.228588631   19.630707685
    1.999195325    0.000000000   67.744258368   47.892005124   16.730773887
    2.189594880    0.000000000   74.250243425   19.600877570   13.991552601
    2.379994435    0.000000000   75.108461277  -10.391406303   11.580347122
    2.570393989    0.000000000   70.564516481  -36.266343418    9.384475958
    2.760793544    0.000000000   61.851650135  -53.615963277    7.167469482
    2.951193099    0.000000000   50.866149995  -59.953123188    4.733432298

   -3.141592654    0.349065850   41.573883831  -59.316737793    1.142080148
   -2.951193099    0.349065850   31.375092651  -46.910041527   -0.752741036
   -2.760793544    0.349065850   23.962730363  -30.919888180   -2.450578434
   -2.570393989    0.349065850   19.480863910  -17.000908661   -3.953524741
   -2.379994435    0.349065850   17.086293393   -9.456383284   -5.362749468
   -2.189594880    0.349065850   15.401503151   -9.376554190   -6.812691644
   -1.999195325    0.349065850   13.215953058  -13.949693518   -8.315485564
   -1.808795770    0.349065850   10.135918092  -17.786894547   -9.621968779
   -1.618396215    0.349065850    6.822729025  -15.706234747  -10.238115172
   -1.427996661    0.349065850    4.682362422   -5.456693845   -9.650928303
   -1.237597106    0.349065850    5.150759348   11.047858811   -7.661505950
   -1.047197551    0.349065850    8.970255048   28.732296117   -4.587721040
   -0.856797996    0.349065850   15.808149474   41.801549414   -1.188064553
   -0.666398442    0.349065850   24.339398692   46.005258215    1.711847756
   -0.475998887    0.349065850   32.685875638   39.851896893    3.620850240
   -0.285599332    0.349065850   38.960067542   24.673571042    4.615531534
   -0.095199777    0.349065850   41.757100717    4.101026446    5.307687275
    0.095199777    0.349065850   40.525412040  -16.668219284    6.560035636
    0.285599332    0.349065850   35.781190785  -31.846839715    9.097597969
    0.475998887    0.349065850   29.095087305  -36.425634087   13.132163970
    0.666398442    0.349065850   22.778155538  -27.803851344   18.187015553
    0.856797996    0.349065850   19.297307275   -7.261988354   23.204149108
    1.047197551    0.349065850   20.484992745   20.182521185   26.946257567
    1.237597106    0.349065850   26.955362806   46.908854655   28.515095480
    1.427996661    0.349065850   37.839948913   65.478605038   27.687358311
    1.618396215    0.349065850   51.065121553   70.993242400   24.918480252
    1.808795770    0.349065850   63.979010688   62.359009545   21.060625508
    1.999195325    0.349065850   74.071268082   42.009252548   16.979139368
    2.189594880    0.349065850   79.533436036   14.607866138   13.265248555
    2.379994435    0.349065850   79.544930309  -14.322597290   10.143098531
    2.570393989    0.349065850   74.327035831  -39.509203319    7.547216087
    2.760793544    0.349065850   65.016548207  -56.749220220    5.280162801
    2.951193099    0.349065850   53.407290340  -63.415753801    3.165783045

   -3.141592654    0.698131701   43.262104200  -62.102463147   -0.010659755
   -2.951193099    0.698131701   32.521613679  -49.769526983   -0.642116988
   -2.760793544    0.698131701   24.568561870  -33.699457489   -1.011990836
   -2.570393989    0.698131701   19.574315327  -19.582013155   -1.254086023
   -2.379994435    0.698131701   16.708786986  -11.818390594   -1.525070029
   -2.189594880    0.698131701   14.594551198  -11.509535152   -1.946997718
   -1.999195325    0.698131701   12.036096481  -15.679965451   -2.523167710
   -1.808795770    0.698131701    8.696452236  -18.695368095   -3.091362891
   -1.618396215    0.698131701    5.329527896  -15.287179834   -3.370547024
   -1.427996661    0.698131701    3.417190953   -3.485948488   -3.105861789
   -1.237597106    0.698131701    4.383780740   14.193500865   -2.239012911
   -1.047197551    0.698131701    8.841939955   32.098988570   -0.971813904
   -0.856797996    0.698131701   16.253879229   44.307752391    0.333539091
   -0.666398442    0.698131701   25.125931840   47.048061818    1.404951151
   -0.475998887    0.698131701   33.546827701   39.711896536    2.257126723
   -0.285599332    0.698131701   39.768028709   24.499644788    3.237313649
   -0.095199777    0.698131701   42.653003121    5.459968272    4.897315443
    0.095199777    0.698131701   41.937766799  -12.431231607    7.729986592
    0.285599332    0.698131701   38.321920329  -24.251890186   11.911737904
    0.475998887    0.698131701   33.352030522  -26.224278657   17.116072181
    0.666398442    0.698131701   29.080629933  -16.912252937   22.523427505
    0.856797996    0.698131701   27.544507141    1.854362329   27.022907385
    1.047197551    0.698131701   30.126491413   25.439978630   29.597980296
    1.237597106    0.698131701   37.145099962   47.384285482   29.707333426
    1.427996661    0.698131701   47.692337489   61.655130025   27.466837215
    1.618396215    0.698131701   59.896731178   64.402738921   23.540570201
    1.808795770    0.698131701   71.440455600   54.854371804   18.836734619
    1.999195325    0.698131701   80.140276579   35.082798984   14.178029673
    2.189594880    0.698131701   84.406030152    9.029375753   10.096148832
    2.379994435    0.698131701   83.493862391  -18.488168123    6.798843347
    2.570393989    0.698131701   77.587711654  -42.665231963    4.262747558
    2.760793544    0.698131701   67.728563474  -59.443675861    2.361956451
    2.951193099    0.698131701   55.614147071  -66.069951931    0.967296173

   -3.141592654    1.047197551   41.692034651  -62.846063688   -3.445045935
   -2.951193099    1.047197551   30.906171076  -49.514639231   -2.581758320
   -2.760793544    1.047197551   23.075203464  -32.720118080   -1.451875285
   -2.570393989    1.047197551   18.305138535  -18.270472446   -0.356837725
   -2.379994435    1.047197551   15.688560912  -10.571042509    0.494388439
   -2.189594880    1.047197551   13.781821061  -10.604074398    1.018957733
   -1.999195325    1.047197551   11.355154913  -15.195642929    1.238513513
   -1.808795770    1.047197551    8.074574320  -18.534037552    1.222456324
   -1.618396215    1.047197551    4.720889892  -15.288950681    1.035859981
   -1.427996661    1.047197551    2.800289425   -3.574400439    0.720793382
   -1.237597106    1.047197551    3.737371615   13.945629884    0.313535384
   -1.047197551    1.047197551    8.123927146   31.568753339   -0.111703134
   -0.856797996    1.047197551   15.410791713   43.560413402   -0.400022372
   -0.666398442    1.047197551   24.152376775   46.536640604   -0.274357735
   -0.475998887    1.047197551   32.563751899   40.281560528    0.627908818
   -0.285599332    1.047197551   39.075866668   27.141209109    2.659954892
   -0.095199777    1.047197551   42.721278627   10.877011198    6.037521212
    0.095199777    1.047197551   43.310766856   -4.208596825   10.697991636
    0.285599332    1.047197551   41.466698528  -14.085580688   16.224494511
    0.475998887    1.047197551   38.490560873  -15.767331267   21.849558028
    0.666398442    1.047197551   36.075046018   -8.215402315   26.601978302
    0.856797996    1.047197551   35.879521231    6.994847576   29.537932610
    1.047197551    1.047197551   39.018920012   26.089807973   30.050428874
    1.237597106    1.047197551   45.741824547   43.762624623   28.070858673
    1.427996661    1.047197551   55.280385900   54.935611226   24.086810317
    1.618396215    1.047197551   66.037290681   56.182985135   18.926010994
    1.808795770    1.047197551   75.990532239   46.563865035   13.459187128
    1.999195325    1.047197551   83.181783808   27.626289227    8.360965390
    2.189594880    1.047197551   86.138778599    2.757478524    4.026893071
    2.379994435    1.047197551   84.147565435  -23.567519718    0.626253464
    2.570393989    1.047197551   77.379878872  -46.648017075   -1.792213076
    2.760793544    1.047197551   66.862197155  -62.372049893   -3.231252620
    2.951193099    1.047197551   54.291560622  -67.915161737   -3.739012293

   -3.141592654    1.396263402   37.263719057  -61.440880089   -9.167214464
   -2.951193099    1.396263402   26.896905051  -46.609048153   -7.852992198
   -2.760793544    1.396263402   19.705790864  -29.027913662   -6.144230867
   -2.570393989    1.396263402   15.655350433  -14.508104138   -4.345878452
   -2.379994435    1.396263402   13.718164908   -7.262671155   -2.648776418
   -2.189594880    1.396263402   12.373227941   -8.044438289   -1.114097806
   -1.999195325    1.396263402   10.349452486  -13.547447676    0.246122101
   -1.808795770    1.396263402    7.284865355  -17.941592385    1.363912881
   -1.618396215    1.396263402    3.934429539  -15.865984389    2.078661180
   -1.427996661    1.396263402    1.795374309   -5.269052501    2.222266274
   -1.237597106    1.396263402    2.331692797   11.517750286    1.775053884
   -1.047197551    1.396263402    6.246086748   29.179952425    0.979448400
   -0.856797996    1.396263402   13.164406556   42.259691161    0.323539867
   -0.666398442    1.396263402   21.847943001   47.388946160    0.409368241
   -0.475998887    1.396263402   30.691613817   44.053104169    1.744041728
   -0.285599332    1.396263402   38.220772233   34.027619500    4.561998873
   -0.095199777    1.396263402   43.436345696   20.328652887    8.730374288
    0.095199777    1.396263402   45.973795934    6.536592437   13.737046148
    0.285599332    1.396263402   46.160554889   -3.824722264   18.775813712
    0.475998887    1.396263402   44.941240716   -7.859411353   22.915358100
    0.666398442    1.396263402   43.684075920   -4.137906720   25.340075752
    0.856797996    1.396263402   43.841749715    6.613017021   25.556046051
    1.047197551    1.396263402   46.506607972   21.624857126   23.549530211
    1.237597106    1.396263402   52.080986630   36.404087853   19.755085811
    1.427996661    1.396263402   60.061698844   46.170861881   14.901313300
    1.618396215    1.396263402   69.120070473   47.269576451    9.740634170
    1.808795770    1.396263402   77.424978701   38.232153203    4.842792816
    1.999195325    1.396263402   83.107602117   20.124039068    0.515359450
    2.189594880    1.396263402   84.718083121   -3.876256546   -3.132721131
    2.379994435    1.396263402   81.554799318  -29.204748135   -6.063426306
    2.570393989    1.396263402   73.832405302  -50.965453076   -8.211652187
    2.760793544    1.396263402   62.651141981  -64.946312412   -9.473831006
    2.951193099    1.396263402   49.779164303  -68.468668852   -9.776045824

   -3.141592654    1.745329252   31.381392462  -59.444352581  -15.802828854
   -2.951193099    1.745329252   21.544039693  -43.148775695  -14.652284442
   -2.760793544    1.745329252   15.093941600  -24.830717356  -12.819235834
   -2.570393989    1.745329252   11.858149836  -10.244146652  -10.545862638
   -2.379994435    1.745329252   10.703607005   -3.355407635   -8.004910444
   -2.189594880    1.745329252   10.051013311   -4.710516959   -5.272163448
   -1.999195325    1.745329252    8.592953337  -10.985844639   -2.412179248
   -1.808795770    1.745329252    5.917924860  -16.482643521    0.402154607
   -1.618396215    1.745329252    2.711895849  -15.862259588    2.852530639
   -1.427996661    1.745329252    0.427834667   -6.767804420    4.596681387
   -1.237597106    1.745329252    0.577436330    9.095718185    5.484784303
   -1.047197551    1.745329252    4.037582226   27.058917070    5.711081797
   -0.856797996    1.745329252   10.700583986   41.938749112    5.780859143
   -0.666398442    1.745329252   19.595452038   50.076989064    6.307837228
   -0.475998887    1.745329252   29.280467788   50.193590994    7.744762721
   -0.285599332    1.745329252   38.273621444   43.097909048   10.188564680
   -0.095199777    1.745329252   45.389508080   30.930774868   13.320258590
    0.095199777    1.745329252   49.939297713   16.722862770   16.475822279
    0.285599332    1.745329252   51.865001202    3.933588490   18.823708638
    0.475998887    1.745329252   51.762249749   -4.076352181   19.625479568
    0.666398442    1.745329252   50.785211264   -4.993236840   18.501091849
    0.856797996    1.745329252   50.362562775    1.538272591   15.555282497
    1.047197551    1.745329252   51.757592373   13.619558745   11.354237472
    1.237597106    1.745329252   55.662429080   27.144290427    6.674633939
    1.427996661    1.745329252   61.879896747   37.097581382    2.229024930
    1.618396215    1.745329252   69.298948559   39.192573588   -1.579270519
    1.808795770    1.745329252   76.176442440   31.288272755   -4.706402183
    1.999195325    1.745329252   80.625693702   14.060203997   -7.349906595
    2.189594880    1.745329252   81.143686699   -9.302686490   -9.743989593
    2.379994435    1.745329252   77.009123926  -33.931206150  -11.982608929
    2.570393989    1.745329252   68.482635883  -54.587941584  -13.955968284
    2.760793544    1.745329252   56.759403394  -66.916522647  -15.408095091
    2.951193099    1.745329252   43.699470335  -68.430431420  -16.070455869

   -3.141592654    2.094395102   24.523335061  -58.664371479  -18.482524471
   -2.951193099    2.094395102   14.991360214  -40.773037329  -17.372013099
   -2.760793544    2.094395102    9.118429039  -21.223793664  -15.468265229
   -2.570393989    2.094395102    6.653902342   -5.819481167  -12.958984935
   -2.379994435    2.094395102    6.396394487    1.604522623   -9.994590820
   -2.189594880    2.094395102    6.725832443    0.612987589   -6.638754365
   -1.999195325    2.094395102    6.299344332   -5.534051084   -2.941566197
   -1.808795770    2.094395102    4.640675677  -11.360842686    0.929639629
   -1.618396215    2.094395102    2.331853016  -11.663841222    4.624356486
   -1.427996661    2.094395102    0.724415065   -3.896533562    7.711536062
   -1.237597106    2.094395102    1.300916201   10.774387247    9.902670428
   -1.047197551    2.094395102    5.022626174   28.276867192   11.231072652
   -0.856797996    2.094395102   11.954165187   43.699861383   12.045358951
   -0.666398442    2.094395102   21.301231390   53.145451728   12.809535645
   -0.475998887    2.094395102   31.710857339   54.685519871   13.840367735
   -0.285599332    2.094395102   41.648237627   48.348825258   15.132499765
   -0.095199777    2.094395102   49.736583234   35.645649908   16.326871691
    0.095199777    2.094395102   55.009437870   19.342533797   16.828677113
    0.285599332    2.094395102   57.128546858    3.173492861   16.017248174
    0.475998887    2.094395102   56.511474229   -8.708754353   13.520211007
    0.666398442    2.094395102   54.320782079  -12.915895551    9.428545051
    0.856797996    2.094395102   52.192373282   -8.128397495    4.319854975
    1.047197551    2.094395102   51.733826292    4.125897195   -0.913826172
    1.237597106    2.094395102   53.979391020   19.407310398   -5.430752140
    1.427996661    2.094395102   58.953273626   31.798034423   -8.730869114
    1.618396215    2.094395102   65.577270159   36.022447028  -10.806935376
    1.808795770    2.094395102   71.980722136   29.298843097  -12.045973410
    1.999195325    2.094395102   76.078534774   12.209882640  -12.983652200
    2.189594880    2.094395102   76.200522529  -11.663408968  -14.042744249
    2.379994435    2.094395102   71.558786601  -36.843422550  -15.369659382
    2.570393989    2.094395102   62.460543256  -57.556732884  -16.817406554
    2.760793544    2.094395102   50.225580364  -69.181846414  -18.047312788
    2.951193099    2.094395102   36.855034640  -69.336132389  -18.686726277

   -3.141592654    2.443460953   18.234810415  -58.137672429  -13.251662620
   -2.951193099    2.443460953    8.934667783  -38.890631728  -11.804438653
   -2.760793544    2.443460953    3.538677501  -18.145069994   -9.757329202
   -2.570393989    2.443460953    1.757646279   -1.759951934   -7.248002092
   -2.379994435    2.443460953    2.356996394    6.533241073   -4.361382268
   -2.189594880    2.443460953    3.707286900    6.402009870   -1.072120667
   -1.999195325    2.443460953    4.460890293    1.036226002    2.680644948
   -1.808795770    2.443460953    4.102735208   -4.364675492    6.836620999
   -1.618396215    2.443460953    3.118027351   -4.877337969   11.098228379
   -1.427996661    2.443460953    2.728603414    2.011551936   14.984320874
   -1.237597106    2.443460953    4.315574414   15.453401440   18.033849386
   -1.047197551    2.443460953    8.818210487   31.850210223   20.014826289
   -0.856797996    2.443460953   16.357109944   46.576733928   20.984056532
   -0.666398442    2.443460953   26.214515227   55.651623344   21.154525496
   -0.475998887    2.443460953   37.064405529   56.745107199   20.696279439
   -0.285599332    2.443460953   47.309559845   49.385240505   19.601704627
   -0.095199777    2.443460953   55.426249391   34.746070086   17.667589914
    0.095199777    2.443460953   60.269767039   15.600752300   14.609180172
    0.285599332    2.443460953   61.367286475   -3.831117830   10.240356877
    0.475998887    2.443460953   59.132395704  -18.541942940    4.684410073
    0.666398442    2.443460953   54.901474319  -24.215462943   -1.515386849
    0.856797996    2.443460953   50.633291942  -18.950817732   -7.484643379
    1.047197551    2.443460953   48.307692169   -4.409060938  -12.288505480
    1.237597106    2.443460953   49.236244529   14.192549523  -15.311225621
    1.427996661    2.443460953   53.534876843   29.821487784  -16.468780309
    1.618396215    2.443460953   60.014975079   36.274240934  -16.201087786
    1.808795770    2.443460953   66.566654055   30.377268476  -15.231143302
    1.999195325    2.443460953   70.847511359   12.898970904  -14.253064903
    2.189594880    2.443460953   71.006472569  -12.005541950  -13.698393630
    2.379994435    2.443460953   66.196641813  -38.204139167  -13.654601107
    2.570393989    2.443460953   56.779417714  -59.424878700  -13.924771313
    2.760793544    2.443460953   44.198114161  -70.820840049  -14.162091915
    2.951193099    2.443460953   30.591027885  -70.091994188  -14.015378317

   -3.141592654    2.792526803   15.053285577  -56.758683256    0.995811043
   -2.951193099    2.792526803    6.088215671  -36.765608755    3.128438663
   -2.760793544    2.792526803    1.167954098  -15.289891982    5.098057644
   -2.570393989    2.792526803    0.000000000    1.824081686    6.854987865
   -2.379994435    2.792526803    1.360358616   10.971247686    8.534412972
   -2.189594880    2.792526803    3.655276037   11.918362036   10.449071393
   -1.999195325    2.792526803    5.573785202    7.747759730   12.938379242
   -1.808795770    2.792526803    6.591588410    3.290467093   16.144472170
   -1.618396215    2.792526803    7.102104102    3.023722873   19.847481072
   -1.427996661    2.792526803    8.165546265    9.211935759   23.496412108
   -1.237597106    2.792526803   10.989174353   21.130619431   26.423880994
   -1.047197551    2.792526803   16.389626377   35.567004215   28.109246825
   -0.856797996    2.792526803   24.440427120   48.237851061   28.327244395
   -0.666398442    2.792526803   34.420726138   55.275617539   27.102727144
   -0.475998887    2.792526803   44.999240647   54.240654238   24.577256379
   -0.285599332    2.792526803   54.545512678   44.498947672   20.897139707
   -0.095199777    2.792526803   61.483724811   27.229813963   16.170420716
    0.095199777    2.792526803   64.644601956    5.484460372   10.527189867
    0.285599332    2.792526803   63.611270158  -15.941683272    4.214470890
    0.475998887    2.792526803   58.977750734  -31.357361460   -2.299999869
    0.666398442    2.792526803   52.378990718  -35.952238431   -8.329542299
    0.856797996    2.792526803   46.121178245  -27.838468936  -13.109456358
    1.047197551    2.792526803   42.468941532   -9.346556741  -16.047425109
    1.237597106    2.792526803   42.845508242   13.254308327  -16.977162820
    1.427996661    2.792526803   47.275278193   31.921895583  -16.208463598
    1.618396215    2.792526803   54.325666063   39.913797870  -14.375566886
    1.808795770    2.792526803   61.599091577   34.124060528  -12.156329769
    1.999195325    2.792526803   66.523820964   15.820720935  -10.029921963
    2.189594880    2.792526803   67.130933907  -10.215603737   -8.176937499
    2.379994435    2.792526803   62.564782176  -37.365595208   -6.529540552
    2.570393989    2.792526803   53.250253498  -59.097337010   -4.902649396
    2.760793544    2.792526803   40.723152493  -70.500814148   -3.128614354
    2.951193099    2.792526803   27.210755380  -69.371575046   -1.140835398
