#! FIELDS phi psi file.free der_phi der_psi
#! SET min_phi -pi
#! SET max_phi pi
#! SET nbins_phi  33
#! SET periodic_phi true
#! SET min_psi -pi
#! SET max_psi pi
#! SET nbins_psi  18
#! SET periodic_psi true
   -3.141592654   -3.141592654   19.829641510  -55.038751308   12.167996719
   -2.951193099   -3.141592654   10.901707754  -37.758177534   14.876637624
   -2.760793544   -3.141592654    5.701404872  -16.839026885   17.088360498
   -2.570393989   -3.141592654    4.336284848    1.586028311   18.735529009
   -2.379994435   -3.141592654    5.856424743   12.980879936   19.994521411
   -2.189594880   -3.141592654    8.748676721   16.134150783   21.228696495
   -1.999195325   -3.141592654   11.624068678   13.443287619   22.788947574
   -1.808795770   -3.141592654   13.783305498    9.419467975   24.770428994
   -1.618396215   -3.141592654   15.405546812    8.398337128   26.867371899
   -1.427996661   -3.141592654   17.317726765   12.585365419   28.446909973
   -1.237597106   -3.141592654   20.491291359   21.276182682   28.822478084
   -1.047197551   -3.141592654   25.522425834   31.450272504   27.573470753
   -0.856797996   -3.141592654   32.327285454   39.252354473   24.726177019
   -0.666398442   -3.141592654   40.134663394   41.565918061   20.687244448
   -0.475998887   -3.141592654   47.736073749   37.005179486   16.018929744
   -0.285599332   -3.141592654   53.835360927   26.016967995   11.189741241
   -0.095199777   -3.141592654   57.366258109   10.471225827    6.422216845
    0.095199777   -3.141592654   57.727177528   -6.716763567    1.730724077
    0.285599332   -3.141592654   54.954337846  -21.797898349   -2.918236996
    0.475998887   -3.141592654   49.834587482  -30.693399756   -7.389376146
    0.666398442   -3.141592654   43.875721536  -30.220788494  -11.284747244
    0.856797996   -3.141592654   38.989004164  -19.609421828  -14.030971850
    1.047197551   -3.141592654   36.905896184   -1.505292103  -15.136686100
    1.237597106   -3.141592654   38.546501093   18.450235377  -14.475770399
    1.427996661   -3.141592654   43.632314500   33.670363717  -12.374175783
    1.618396215   -3.141592654   50.748858529   39.221853787   -9.463493272
    1.808795770   -3.141592654   57.839141652   33.393571233   -6.393530241
    1.999195325   -3.141592654   62.836485058   17.722062222   -3.576038278
    2.189594880   -3.141592654   64.191051960   -4.154527418   -1.092468345
    2.379994435   -3.141592654   61.150879114  -27.645568825    1.228460097
    2.570393989   -3.141592654   53.860243108  -48.034613506    3.638287817
    2.760793544   -3.141592654   43.330109068  -61.037152348    6.304046960
    2.951193099   -3.141592654   31.286624711  -63.608256926    9.213353980

   -3.141592654   -2.792526803   25.420511786  -49.589813511   18.927675937
   -2.951193099   -2.792526803   17.410432261  -33.655583602   21.797225644
   -2.760793544   -2.792526803   12.842055255  -14.301958358   23.625154150
   -2.570393989   -2.792526803   11.831836978    2.870217807   24.466203929
   -2.379994435   -2.792526803   13.535227329   13.772151535   24.694776390
   -2.189594880   -2.792526803   16.603196623   17.325318967   24.852858746
   -1.999195325   -2.792526803   19.794271284   15.617174186   25.390213484
   -1.808795770   -2.792526803   22.460156790   12.486286882   26.415792202
   -1.618396215   -2.792526803   24.689981011   11.524036750   27.595931315
   -1.427996661   -2.792526803   27.101849247   14.486927927   28.276044429
   -1.237597106   -2.792526803   30.421721798   20.754625986   27.773298482
   -1.047197551   -2.792526803   35.066398491   27.884264324   25.688950990
   -0.856797996   -2.792526803   40.907518260   32.786501489   22.072633442
   -0.666398442   -2.792526803   47.263694091   32.952202911   17.351295732
   -0.475998887   -2.792526803   53.097343357   27.222648537   12.106928627
   -0.285599332   -2.792526803   57.290377487   15.898566865    6.833837415
   -0.095199777   -2.792526803   58.906474794    0.547303216    1.791949632
    0.095199777   -2.792526803   57.420968663  -16.138943191   -2.955934277
    0.285599332   -2.792526803   52.926743951  -30.374078801   -7.388866413
    0.475998887   -2.792526803   46.298271771  -37.837445542  -11.337962307
    0.666398442   -2.792526803   39.179324797  -35.114400949  -14.427224353
    0.856797996   -2.792526803   33.634670708  -21.520276152  -16.178441068
    1.047197551   -2.792526803   31.492817343   -0.219996395  -16.256739714
    1.237597106   -2.792526803   33.645577842   22.407446529  -14.698214173
    1.427996661   -2.792526803   39.654784886   39.213446362  -11.936407827
    1.618396215   -2.792526803   47.881649210   45.168780202   -8.604201377
    1.808795770   -2.792526803   56.075483213   38.959593678   -5.248662312
    1.999195325   -2.792526803   62.078543216   22.741525980   -2.114148221
    2.189594880   -2.792526803   64.361760861    0.660541655    0.882166678
    2.379994435   -2.792526803   62.259502219  -22.533088547    4.003600419
    2.570393989   -2.792526803   55.997849535  -42.321227179    7.477334916
    2.760793544   -2.792526803   46.608453844  -54.829384713   11.320459131
    2.951193099   -2.792526803   35.756790092  -57.421515807   15.284474686

   -3.141592654   -2.443460953   32.164789773  -43.837218279   18.397177206
   -2.951193099   -2.443460953   25.078283348  -29.793703201   20.744848398
   -2.760793544   -2.443460953   21.047827577  -12.490176222   22.037514948
   -2.570393989   -2.443460953   20.219319653    3.089389447   22.404375840
   -2.379994435   -2.443460953   21.881473586   13.283866175   22.235266620
   -2.189594880   -2.443460953   24.863640401   17.041767391   22.003102504
   -1.999195325   -2.443460953   28.064064938   16.026514046   22.035465541
   -1.808795770   -2.443460953   30.863077382   13.379919403   22.334302099
   -1.618396215   -2.443460953   33.245610773   12.058342281   22.547448334
   -1.427996661   -2.443460953   35.636808709   13.561174759   22.122474149
   -1.237597106   -2.443460953   38.569148951   17.520318654   20.569238885
   -1.047197551   -2.443460953   42.354061758   22.125257946   17.700456594
   -0.856797996   -2.443460953   46.890564097   24.979801408   13.721274970
   -0.666398442   -2.443460953   51.636755517   24.026440107    9.116042764
   -0.475998887   -2.443460953   55.743122792   18.167037867    4.424816661
   -0.285599332   -2.443460953   58.257913027    7.420042662    0.033521862
   -0.095199777   -2.443460953   58.342110235   -7.035601260   -3.924057289
    0.095199777   -2.443460953   55.502802776  -22.771148916   -7.494619505
    0.285599332   -2.443460953   49.838857458  -35.993199276  -10.734625556
    0.475998887   -2.443460953   42.256482542  -42.163631740  -13.539826233
    0.666398442   -2.443460953   34.475968127  -37.638646630  -15.606461554
    0.856797996   -2.443460953   28.660637395  -21.770625439  -16.537748009
    1.047197551   -2.443460953   26.697755454    1.893146722  -16.064385243
    1.237597106   -2.443460953   29.444728269   26.421386703  -14.234323886
    1.427996661   -2.443460953   36.333170288   44.284386115  -11.429061358
    1.618396215   -2.443460953   45.557402794   50.456094499   -8.182559314
    1.808795770   -2.443460953   54.738871421   44.012531799   -4.937718771
    1.999195325   -2.443460953   61.684153860   27.634300753   -1.868847577
    2.189594880   -2.443460953   64.917435692    5.828365409    1.125521936
    2.379994435   -2.443460953   63.863124334  -16.639407740    4.275839619
    2.570393989   -2.443460953   58.807042002  -35.572764421    7.744300384
    2.760793544   -2.443460953   50.759813059  -47.585179954   11.476381633
    2.951193099   -2.443460953   41.275903261  -50.463341446   15.174439372

   -3.141592654   -2.094395102   37.545952872  -39.649940894   12.897750978
   -2.951193099   -2.094395102   31.114143115  -27.149347876   14.337929649
   -2.760793544   -2.094395102   27.437782595  -11.378257043   15.033361085
   -2.570393989   -2.094395102   26.706432031    3.098469637   15.103171305
   -2.379994435   -2.094395102   28.315938006   12.828390097   14.789770987
   -2.189594880   -2.094395102   31.210890860   16.640124993   14.325353321
   -1.999195325   -2.094395102   34.351858808   15.775566429   13.805542183
   -1.808795770   -2.094395102   37.087196467   12.851822513   13.129245211
   -1.618396215   -2.094395102   39.281839061   10.473823209   12.051512525
   -1.427996661   -2.094395102   41.208969526   10.176296170   10.327100337
   -1.237597106   -2.094395102   43.296192800   12.038086752    7.861340035
   -1.047197551   -2.094395102   45.860074025   14.908157546    4.788256339
   -0.856797996   -2.094395102   48.926133500   16.938214920    1.431620927
   -0.666398442   -2.094395102   52.148929452   16.239838092   -1.837890364
   -0.475998887   -2.094395102   54.864245991   11.445381046   -4.754044710
   -0.285599332   -2.094395102   56.225646882    2.031927701   -7.241011122
   -0.095199777   -2.094395102   55.395203064  -11.320253026   -9.404520044
    0.095199777   -2.094395102   51.810315684  -26.382422821  -11.423487556
    0.285599332   -2.094395102   45.498246694  -39.192597847  -13.398167369
    0.475998887   -2.094395102   37.353595917  -44.803872362  -15.234577478
    0.666398442   -2.094395102   29.164214181  -39.181044672  -16.635087270
    0.856797996   -2.094395102   23.209588484  -21.592560910  -17.199437834
    1.047197551   -2.094395102   21.472242359    4.103739355  -16.620415331
    1.237597106   -2.094395102   24.819629814   30.434009465  -14.855572767
    1.427996661   -2.094395102   32.592509524   49.424366085  -12.174626889
    1.618396215   -2.094395102   42.839761015   55.937965718   -9.025498594
    1.808795770   -2.094395102   53.053271159   49.313232570   -5.834462393
    1.999195325   -2.094395102   60.981227043   32.672646469   -2.835924141
    2.189594880   -2.094395102   65.168276859   10.859639671   -0.035244937
    2.379994435   -2.094395102   65.097508106  -11.303738023    2.691798778
    2.570393989   -2.094395102   61.095732393  -29.854166832    5.449980561
    2.760793544   -2.094395102   54.154197542  -41.772960749    8.208559935
    2.951193099   -2.094395102   45.741676371  -45.142285978   10.780619218

   -3.141592654   -1.745329252   40.668188225  -37.645575577    6.242443664
   -2.951193099   -1.745329252   34.515414678  -26.239943694    6.649829215
   -2.760793544   -1.745329252   30.911773089  -11.497179124    6.628353009
   -2.570393989   -1.745329252   30.079134578    2.204762591    6.254173584
   -2.379994435   -1.745329252   31.467055563   11.428891695    5.612934158
   -2.189594880   -1.745329252   34.056994543   14.829769137    4.732313745
   -1.999195325   -1.745329252   36.802519957   13.385333640    3.555604378
   -1.808795770   -1.745329252   39.001659534    9.554350582    1.972652454
   -1.618396215   -1.745329252   40.461221256    6.035344806   -0.093853824
   -1.427996661   -1.745329252   41.439626800    4.705579664   -2.593968113
   -1.237597106   -1.745329252   42.425675524    6.065614435   -5.313288013
   -1.047197551   -1.745329252   43.866160999    9.229670295   -7.918146194
   -0.856797996   -1.745329252   45.940745288   12.311948682  -10.067784103
   -0.666398442   -1.745329252   48.419866939   13.086861786  -11.550962430
   -0.475998887   -1.745329252   50.673749096    9.707616913  -12.366897735
   -0.285599332   -1.745329252   51.802874546    1.230643103  -12.721815085
   -0.095199777   -1.745329252   50.856458329  -11.848633567  -12.943441458
    0.095199777   -1.745329252   47.151003737  -27.186007439  -13.344816945
    0.285599332   -1.745329252   40.640169066  -40.463489296  -14.081406836
    0.475998887   -1.745329252   32.226781718  -46.271879322  -15.067706691
    0.666398442   -1.745329252   23.789104573  -40.193702510  -15.991214160
    0.856797996   -1.745329252   17.745082424  -21.405473528  -16.414213253
    1.047197551   -1.745329252   16.199851722    5.979158245  -15.961351949
    1.237597106   -1.745329252   20.068820888   33.982069822  -14.483226606
    1.427996661   -1.745329252   28.641424531   54.159375818  -12.133679018
    1.618396215   -1.745329252   39.847548857   61.148504766   -9.280458395
    1.808795770   -1.745329252   51.049032620   54.395794481   -6.340830249
    1.999195325   -1.745329252   59.907721466   37.343843859   -3.619368173
    2.189594880   -1.745329252   64.945363373   15.138291044   -1.237091281
    2.379994435   -1.745329252   65.664117937   -7.270645090    0.821678612
    2.570393989   -1.745329252   62.413747932  -26.001872419    2.614263355
    2.760793544   -1.745329252   56.179852112  -38.234413250    4.155421723
    2.951193099   -1.745329252   48.389138279  -42.211488726    5.392594381

   -3.141592654   -1.396263402   40.258001382  -38.714059176    3.770601403
   -2.951193099   -1.396263402   33.878690432  -27.515907249    3.414589364
   -2.760793544   -1.396263402   30.032639590  -12.740507512    2.627626920
   -2.570393989   -1.396263402   28.977094944    1.109107985    1.477124289
   -2.379994435   -1.396263402   30.163270901   10.361629857    0.015949901
   -2.189594880   -1.396263402   32.525166858   13.423649502   -1.764918802
   -1.999195325   -1.396263402   34.931412781   11.148447513   -3.929687759
   -1.808795770   -1.396263402   36.594746382    6.130642340   -6.521786122
   -1.618396215   -1.396263402   37.288962042    1.473002565   -9.456776447
   -1.427996661   -1.396263402   37.332031306   -0.418930389  -12.458695497
   -1.237597106   -1.396263402   37.364366757    1.353965791  -15.103180148
   -1.047197551   -1.396263402   38.029237711    5.952144762  -16.953241179
   -0.856797996   -1.396263402   39.673812669   11.135504737  -17.721857125
   -0.666398442   -1.396263402   42.138194057   14.056708598  -17.388209878
   -0.475998887   -1.396263402   44.738294414   12.228593690  -16.205928421
   -0.285599332   -1.396263402   46.416810585    4.294532985  -14.618597410
   -0.095199777   -1.396263402   46.019113199   -9.317861343  -13.116338341
    0.095199777   -1.396263402   42.678184063  -25.984283528  -12.078099812
    0.285599332   -1.396263402   36.242953742  -40.862709657  -11.650932540
    0.475998887   -1.396263402   27.624083542  -47.924631315  -11.712519672
    0.666398442   -1.396263402   18.819744505  -42.216564462  -11.933506386
    0.856797996   -1.396263402   12.444290188  -22.687689634  -11.901807603
    1.047197551   -1.396263402   10.802808630    6.361814811  -11.299503679
    1.237597106   -1.396263402   14.938002857   36.385715495  -10.012020767
    1.427996661   -1.396263402   24.141598269   58.270262373   -8.165919365
    1.618396215   -1.396263402   36.231978996   66.162493809   -6.033161653
    1.808795770   -1.396263402   48.400182830   59.384487446   -3.900068293
    1.999195325   -1.396263402   58.147182713   41.592390614   -1.961539012
    2.189594880   -1.396263402   63.892118430   18.284282415   -0.289599621
    2.379994435   -1.396263402   65.099089007   -5.282206655    1.118376173
    2.570393989   -1.396263402   62.125655908  -25.055351429    2.273103393
    2.760793544   -1.396263402   55.986165284  -38.160985163    3.146771487
    2.951193099   -1.396263402   48.141755861  -42.817833870    3.669997835

   -3.141592654   -1.047197551   39.111951072  -40.944920417    3.236896120
   -2.951193099   -1.047197551   32.285667373  -29.955739378    1.999423582
   -2.760793544   -1.047197551   27.965766381  -15.268707646    0.150900938
   -2.570393989   -1.047197551   26.419332764   -1.539180585   -2.143166372
   -2.379994435   -1.047197551   27.076116898    7.406573776   -4.724108687
   -2.189594880   -1.047197551   28.824644398    9.891766820   -7.521556213
   -1.999195325   -1.047197551   30.487633434    6.863438779  -10.541872672
   -1.808795770   -1.047197551   31.270501658    1.224193416  -13.758325677
   -1.618396215   -1.047197551   31.012196981   -3.496699604  -16.979687875
   -1.427996661   -1.047197551   30.172965269   -4.551079495  -19.807929496
   -1.237597106   -1.047197551   29.574828283   -0.991470650  -21.741533064
   -1.047197551   -1.047197551   30.016551909    6.018223675  -22.370954069
   -0.856797996   -1.047197551   31.912828675   13.664036800  -21.557136398
   -0.666398442   -1.047197551   35.052894554   18.482925803  -19.503860332
   -0.475998887   -1.047197551   38.599137672   17.552187599  -16.691647957
   -0.285599332   -1.047197551   41.286351692    9.381718782  -13.724262726
   -0.095199777   -1.047197551   41.758298161   -5.399898249  -11.139451938
    0.095199777   -1.047197551   39.009747822  -23.718466826   -9.251871420
    0.285599332   -1.047197551   32.849841103  -40.181139838   -8.080597578
    0.475998887   -1.047197551   24.251486941  -48.275865801   -7.393245587
    0.666398442   -1.047197551   15.347531388  -42.773547721   -6.847623953
    0.856797996   -1.047197551    8.911774561  -22.665313950   -6.142656668
    1.047197551   -1.047197551    7.372792792    7.455094165   -5.149925732
    1.237597106   -1.047197551   11.826107154   38.595494739   -3.912162539
    1.427996661   -1.047197551   21.533801924   61.267175321   -2.590470131
    1.618396215   -1.047197551   34.228828337   69.416965712   -1.343752529
    1.808795770   -1.047197551   46.999337730   62.373392267   -0.249256488
    1.999195325   -1.047197551   57.258582209   43.933218015    0.710270532
    2.189594880   -1.047197551   63.369306056   19.761339304    1.599271480
    2.379994435   -1.047197551   64.768429379   -4.745541222    2.450563897
    2.570393989   -1.047197551   61.809041835  -25.432658697    3.209400343
    2.760793544   -1.047197551   55.518362006  -39.349090411    3.724163122
    2.951193099   -1.047197551   47.384529736  -44.635375532    3.790304013

   -3.141592654   -0.698131701   39.049892830  -44.086556600    2.646344189
   -2.951193099   -0.698131701   31.523627559  -34.115260049    0.976028469
   -2.760793544   -0.698131701   26.343870966  -20.070078020   -1.395270862
   -2.570393989   -0.698131701   23.852239061   -6.613747280   -4.287514808
   -2.379994435   -0.698131701   23.533614370    2.248776993   -7.502584630
   -2.189594880   -0.698131701   24.293041635    4.651337114  -10.908327947
   -1.999195325   -0.698131701   24.949125953    1.542660787  -14.420094270
   -1.808795770   -0.698131701   24.729609775   -3.905749924  -17.878944337
   -1.618396215   -0.698131701   23.561885224   -7.780459906  -20.938232137
   -1.427996661   -0.698131701   22.057314008   -7.107512516  -23.083229099
   -1.237597106   -0.698131701   21.198011869   -1.084689532  -23.813681646
   -1.047197551   -0.698131701   21.879332149    8.617770267  -22.880800282
   -0.856797996   -0.698131701   24.498742034   18.538460406  -20.431588654
   -0.666398442   -0.698131701   28.710833247   24.678330489  -16.971613954
   -0.475998887   -0.698131701   33.467540685   23.866956571  -13.178604917
   -0.285599332   -0.698131701   37.279755869   14.722787987   -9.670327793
   -0.095199777   -0.698131701   38.618951824   -1.702818092   -6.808143772
    0.095199777   -0.698131701   36.407401928  -21.739904242   -4.610911640
    0.285599332   -0.698131701   30.495702526  -39.436741081   -2.813194541
    0.475998887   -0.698131701   21.985061358  -47.968130234   -1.057858053
    0.666398442   -0.698131701   13.161928593  -42.133647542    0.866184750
    0.856797996   -0.698131701    6.918172851  -21.274430077    2.888981046
    1.047197551   -0.698131701    5.718478526    9.583175216    4.678923604
    1.237597106   -0.698131701   10.621017445   41.101875488    5.861741656
    1.427996661   -0.698131701   20.806971363   63.707689646    6.231164116
    1.618396215   -0.698131701   33.934649784   71.483370561    5.871107642
    1.808795770   -0.698131701   47.054789536   63.980850755    5.103904669
    1.999195325   -0.698131701   57.581986799   45.159752269    4.322244010
    2.189594880   -0.698131701   63.897640865   20.695636689    3.816631812
    2.379994435   -0.698131701   65.445129012   -4.142272345    3.675705121
    2.570393989   -0.698131701   62.553595438  -25.370470780    3.777669755
    2.760793544   -0.698131701   56.197924128  -40.151495335    3.849630354
    2.951193099   -0.698131701   47.806595711  -46.568855507    3.562053841

   -3.141592654   -0.349065850   39.580990853  -46.848047090    1.776186106
   -2.951193099   -0.349065850   31.405312299  -38.140937778   -0.262721690
   -2.760793544   -0.349065850   25.357227408  -25.096776454   -2.965721810
   -2.570393989   -0.349065850   21.842921991  -12.266505606   -6.104355513
   -2.379994435   -0.349065850   20.412796724   -3.735845625   -9.446429946
   -2.189594880   -0.349065850   20.015528809   -1.487659403  -12.841998742
   -1.999195325   -0.349065850   19.505698732   -4.503251899  -16.178202720
   -1.808795770   -0.349065850   18.185894436   -9.286207594  -19.230755270
   -1.618396215   -0.349065850   16.129777163  -11.552573568  -21.562603147
   -1.427996661   -0.349065850   14.142723512   -8.252721979  -22.606941722
   -1.237597106   -0.349065850   13.367559461    0.984007336  -21.928333706
   -1.047197551   -0.349065850   14.737929991   13.676745109  -19.491581389
   -0.856797996   -0.349065850   18.528501649   25.558275627  -15.753773181
   -0.666398442   -0.349065850   24.148530999   32.198701745  -11.496496550
   -0.475998887   -0.349065850   30.274210380   30.534924443   -7.512764302
   -0.285599332   -0.349065850   35.207333661   19.755511771   -4.310487734
   -0.095199777   -0.349065850   37.343727512    1.696675239   -1.946071653
    0.095199777   -0.349065850   35.674825521  -19.288321474   -0.060864258
    0.285599332   -0.349065850   30.217225232  -36.963445604    1.903684840
    0.475998887   -0.349065850   22.241746645  -44.758143924    4.376476559
    0.666398442   -0.349065850   14.110501973  -38.143340655    7.373608777
    0.856797996   -0.349065850    8.652083654  -17.199160427   10.429949608
    1.047197551   -0.349065850    8.155395256   12.711514024   12.790455550
    1.237597106   -0.349065850   13.494942338   42.468262160   13.817637639
    1.427996661   -0.349065850   23.755132834   63.152187020   13.304854957
    1.618396215   -0.349065850   36.632011373   69.535216798   11.566538204
    1.808795770   -0.349065850   49.318803958   61.535246448    9.257851855
    1.999195325   -0.349065850   59.400515488   43.039373256    7.063758730
    2.189594880   -0.349065850   65.381736297   19.338003566    5.437526018
    2.379994435   -0.349065850   66.743754753   -4.775705933    4.494160239
    2.570393989   -0.349065850   63.769550362  -25.698064529    4.043376732
    2.760793544   -0.349065850   57.332415175  -40.789882229    3.705833578
    2.951193099   -0.349065850   48.743006014  -48.090259990    3.056726120

   -3.141592654    0.000000000   39.953202202  -49.584749123    0.366412424
   -2.951193099    0.000000000   31.146223476  -41.998143376   -1.423316097
   -2.760793544    0.000000000   24.273876233  -29.830220885   -3.648975562
   -2.570393989    0.000000000   19.803687903  -17.510741174   -6.152832485
   -2.379994435    0.000000000   17.351057461   -9.189643195   -8.793745744
   -2.189594880    0.000000000   15.913498430   -6.919821191  -11.485770243
   -1.999195325    0.000000000   14.398014939   -9.548312324  -14.116683153
   -1.808795770    0.000000000   12.208037980  -13.229027324  -16.405662270
   -1.618396215    0.000000000    9.585052096  -13.388851381  -17.855944960
   -1.427996661    0.000000000    7.522259890   -7.107275505  -17.911615891
   -1.237597106    0.000000000    7.271769831    5.305505361  -16.261183609
   -1.047197551    0.000000000    9.714446330   20.413751404  -13.082328014
   -0.856797996    0.000000000   14.902557693   33.222305413   -9.044160604
   -0.666398442    0.000000000   21.939214460   39.175821212   -5.022741896
   -0.475998887    0.000000000   29.235035206   35.732251363   -1.718136431
   -0.285599332    0.000000000   34.967078788   22.996493550    0.634342043
   -0.095199777    0.000000000   37.587000704    3.710853478    2.342266885
    0.095199777    0.000000000   36.284046238  -17.236363886    4.077009298
    0.285599332    0.000000000   31.318065225  -33.703051231    6.530629501
    0.475998887    0.000000000   24.122499812  -39.845576405   10.012484867
    0.666398442    0.000000000   17.043969296  -32.195275669   14.197197876
    0.856797996    0.000000000   12.705069170  -11.695282455   18.175157021
    1.047197551    0.000000000   13.083205676   16.149395550   20.824713333
    1.237597106    0.000000000   18.794520747   42.856345931   21.360752910
    1.427996661    0.000000000   28.837418255   60.590460821   19.690058137
    1.618396215    0.000000000   41.023739419   65.072402860   16.416509379
    1.808795770    0.000000000   52.792733752   56.596380364   12.518690445
    1.999195325    0.000000000   61.986527158   38.807851819    8.916813672
    2.189594880    0.000000000   67.280666459   16.394755618    6.163822322
    2.379994435    0.000000000   68.204742103   -6.488266987    4.368369582
    2.570393989    0.000000000   64.983171786  -26.696042883    3.293026040
    2.760793544    0.000000000   58.367326781  -41.795420250    2.525849766
    2.951193099    0.000000000   49.531717943  -49.757320976    1.647114192

   -3.141592654    0.349065850   40.994930164  -51.092872615   -0.356611426
   -2.951193099    0.349065850   31.804651537  -44.492986169   -1.498892514
   -2.760793544    0.349065850   24.370466141  -33.185655136   -2.803670292
   -2.570393989    0.349065850   19.200217754  -21.457048152   -4.226028058
   -2.379994435    0.349065850   15.960804570  -13.465356594   -5.749750448
   -2.189594880    0.349065850   13.697609981  -11.264729684   -7.378993520
   -1.999195325    0.349065850   11.380251071  -13.529005963   -9.040920659
   -1.808795770    0.349065850    8.523704223  -16.100616841  -10.473397249
   -1.618396215    0.349065850    5.533088590  -14.230302957  -11.225173347
   -1.427996661    0.349065850    3.560008187   -5.266210372  -10.837474387
   -1.237597106    0.349065850    3.914719235    9.726372280   -9.120865431
   -1.047197551    0.349065850    7.371983778   26.416561417   -6.335405150
   -0.856797996    0.349065850   13.734031821   39.292119535   -3.126286496
   -0.666398442    0.349065850   21.820985497   43.969968612   -0.208037815
   -0.475998887    0.349065850   29.856224551   38.694924721    1.987781278
   -0.285599332    0.349065850   36.008164002   24.600716775    3.522196338
   -0.095199777    0.349065850   38.901828106    5.230127298    4.923596458
    0.095199777    0.349065850   38.001250740  -14.297329103    6.919408838
    0.285599332    0.349065850   33.815936156  -28.360711868   10.063580607
    0.475998887    0.349065850   27.865740510  -32.247359709   14.376022394
    0.666398442    0.349065850   22.342924265  -23.791652364   19.201445104
    0.856797996    0.349065850   19.504493766   -4.753711903   23.379733033
    1.047197551    0.349065850   20.893546003   19.541705095   25.708869295
    1.237597106    0.349065850   26.823424683   41.728229448   25.494480770
    1.427996661    0.349065850   36.251828723   55.474527452   22.843958709
    1.618396215    0.349065850   47.213047885   57.661021435   18.569218286
    1.808795770    0.349065850   57.514786656   48.922499429   13.787981342
    1.999195325    0.349065850   65.354591580   32.462802206    9.466738227
    2.189594880    0.349065850   69.633440018   12.126400258    6.138646170
    2.379994435    0.349065850   69.942125891   -8.754249776    3.876961412
    2.570393989    0.349065850   66.432354621  -27.594311838    2.440302098
    2.760793544    0.349065850   59.707358437  -42.193055826    1.461858245
    2.951193099    0.349065850   50.778370452  -50.446136339    0.602241247

   -3.141592654    0.698131701   41.815426030  -52.062884748   -1.685152828
   -2.951193099    0.698131701   32.388350728  -45.985467230   -2.098896618
   -2.760793544    0.698131701   24.625768517  -35.105879585   -2.385791651
   -2.570393989    0.698131701   19.061921149  -23.640083188   -2.610608826
   -2.379994435    0.698131701   15.391564203  -15.792261431   -2.877598059
   -2.189594880    0.698131701   12.678989261  -13.633925234   -3.290185589
   -1.999195325    0.698131701    9.923418379  -15.703191721   -3.858845794
   -1.808795770    0.698131701    6.707679836  -17.600007225   -4.429240135
   -1.618396215    0.698131701    3.544441313  -14.449332597   -4.702728329
   -1.427996661    0.698131701    1.686363937   -3.814132721   -4.377327389
   -1.237597106    0.698131701    2.469265304   12.687269765   -3.331671494
   -1.047197551    0.698131701    6.578012610   30.129245638   -1.724974467
   -0.856797996    0.698131701   13.638087717   42.756411137    0.071756701
   -0.666398442    0.698131701   22.300555858   46.491375758    1.705399721
   -0.475998887    0.698131701   30.722063834   40.300310627    3.061024875
   -0.285599332    0.698131701   37.151851654   26.099422367    4.360019762
   -0.095199777    0.698131701   40.418264410    7.857515155    6.085516337
    0.095199777    0.698131701   40.215578101   -9.459454163    8.731844880
    0.285599332    0.698131701   37.194133665  -21.017613348   12.514673991
    0.475998887    0.698131701   32.821571908  -23.261850071   17.130449732
    0.666398442    0.698131701   29.018962900  -15.091825956   21.741428556
    0.856797996    0.698131701   27.625095642    1.339121630   25.210459267
    1.047197551    0.698131701   29.779291597   21.286408581   26.548821541
    1.237597106    0.698131701   35.581936608   38.711747551   25.348946288
    1.427996661    0.698131701   44.054673895   48.730924136   21.950960606
    1.618396215    0.698131701   53.528664822   49.142179888   17.256578212
    1.808795770    0.698131701   62.202484143   40.644653078   12.326486766
    1.999195325    0.698131701   68.606879305   25.826703134    7.988050868
    2.189594880    0.698131701   71.827288425    7.663626255    4.639777131
    2.379994435    0.698131701   71.481963926  -11.241396157    2.286793400
    2.570393989    0.698131701   67.639058557  -28.730478597    0.710466156
    2.760793544    0.698131701   60.766784652  -42.723337118   -0.356415740
    2.951193099    0.698131701   51.741813244  -51.002129533   -1.118735597

   -3.141592654    1.047197551   40.223392520  -52.938432267   -4.894653698
   -2.951193099    1.047197551   30.707597431  -46.020886103   -4.580993371
   -2.760793544    1.047197551   23.012278851  -34.390403096   -3.798068779
   -2.570393989    1.047197551   17.633607699  -22.470757508   -2.780499863
   -2.379994435    1.047197551   14.196142276  -14.586212576   -1.792093064
   -2.189594880    1.047197551   11.686622690  -12.750414345   -1.041631656
   -1.999195325    1.047197551    9.056234888  -15.266274266   -0.614653821
   -1.808795770    1.047197551    5.892868148  -17.436192867   -0.460508612
   -1.618396215    1.047197551    2.763059639  -14.200347913   -0.431977087
   -1.427996661    1.047197551    0.986925527   -3.170172083   -0.362687363
   -1.237597106    1.047197551    1.937749308   13.786312289   -0.136367269
   -1.047197551    1.047197551    6.285105930   31.476093093    0.283842166
   -0.856797996    1.047197551   13.602761747   44.077144129    0.885271163
   -0.666398442    1.047197551   22.506759150   47.729102688    1.693594053
   -0.475998887    1.047197551   31.180431869   41.796898109    2.836097499
   -0.285599332    1.047197551   37.973324590   28.547938517    4.547581983
   -0.095199777    1.047197551   41.855863733   11.981915852    7.097590731
    0.095199777    1.047197551   42.629720499   -3.322556762   10.623819749
    0.285599332    1.047197551   40.941691746  -13.297115728   14.964052587
    0.475998887    1.047197551   38.094060290  -15.234115748   19.550547566
    0.666398442    1.047197551   35.704968687   -8.591154083   23.494120289
    0.856797996    1.047197551   35.262703390    4.593539824   25.834098982
    1.047197551    1.047197551   37.647449998   20.396410686   25.915690799
    1.237597106    1.047197551   42.900342677   33.979782104   23.667484251
    1.427996661    1.047197551   50.204782558   41.470096625   19.638754946
    1.618396215    1.047197551   58.192394442   41.072422008   14.742187637
    1.808795770    1.047197551   65.371303200   33.200241288    9.882393989
    1.999195325    1.047197551   70.482900616   19.754373571    5.658096338
    2.189594880    1.047197551   72.686828912    3.024953246    2.278231472
    2.379994435    1.047197551   71.570655546  -14.768161497   -0.324359114
    2.570393989    1.047197551   67.131984289  -31.510414455   -2.299315550
    2.760793544    1.047197551   59.784523607  -44.940755209   -3.733774291
    2.951193099    1.047197551   50.391260423  -52.623086533   -4.615096914

   -3.141592654    1.396263402   36.469490079  -53.768940571   -9.976909718
   -2.951193099    1.396263402   26.967881125  -45.042922838   -9.735736387
   -2.760793544    1.396263402   19.610248520  -31.903408470   -8.595309632
   -2.570393989    1.396263402   14.800150544  -19.104025389   -6.818364116
   -2.379994435    1.396263402   12.029155360  -11.068681775   -4.757907528
   -2.189594880    1.396263402   10.154171716   -9.683220092   -2.736298648
   -1.999195325    1.396263402    8.034852474  -13.001824549   -0.972310340
   -1.808795770    1.396263402    5.216596376  -16.073827131    0.415459722
   -1.618396215    1.396263402    2.267428260  -13.637951893    1.373688326
   -1.427996661    1.396263402    0.541017919   -3.165213660    1.896456220
   -1.237597106    1.396263402    1.466809676   13.572573650    2.049324205
   -1.047197551    1.396263402    5.784644356   31.434333681    1.994326741
   -0.856797996    1.396263402   13.143551212   44.615015436    1.983232010
   -0.666398442    1.396263402   22.237024458   49.242959701    2.319936398
   -0.475998887    1.396263402   31.320840042   44.637392888    3.290060306
   -0.285599332    1.396263402   38.801257216   32.951935838    5.093618793
   -0.095199777    1.396263402   43.671329860   17.914498325    7.784623350
    0.095199777    1.396263402   45.687441692    3.674562110   11.197313275
    0.285599332    1.396263402   45.360053161   -6.208844997   14.901607440
    0.475998887    1.396263402   43.765767941   -9.387045866   18.234449969
    0.666398442    1.396263402   42.263194373   -5.317251209   20.461728019
    0.856797996    1.396263402   42.127969046    4.477824169   21.001988233
    1.047197551    1.396263402   44.163915241   16.928290759   19.669427927
    1.237597106    1.396263402   48.502673984   28.048598332   16.746212248
    1.427996661    1.396263402   54.547967080   34.404681288   12.880207782
    1.618396215    1.396263402   61.182253206   34.089509275    8.800374532
    1.808795770    1.396263402   67.099123625   26.986993754    5.047003349
    1.999195325    1.396263402   71.111273737   14.391662528    1.828803945
    2.189594880    1.396263402   72.352715923   -1.781414024   -0.929205341
    2.379994435    1.396263402   70.349237448  -19.311797949   -3.408826565
    2.570393989    1.396263402   65.066510334  -35.799443582   -5.709734812
    2.760793544    1.396263402   56.951982875  -48.614884574   -7.744002692
    2.951193099    1.396263402   46.960878639  -55.119675724   -9.259944391

   -3.141592654    1.745329252   31.386978290  -55.018026531  -15.010068085
   -2.951193099    1.745329252   21.865927596  -43.994844373  -15.104518252
   -2.760793544    1.745329252   14.907525182  -28.853361553  -13.885038813
   -2.570393989    1.745329252   10.812787197  -14.783795074  -11.582882693
   -2.379994435    1.745329252    8.916328951   -6.343293333   -8.589240149
   -2.189594880    1.745329252    7.919035182   -5.295520562   -5.297227646
   -1.999195325    1.745329252    6.559646823   -9.478562125   -2.016939794
   -1.808795770    1.745329252    4.301828262  -13.753678015    1.009622643
   -1.618396215    1.745329252    1.666141172  -12.676045096    3.561233185
   -1.427996661    1.745329252    0.000000000   -3.450330885    5.441420734
   -1.237597106    1.745329252    0.788699464   12.518742936    6.559638989
   -1.047197551    1.745329252    4.896594215   30.423363323    7.010357366
   -0.856797996    1.745329252   12.141516196   44.569187323    7.075086626
   -0.666398442    1.745329252   21.379587960   50.895625017    7.134911595
   -0.475998887    1.745329252   30.969547316   48.307842276    7.536503722
   -0.285599332    1.745329252   39.331201598   38.465799989    8.478078797
   -0.095199777    1.745329252   45.378018276   24.619987161    9.941401600
    0.095199777    1.745329252   48.703977806   10.528024952   11.667721316
    0.285599332    1.745329252   49.596781690   -0.467726081   13.193180780
    0.475998887    1.745329252   48.892723472   -5.946669568   13.981245653
    0.666398442    1.745329252   47.759409937   -4.948260680   13.629821582
    0.856797996    1.745329252   47.392137970    1.743782421   12.037033484
    1.047197551    1.745329252   48.665834004   11.828774523    9.481141855
    1.237597106    1.745329252   51.906045216   21.829516419    6.487520633
    1.427996661    1.745329252   56.760966382   28.293218065    3.617775305
    1.618396215    1.745329252   62.306566786   28.834627531    1.220166552
    1.808795770    1.745329252   67.315476729   22.661326849   -0.680457426
    1.999195325    1.745329252   70.558745559   10.539230871   -2.335843938
    2.189594880    1.745329252   71.061942713   -5.771203050   -4.104632197
    2.379994435    1.745329252   68.253502168  -23.794600466   -6.245816858
    2.570393989    1.745329252   62.077692144  -40.620993765   -8.772531624
    2.760793544    1.745329252   53.061885266  -53.107464937  -11.406945380
    2.951193099    1.745329252   42.317572078  -58.377609948  -13.659051352

   -3.141592654    2.094395102   25.308320355  -57.140752784  -15.906494664
   -2.951193099    2.094395102   15.631629131  -43.478122122  -16.004150448
   -2.760793544    2.094395102    9.019999034  -25.804338304  -14.677847450
   -2.570393989    2.094395102    5.700118452   -9.830718348  -12.128766451
   -2.379994435    2.094395102    4.862911357   -0.306140526   -8.734067416
   -2.189594880    2.094395102    5.058831577    1.093784072   -4.871004575
   -1.999195325    2.094395102    4.904083096   -3.297562996   -0.838430672
   -1.808795770    2.094395102    3.766025999   -8.248674477    3.100466932
   -1.618396215    2.094395102    2.080128906   -8.271610552    6.638565254
   -1.427996661    2.094395102    1.123426482   -0.431195215    9.428527425
   -1.237597106    2.094395102    2.355453829   14.187933254   11.207429054
   -1.047197551    2.094395102    6.684252524   31.162037324   11.940035003
   -0.856797996    2.094395102   14.033288872   45.028847146   11.863910267
   -0.666398442    2.094395102   23.382421656   51.677677407   11.389342925
   -0.475998887    2.094395102   33.179677399   49.713399657   10.920253269
   -0.285599332    2.094395102   41.862885532   40.376911825   10.693626095
   -0.095199777    2.094395102   48.281924284   26.503058252   10.687340154
    0.095199777    2.094395102   51.899314472   11.553106992   10.629302770
    0.285599332    2.094395102   52.838096373   -1.139103509   10.093811650
    0.475998887    2.094395102   51.802369048   -8.784079366    8.705343297
    0.666398442    2.094395102   49.932167788   -9.748564347    6.357521455
    0.856797996    2.094395102   48.532448746   -4.082009989    3.316981330
    1.047197551    2.094395102   48.702792649    6.286346775    0.165777814
    1.237597106    2.094395102   51.009838818   17.717118356   -2.467266132
    1.427996661    2.094395102   55.261407302   26.077617970   -4.169381222
    1.618396215    2.094395102   60.542234207   28.150506126   -4.930421674
    1.808795770    2.094395102   65.492039343   22.537470016   -5.117230579
    1.999195325    2.094395102   68.673851705    9.842194575   -5.292724988
    2.189594880    2.094395102   68.918732703   -7.879561307   -5.977730421
    2.379994435    2.094395102   65.548813206  -27.563563962   -7.451587502
    2.570393989    2.094395102   58.526179896  -45.616224005   -9.656449650
    2.760793544    2.094395102   48.518036955  -58.328259960  -12.205198463
    2.951193099    2.094395102   36.855829435  -62.590171842  -14.494967323

   -3.141592654    2.443460953   20.035026948  -58.888176207  -10.768541533
   -2.951193099    2.443460953   10.241786295  -42.926468158  -10.175136104
   -2.760793544    2.443460953    3.956717106  -22.983191069   -8.437238245
   -2.570393989    2.443460953    1.355927938   -5.203403209   -5.741864223
   -2.379994435    2.443460953    1.524343171    5.533975588   -2.385232080
   -2.189594880    2.443460953    2.907684769    7.657005806    1.383120717
   -1.999195325    2.443460953    4.041620092    3.613829534    5.393402743
   -1.808795770    2.443460953    4.220278907   -1.414304213    9.461575313
   -1.618396215    2.443460953    3.783045305   -2.101420028   13.268249371
   -1.427996661    2.443460953    3.886196525    4.431973556   16.356738048
   -1.237597106    2.443460953    5.883645260   17.322150917   18.292703755
   -1.047197551    2.443460953   10.642449613   32.579451901   18.871936647
   -0.856797996    2.443460953   18.128999301   45.140483764   18.223164167
   -0.666398442    2.443460953   27.421145151   51.050772437   16.723845434
   -0.475998887    2.443460953   37.065292237   48.773017960   14.804730487
   -0.285599332    2.443460953   45.548967817   39.194423592   12.757170251
   -0.095199777    2.443460953   51.696939735   24.762132946   10.620950312
    0.095199777    2.443460953   54.885571422    8.687955594    8.213000968
    0.285599332    2.443460953   55.132713810   -5.593897359    5.265301303
    0.475998887    2.443460953   53.093082972  -14.815251117    1.656859884
    0.666398442    2.443460953   49.974589720  -16.650136609   -2.396075090
    0.856797996    2.443460953   47.274834690  -10.583342405   -6.321821785
    1.047197551    2.443460953   46.352428886    1.505602697   -9.376138684
    1.237597106    2.443460953   47.983494028   15.468606653  -10.994195481
    1.427996661    2.443460953   52.048888494   26.287816342  -11.044090912
    1.618396215    2.443460953   57.537047527   29.924656717   -9.894691179
    1.808795770    2.443460953   62.870006888   24.566047361   -8.243320482
    1.999195325    2.443460953   66.361695983   10.895923725   -6.828725258
    2.189594880    2.443460953   66.648864257   -8.560208850   -6.180651543
    2.379994435    2.443460953   62.968656202  -30.102311586   -6.485113557
    2.570393989    2.443460953   55.320863763  -49.510342229   -7.580419985
    2.760793544    2.443460953   44.516643811  -62.603912599   -9.033344908
    2.951193099    2.443460953   32.095289432  -66.100891387  -10.273649693

   -3.141592654    2.792526803   17.605215433  -58.480649187    0.460451339
   -2.951193099    2.792526803    8.033041400  -41.017515049    2.231508287
   -2.760793544    2.792526803    2.249980549  -19.666952694    4.339205373
   -2.570393989    2.792526803    0.392021023   -0.777363247    6.611779164
   -2.379994435    2.792526803    1.486288610   10.798831553    8.953300351
   -2.189594880    2.792526803    3.940335850   13.623086971   11.416393436
   -1.999195325    2.792526803    6.268457838   10.157626920   14.125865948
   -1.808795770    2.792526803    7.722247618    5.343238393   17.097235085
   -1.618396215    2.792526803    8.536314120    4.134327253   20.074997976
   -1.427996661    2.792526803    9.702091472    9.203488461   22.540437290
   -1.237597106    2.792526803   12.405373820   19.874239303   23.915242288
   -1.047197551    2.792526803   17.415915168   32.686207183   23.832656632
   -0.856797996    2.792526803   24.713667408   43.140869242   22.300649525
   -0.666398442    2.792526803   33.476246207   47.596827331   19.649424118
   -0.475998887    2.792526803   42.373554847   44.459898531   16.336910382
   -0.285599332    2.792526803   49.978053844   34.282889217   12.735604377
   -0.095199777    2.792526803   55.127582425   19.150435531    8.996417754
    0.095199777    2.792526803   57.159173818    2.104430419    5.076783289
    0.285599332    2.792526803   56.051597654  -13.215576434    0.881060323
    0.475998887    2.792526803   52.493325055  -23.012673159   -3.524108780
    0.666398442    2.792526803   47.839385578  -24.359830947   -7.779542762
    0.856797996    2.792526803   43.824925204  -16.443446523  -11.277525148
    1.047197551    2.792526803   42.051742665   -1.437894610  -13.389808373
    1.237597106    2.792526803   43.429713742   15.728333088  -13.786887760
    1.427996661    2.792526803   47.803910508   29.102604455  -12.602219978
    1.618396215    2.792526803   53.970617735   34.001727696  -10.382743875
    1.808795770    2.792526803   60.086604152   28.503389800   -7.847120920
    1.999195325    2.792526803   64.227336040   13.649892762   -5.602902373
    2.189594880    2.792526803   64.885544319   -7.436188820   -3.968679609
    2.379994435    2.792526803   61.269931400  -30.480125692   -2.944728673
    2.570393989    2.792526803   53.448764184  -50.833010065   -2.300598989
    2.760793544    2.792526803   42.364815346  -64.080494794   -1.703938202
    2.951193099    2.792526803   29.712304662  -66.937820053   -0.844937474
