#! FIELDS phi psi file.free der_phi der_psi
#! SET min_phi -pi
#! SET max_phi pi
#! SET nbins_phi  33
#! SET periodic_phi true
#! SET min_psi -pi
#! SET max_psi pi
#! SET nbins_psi  18
#! SET periodic_psi true
   -3.141592654   -3.141592654   18.985277041  -54.825414313   14.208701286
   -2.951193099   -3.141592654   10.193328649  -36.673887351   16.711958012
   -2.760793544   -3.141592654    5.218420775  -15.712052810   18.541775134
   -2.570393989   -3.141592654    4.017670712    2.090906305   19.737501767
   -2.379994435   -3.141592654    5.556822203   12.688865397   20.593762386
   -2.189594880   -3.141592654    8.342953580   15.397756189   21.568087437
   -1.999195325   -3.141592654   11.086994652   12.908487304   23.061616585
   -1.808795770   -3.141592654   13.209583333    9.624502003   25.171602152
   -1.618396215   -3.141592654   14.958479039    9.503981646   27.557447766
   -1.427996661   -3.141592654   17.150259369   14.340744567   29.531958697
   -1.237597106   -3.141592654   20.685277827   23.237918073   30.344487107
   -1.047197551   -3.141592654   26.082245350   33.282151404   29.505520163
   -0.856797996   -3.141592654   33.216838699   40.889749367   26.966773203
   -0.666398442   -3.141592654   41.327346150   43.126322105   23.060551767
   -0.475998887   -3.141592654   49.224252900   38.523757647   18.298288413
   -0.285599332   -3.141592654   55.590154595   27.216067210   13.149918591
   -0.095199777   -3.141592654   59.274261777   10.763380908    7.903622503
    0.095199777   -3.141592654   59.555169725   -7.946852701    2.684516651
    0.285599332   -3.141592654   56.380600804  -24.792726510   -2.428057772
    0.475998887   -3.141592654   50.548567832  -35.068768180   -7.225518959
    0.666398442   -3.141592654   43.701474698  -34.980382550  -11.297571949
    0.856797996   -3.141592654   37.974812200  -23.458830411  -14.107959399
    1.047197551   -3.141592654   35.338704310   -3.326253667  -15.223354365
    1.237597106   -3.141592654   36.872447465   19.162288711  -14.563140820
    1.427996661   -3.141592654   42.314404425   36.563065633  -12.465869915
    1.618396215   -3.141592654   50.106870473   43.180514119   -9.540990478
    1.808795770   -3.141592654   57.937497254   36.962821758   -6.394167442
    1.999195325   -3.141592654   63.474313040   19.657734571   -3.395996335
    2.189594880   -3.141592654   64.993272988   -4.380678767   -0.607687622
    2.379994435   -3.141592654   61.726619698  -29.671626189    2.123864060
    2.570393989   -3.141592654   53.957245234  -50.838426485    4.989776215
    2.760793544   -3.141592654   42.915789125  -63.428635392    8.061696992
    2.951193099   -3.141592654   30.527166332  -64.768005163   11.224630991

   -3.141592654   -2.792526803   25.366675136  -49.764667467   21.683451931
   -2.951193099   -2.792526803   17.384428871  -33.297202680   24.296929901
   -2.760793544   -2.792526803   12.884114734  -14.067457956   25.708738216
   -2.570393989   -2.792526803   11.868839086    2.522278245   26.091139426
   -2.379994435   -2.792526803   13.447629122   12.849903286   25.934585526
   -2.189594880   -2.792526803   16.320714671   16.300801006   25.861931708
   -1.999195325   -2.792526803   19.361795264   15.174992833   26.353583520
   -1.808795770   -2.792526803   22.042515579   13.128196106   27.499857789
   -1.618396215   -2.792526803   24.507682954   13.316269856   28.914183666
   -1.427996661   -2.792526803   27.343155364   17.044192252   29.872341151
   -1.237597106   -2.792526803   31.175886691   23.478935906   29.618685334
   -1.047197551   -2.792526803   36.314801207   30.277299510   27.689397014
   -0.856797996   -2.792526803   42.560947203   34.632516057   24.083312727
   -0.666398442   -2.792526803   49.217527151   34.265551374   19.198644538
   -0.475998887   -2.792526803   55.255000972   28.035426217   13.626905490
   -0.285599332   -2.792526803   59.545823087   16.062313230    7.923091252
   -0.095199777   -2.792526803   61.105266623   -0.283632716    2.452212398
    0.095199777   -2.792526803   59.339607183  -18.305539313   -2.607226608
    0.285599332   -2.792526803   54.300393385  -33.913481600   -7.155367146
    0.475998887   -2.792526803   46.899478405  -42.304455711  -11.015622963
    0.666398442   -2.792526803   38.911850131  -39.602284995  -13.879199811
    0.856797996   -2.792526803   32.599239443  -24.918913555  -15.376246329
    1.047197551   -2.792526803   29.991852485   -1.598947664  -15.274687050
    1.237597106   -2.792526803   32.111338442   23.441442171  -13.662641993
    1.427996661   -2.792526803   38.525642282   42.308056610  -10.956533773
    1.618396215   -2.792526803   47.461781809   49.298494393   -7.713782686
    1.808795770   -2.792526803   56.434816781   42.785984955   -4.382808143
    1.999195325   -2.792526803   63.041697127   25.105210080   -1.130902852
    2.189594880   -2.792526803   65.588413840    1.040167564    2.151831124
    2.379994435   -2.792526803   63.385997841  -23.859068472    5.693535584
    2.570393989   -2.792526803   56.776014019  -44.485682200    9.634811761
    2.760793544   -2.792526803   46.977153236  -56.819810338   13.876515770
    2.951193099   -2.792526803   35.822595943  -58.554561807   18.061168498

   -3.141592654   -2.443460953   33.007151821  -44.230478059   20.691664548
   -2.951193099   -2.443460953   25.873801381  -29.980624795   22.904929635
   -2.760793544   -2.443460953   21.788654386  -12.966771819   23.946398842
   -2.570393989   -2.443460953   20.818876490    2.052818714   24.028838880
   -2.379994435   -2.443460953   22.240275197   11.850275875   23.618780310
   -2.189594880   -2.443460953   24.954302976   15.766984197   23.235998858
   -1.999195325   -2.443460953   27.982740371   15.598240683   23.218289694
   -1.808795770   -2.443460953   30.819673833   14.236368515   23.545628896
   -1.618396215   -2.443460953   33.488891688   14.156062657   23.824658943
   -1.427996661   -2.443460953   36.360092216   16.383529193   23.452880341
   -1.237597106   -2.443460953   39.841807612   20.344546005   21.891494510
   -1.047197551   -2.443460953   44.116207797   24.358132862   18.916667817
   -0.856797996   -2.443460953   48.998540817   26.364286986   14.717466034
   -0.666398442   -2.443460953   53.930570279   24.612387156    9.788808645
   -0.475998887   -2.443460953   58.086552025   18.117405809    4.715572412
   -0.285599332   -2.443460953   60.538489062    6.798422749   -0.036310937
   -0.095199777   -2.443460953   60.442644662   -8.341235814   -4.232560290
    0.095199777   -2.443460953   57.276152882  -24.940249421   -7.833142454
    0.285599332   -2.443460953   51.114040901  -39.049854997  -10.862662861
    0.475998887   -2.443460953   42.886465039  -45.814409496  -13.264682133
    0.666398442   -2.443460953   34.404311979  -41.234539501  -14.854503920
    0.856797996   -2.443460953   27.976723387  -24.464122426  -15.380034897
    1.047197551   -2.443460953   25.650325788    0.865977102  -14.687083379
    1.237597106   -2.443460953   28.394968555   27.439753594  -12.861348432
    1.427996661   -2.443460953   35.660247830   47.129767542  -10.233681636
    1.618396215   -2.443460953   45.540714261   54.317954521   -7.222697473
    1.808795770   -2.443460953   55.465195737   47.756141903   -4.141789123
    1.999195325   -2.443460953   63.026587117   30.219184521   -1.074747224
    2.189594880   -2.443460953   66.595476008    6.731865045    2.104345874
    2.379994435   -2.443460953   65.561323809  -17.251584907    5.583959488
    2.570393989   -2.443460953   60.296466847  -37.019517461    9.440597047
    2.760793544   -2.443460953   51.960811943  -49.053579641   13.518124677
    2.951193099   -2.443460953   42.242177969  -51.419620571   17.431524453

   -3.141592654   -2.094395102   38.940780426  -39.980466508   14.227897138
   -2.951193099   -2.094395102   32.454899659  -27.464573761   15.737460702
   -2.760793544   -2.094395102   28.687276867  -12.092970675   16.426558700
   -2.570393989   -2.094395102   27.766162889    1.805331047   16.447869098
   -2.379994435   -2.094395102   29.090105918   11.188302160   16.070251939
   -2.189594880   -2.094395102   31.684752302   15.234747000   15.534695710
   -1.999195325   -2.094395102   34.635047083   15.276181118   14.929884114
   -1.808795770   -2.094395102   37.396838224   13.650974119   14.139671004
   -1.618396215   -2.094395102   39.863338873   12.462600660   12.905128600
   -1.427996661   -2.094395102   42.239102170   12.766600845   10.969389090
   -1.237597106   -2.094395102   44.815082271   14.450348232    8.231503959
   -1.047197551   -2.094395102   47.770775007   16.528360349    4.830438492
   -0.856797996   -2.094395102   51.049317042   17.546960751    1.111809453
   -0.666398442   -2.094395102   54.302346209   15.991218732   -2.511951502
   -0.475998887   -2.094395102   56.915703841   10.670870239   -5.714438481
   -0.285599332   -2.094395102   58.102551499    0.995070476   -8.349821476
   -0.095199777   -2.094395102   57.056500062  -12.562719867  -10.462161856
    0.095199777   -2.094395102   53.207694527  -27.951812808  -12.203282741
    0.285599332   -2.094395102   46.555743234  -41.216412295  -13.704774684
    0.475998887   -2.094395102   37.984619718  -47.241824582  -14.968810210
    0.666398442   -2.094395102   29.316161894  -41.704813072  -15.837191264
    0.856797996   -2.094395102   22.917314942  -23.628741586  -16.045237782
    1.047197551   -2.094395102   20.890678365    3.195035712  -15.369750669
    1.237597106   -2.094395102   24.210860827   31.098335299  -13.766386563
    1.427996661   -2.094395102   32.265160393   51.666485190  -11.420058895
    1.618396215   -2.094395102   43.052297312   59.227512887   -8.643903415
    1.808795770   -2.094395102   53.921370117   52.738282886   -5.732686723
    1.999195325   -2.094395102   62.437845173   35.288898586   -2.839851449
    2.189594880   -2.094395102   66.997949513   12.107992777    0.042337099
    2.379994435   -2.094395102   67.033405280  -11.381759421    2.996077054
    2.570393989   -2.094395102   62.930504435  -30.729686063    6.056826195
    2.760793544   -2.094395102   55.801832658  -42.768253498    9.122020389
    2.951193099   -2.094395102   47.227604182  -45.814426816   11.946800352

   -3.141592654   -1.745329252   42.259287157  -37.520685416    6.662949571
   -2.951193099   -1.745329252   36.131494054  -26.183031231    7.334413221
   -2.760793544   -1.745329252   32.498283653  -11.936056607    7.549955647
   -2.570393989   -1.745329252   31.518096916    1.077093931    7.364222626
   -2.379994435   -1.745329252   32.639868628    9.822113525    6.835836620
   -2.189594880   -1.745329252   34.921158615   13.297986083    5.964077801
   -1.999195325   -1.745329252   37.434822631   12.576645359    4.672435944
   -1.808795770   -1.745329252   39.583201071    9.853405887    2.849797684
   -1.618396215   -1.745329252   41.201620282    7.340813711    0.441076362
   -1.427996661   -1.745329252   42.483017904    6.454735637   -2.467980010
   -1.237597106   -1.745329252   43.786610932    7.531950212   -5.623253269
   -1.047197551   -1.745329252   45.435661019    9.889520718   -8.652437712
   -0.856797996   -1.745329252   47.548813889   12.078996619  -11.176440607
   -0.666398442   -1.745329252   49.921232146   12.267856348  -12.942524604
   -0.475998887   -1.745329252   52.001545958    8.771519611  -13.904782878
   -0.285599332   -1.745329252   52.971242952    0.521590429  -14.228055113
   -0.095199777   -1.745329252   51.918404258  -12.281386091  -14.217832684
    0.095199777   -1.745329252   48.140730071  -27.577483633  -14.202982215
    0.285599332   -1.745329252   41.533063436  -41.152654590  -14.404851242
    0.475998887   -1.745329252   32.941016800  -47.488053377  -14.848386891
    0.666398442   -1.745329252   24.225087967  -41.868096699  -15.347938148
    0.856797996   -1.745329252   17.848265132  -23.139253411  -15.566380443
    1.047197551   -1.745329252   16.015613875    4.797208288  -15.167785239
    1.237597106   -1.745329252   19.759879232   33.928136484  -13.964198215
    1.427996661   -1.745329252   28.454202858   55.488017060  -12.009574975
    1.618396215   -1.745329252   40.030068079   63.606347428   -9.547669730
    1.808795770   -1.745329252   51.753976458   57.277968928   -6.893322440
    1.999195325   -1.745329252   61.132800031   39.784950884   -4.302959192
    2.189594880   -1.745329252   66.542849556   16.539930771   -1.904564943
    2.379994435   -1.745329252   67.420246730   -6.970704644    0.279950091
    2.570393989   -1.745329252   64.153444567  -26.381797906    2.267237553
    2.760793544   -1.745329252   57.831237765  -38.697979440    4.044449358
    2.951193099   -1.745329252   49.978877100  -42.370800379    5.542389400

   -3.141592654   -1.396263402   41.730045033  -38.003973866    3.780140426
   -2.951193099   -1.396263402   35.492681432  -26.825295702    3.723194113
   -2.760793544   -1.396263402   31.736808382  -12.568820636    3.280396430
   -2.570393989   -1.396263402   30.640266312    0.473288010    2.471627215
   -2.379994435   -1.396263402   31.634363997    9.024041161    1.279992859
   -2.189594880   -1.396263402   33.710600994   11.852482041   -0.376638294
   -1.999195325   -1.396263402   35.844560732    9.952642459   -2.613780839
   -1.808795770   -1.396263402   37.351820161    5.721601445   -5.482045609
   -1.618396215   -1.396263402   38.045767051    1.832705036   -8.853869773
   -1.427996661   -1.396263402   38.198572654    0.266943249  -12.376031285
   -1.237597106   -1.396263402   38.345528668    1.774177659  -15.538844339
   -1.047197551   -1.396263402   39.032192095    5.718195237  -17.832514174
   -0.856797996   -1.396263402   40.570178954   10.291733618  -18.919011230
   -0.666398442   -1.396263402   42.847455649   13.019973918  -18.746521199
   -0.475998887   -1.396263402   45.275629409   11.534142609  -17.552296016
   -0.285599332   -1.396263402   46.884658933    4.281325293  -15.779989733
   -0.095199777   -1.396263402   46.549558065   -8.693392265  -13.942277499
    0.095199777   -1.396263402   43.358289812  -25.136494537  -12.469633233
    0.285599332   -1.396263402   37.060819077  -40.367273985  -11.587385195
    0.475998887   -1.396263402   28.464348149  -48.249987844  -11.266036602
    0.666398442   -1.396263402   19.508695495  -43.469461008  -11.259314515
    0.856797996   -1.396263402   12.830212383  -24.529582527  -11.202711718
    1.047197551   -1.396263402   10.835202204    4.616295656  -10.774478281
    1.237597106   -1.396263402   14.709003433   35.494468278   -9.802460010
    1.427996661   -1.396263402   23.867135230   58.716190236   -8.321723419
    1.618396215   -1.396263402   36.171287289   67.891188725   -6.508232478
    1.808795770   -1.396263402   48.747423940   61.802019570   -4.581332363
    1.999195325   -1.396263402   58.952926183   43.843312170   -2.718505109
    2.189594880   -1.396263402   65.056018834   19.713767628   -1.019127921
    2.379994435   -1.396263402   66.442012052   -4.806559211    0.475302720
    2.570393989   -1.396263402   63.496219713  -25.151086302    1.742480003
    2.760793544   -1.396263402   57.332082125  -38.238205454    2.750124879
    2.951193099   -1.396263402   49.509599457  -42.484707343    3.446533093

   -3.141592654   -1.047197551   40.253993926  -39.675628422    3.471905438
   -2.951193099   -1.047197551   33.693894009  -28.530614678    2.375977202
   -2.760793544   -1.047197551   29.613850922  -14.280153456    0.790431826
   -2.570393989   -1.047197551   28.178927986   -1.417149523   -1.166557088
   -2.379994435   -1.047197551   28.769548587    6.607146131   -3.427078971
   -2.189594880   -1.047197551   30.302674382    8.501562813   -6.024511489
   -1.999195325   -1.047197551   31.687943861    5.426762557   -9.044073228
   -1.808795770   -1.047197551   32.231050580    0.193042641  -12.482186362
   -1.618396215   -1.047197551   31.828059578   -4.002187078  -16.106301159
   -1.427996661   -1.047197551   30.925716948   -4.783946833  -19.431837710
   -1.237597106   -1.047197551   30.277133760   -1.359978174  -21.857235398
   -1.047197551   -1.047197551   30.613728458    5.255623528  -22.888603598
   -0.856797996   -1.047197551   32.333354315   12.617939932  -22.331944212
   -0.666398442   -1.047197551   35.280039228   17.580696385  -20.367081844
   -0.475998887   -1.047197551   38.709514159   17.293810716  -17.477103825
   -0.285599332   -1.047197551   41.432935202   10.025921316  -14.294346430
   -0.095199777   -1.047197551   42.103991716   -4.023375689  -11.407527336
    0.095199777   -1.047197551   39.644230957  -22.188847759   -9.195463756
    0.285599332   -1.047197551   33.731371578  -39.244769828   -7.737685233
    0.475998887   -1.047197551   25.205774832  -48.526848564   -6.845462494
    0.666398442   -1.047197551   16.126223510  -44.352189922   -6.195408735
    0.856797996   -1.047197551    9.292726032  -25.155647253   -5.482837133
    1.047197551   -1.047197551    7.258865080    4.905514123   -4.560338594
    1.237597106   -1.047197551   11.298818709   36.942472614   -3.440146990
    1.427996661   -1.047197551   20.833356618   61.152546949   -2.246386876
    1.618396215   -1.047197551   33.660741688   70.852928297   -1.098670450
    1.808795770   -1.047197551   46.806750754   64.729089721   -0.045983311
    1.999195325   -1.047197551   57.526938373   46.250780288    0.931411861
    2.189594880   -1.047197551   64.012345207   21.284568990    1.869359066
    2.379994435   -1.047197551   65.606665356   -4.195052757    2.757578528
    2.570393989   -1.047197551   62.689320233  -25.440919612    3.508900061
    2.760793544   -1.047197551   56.397969112  -39.245868972    3.976415856
    2.951193099   -1.047197551   48.335756481  -43.949785882    4.000123108

   -3.141592654   -0.698131701   40.114846536  -42.832759961    2.740716489
   -2.951193099   -0.698131701   32.877585933  -32.431830515    1.040998583
   -2.760793544   -0.698131701   28.011025621  -18.584715508   -1.161430819
   -2.570393989   -0.698131701   25.737582620   -5.897651836   -3.733482617
   -2.379994435   -0.698131701   25.459599565    1.943838001   -6.579045409
   -2.189594880   -0.698131701   26.073786630    3.478837898   -9.685917000
   -1.999195325   -0.698131701   26.459434115   -0.039899696  -13.064643770
   -1.808795770   -0.698131701   25.939730011   -5.409097805  -16.593211446
   -1.618396215   -0.698131701   24.517037907   -8.941347112  -19.893255579
   -1.427996661   -0.698131701   22.822018459   -7.990008591  -22.369075987
   -1.237597106   -0.698131701   21.802692010   -1.931253280  -23.424170136
   -1.047197551   -0.698131701   22.312546823    7.645166152  -22.732666544
   -0.856797996   -0.698131701   24.742892094   17.566511690  -20.401382462
   -0.666398442   -0.698131701   28.798927432   24.079725988  -16.935617532
   -0.475998887   -0.698131701   33.510171721   24.033001645  -13.045181306
   -0.285599332   -0.698131701   37.439985112   15.774602502   -9.403541727
   -0.095199777   -0.698131701   39.043655627   -0.065980202   -6.433735726
    0.095199777   -0.698131701   37.149386419  -20.176742155   -4.199285599
    0.285599332   -0.698131701   31.468842816  -38.692300175   -2.441122349
    0.475998887   -0.698131701   22.979032415  -48.553480799   -0.769008329
    0.666398442   -0.698131701   13.913035850  -44.063205324    1.084163355
    0.856797996   -0.698131701    7.212563079  -24.018741483    3.097986432
    1.047197551   -0.698131701    5.484127123    6.936247500    4.962076158
    1.237597106   -0.698131701    9.970002861   39.506088368    6.292681536
    1.427996661   -0.698131701   20.005386015   63.764435697    6.853540846
    1.618396215   -0.698131701   33.304928423   73.154351632    6.694992631
    1.808795770   -0.698131701   46.847502678   66.585956911    6.108184206
    1.999195325   -0.698131701   57.880344468   47.686700239    5.454967170
    2.189594880   -0.698131701   64.601690377   22.326052203    4.990307494
    2.379994435   -0.698131701   66.350675417   -3.638685891    4.772268861
    2.570393989   -0.698131701   63.477108730  -25.578786082    4.670769522
    2.760793544   -0.698131701   57.073559386  -40.324634062    4.449558592
    2.951193099   -0.698131701   48.704598013  -46.098973187    3.861678750

   -3.141592654   -0.349065850   40.631284785  -46.082733137    1.832347328
   -2.951193099   -0.349065850   32.688042778  -36.551652991   -0.417298023
   -2.760793544   -0.349065850   26.973873677  -23.310859134   -3.108177495
   -2.570393989   -0.349065850   23.762858596  -10.986869939   -6.053101085
   -2.379994435   -0.349065850   22.489256092   -3.423829324   -9.113324916
   -2.189594880   -0.349065850   22.052511313   -2.195630356  -12.245328108
   -1.999195325   -0.349065850   21.335189009   -5.900771176  -15.416391497
   -1.808795770   -0.349065850   19.722233294  -10.890695324  -18.430581536
   -1.618396215   -0.349065850   17.371900041  -13.000174517  -20.825228013
   -1.427996661   -0.349065850   15.134173327   -9.452962131  -21.974762899
   -1.237597106   -0.349065850   14.146798694   -0.073449673  -21.381075045
   -1.047197551   -0.349065850   15.322187316   12.672958885  -18.969442920
   -0.856797996   -0.349065850   18.935077478   24.727287192  -15.190425493
   -0.666398442   -0.349065850   24.436512622   31.833932773  -10.849840456
   -0.475998887   -0.349065850   30.560013296   30.897850328   -6.786397939
   -0.285599332   -0.349065850   35.633428990   20.827697222   -3.564726797
   -0.095199777   -0.349065850   38.013327518    3.084685477   -1.288403712
    0.095199777   -0.349065850   36.588522575  -18.231395284    0.389896768
    0.285599332   -0.349065850   31.250798476  -36.850200678    2.073276435
    0.475998887   -0.349065850   23.180706145  -45.887049820    4.283760600
    0.666398442   -0.349065850   14.727932584  -40.328147742    7.146567095
    0.856797996   -0.349065850    8.800933561  -19.807131930   10.274244780
    1.047197551   -0.349065850    7.837446104   10.563957781   12.924100959
    1.237597106   -0.349065850   12.879948381   41.602028005   14.402180184
    1.427996661   -0.349065850   23.136763658   63.997987549   14.400608884
    1.618396215   -0.349065850   36.329292679   71.906128882   13.127561903
    1.808795770   -0.349065850   49.554912158   64.649820255   11.156975774
    1.999195325   -0.349065850   60.215760505   45.819691157    9.129322972
    2.189594880   -0.349065850   66.622590539   20.919764099    7.480061825
    2.379994435   -0.349065850   68.146162149   -4.642958208    6.325273957
    2.570393989   -0.349065850   65.091414486  -26.557557840    5.495644045
    2.760793544   -0.349065850   58.465367293  -41.764845300    4.668559925
    2.951193099   -0.349065850   49.747149384  -48.370320297    3.515855131

   -3.141592654    0.000000000   41.013565676  -49.585380397    0.140637530
   -2.951193099    0.000000000   32.327638549  -40.803428033   -1.912508889
   -2.760793544    0.000000000   25.750298721  -28.067582094   -4.177020677
   -2.570393989    0.000000000   21.606877152  -15.982879273   -6.541289056
   -2.379994435    0.000000000   19.372242116   -8.503446937   -8.949849199
   -2.189594880    0.000000000   17.967563438   -7.258355681  -11.404263329
   -1.999195325    0.000000000   16.308122157  -10.653396127  -13.850059387
   -1.808795770    0.000000000   13.872752466  -14.618321243  -16.020272526
   -1.618396215    0.000000000   10.992837810  -14.648699372  -17.394951323
   -1.427996661    0.000000000    8.717234138   -8.087153172  -17.380780447
   -1.237597106    0.000000000    8.301888106    4.526057295  -15.639089125
   -1.047197551    0.000000000   10.606152811   19.716013210  -12.348180802
   -0.856797996    0.000000000   15.671830302   32.647970514   -8.203997609
   -0.666398442    0.000000000   22.626225694   38.918473747   -4.123233559
   -0.475998887    0.000000000   29.918450666   35.959468347   -0.846046195
   -0.285599332    0.000000000   35.737134992   23.637064069    1.362308664
   -0.095199777    0.000000000   38.491266671    4.393812617    2.801978202
    0.095199777    0.000000000   37.281100025  -17.034439718    4.174413380
    0.285599332    0.000000000   32.274210310  -34.383891270    6.248171472
    0.475998887    0.000000000   24.858127024  -41.464609451    9.443629938
    0.666398442    0.000000000   17.409254320  -34.380757095   13.548136743
    0.856797996    0.000000000   12.653927286  -13.758365287   17.721307434
    1.047197551    0.000000000   12.714503503   14.997449639   20.835054411
    1.237597106    0.000000000   18.345054560   43.225520374   22.018768152
    1.427996661    0.000000000   28.622250821   62.656751753   21.041669352
    1.618396215    0.000000000   41.336937316   68.426296614   18.363742203
    1.808795770    0.000000000   53.797218561   60.313278902   14.854768276
    1.999195325    0.000000000   63.643349657   41.751025345   11.383183418
    2.189594880    0.000000000   69.352011029   17.703049813    8.500666856
    2.379994435    0.000000000   70.347498887   -7.018116909    6.349340394
    2.570393989    0.000000000   66.889606444  -28.509757926    4.747997974
    2.760793544    0.000000000   59.887472604  -43.859413399    3.366500117
    2.951193099    0.000000000   50.718760396  -51.060316345    1.890926481

   -3.141592654    0.349065850   42.026204445  -51.846120259   -0.777873709
   -2.951193099    0.349065850   32.848569949  -43.677612644   -2.158480025
   -2.760793544    0.349065850   25.672294186  -31.444266963   -3.531054958
   -2.570393989    0.349065850   20.850847446  -19.697989842   -4.893324933
   -2.379994435    0.349065850   17.886329453  -12.433371619   -6.288785502
   -2.189594880    0.349065850   15.723484978  -11.252392712   -7.770234066
   -1.999195325    0.349065850   13.325305797  -14.322607691   -9.287331609
   -1.808795770    0.349065850   10.279957046  -17.199962307  -10.575802784
   -1.618396215    0.349065850    7.089063782  -15.177140873  -11.172531000
   -1.427996661    0.349065850    4.967130601   -5.885177567  -10.614009988
   -1.237597106    0.349065850    5.228224953    9.325301904   -8.723429593
   -1.047197551    0.349065850    8.614478096   26.030471221   -5.791553644
   -0.856797996    0.349065850   14.898697445   38.855349256   -2.499926880
   -0.666398442    0.349065850   22.905696101   43.587174927    0.410089463
   -0.475998887    0.349065850   30.884682755   38.492307880    2.497835514
   -0.285599332    0.349065850   37.013878132   24.531726799    3.831990890
   -0.095199777    0.349065850   39.887189913    5.021249776    4.963912307
    0.095199777    0.349065850   38.905216344  -14.999569044    6.663074657
    0.285599332    0.349065850   34.522774833  -29.740821804    9.548615152
    0.475998887    0.349065850   28.255868771  -34.146080727   13.722453119
    0.666398442    0.349065850   22.361374432  -25.697967244   18.606741652
    0.856797996    0.349065850   19.214591361   -5.972227915   23.080930924
    1.047197551    0.349065850   20.490527008   19.658425230   25.920345440
    1.237597106    0.349065850   26.602011893   43.538312939   26.342422012
    1.427996661    0.349065850   36.532486677   58.868507314   24.324871791
    1.618396215    0.349065850   48.244687224   61.994418056   20.549228653
    1.808795770    0.349065850   59.379864389   53.141097555   16.040949974
    1.999195325    0.349065850   67.919524815   35.407166254   11.733700695
    2.189594880    0.349065850   72.569000539   12.985085603    8.179935921
    2.379994435    0.349065850   72.827519906  -10.095641782    5.504936123
    2.570393989    0.349065850   68.901851402  -30.461142228    3.534578041
    2.760793544    0.349065850   61.579442666  -45.392782003    1.980629893
    2.951193099    0.349065850   52.108214823  -52.779301547    0.589625741

   -3.141592654    0.698131701   42.829785096  -53.491521790   -2.187214737
   -2.951193099    0.698131701   33.310397215  -45.594033110   -2.721841802
   -2.760793544    0.698131701   25.747921221  -33.554449784   -3.021662539
   -2.570393989    0.698131701   20.514057937  -21.898633960   -3.193098139
   -2.379994435    0.698131701   17.126449339  -14.666866280   -3.381542111
   -2.189594880    0.698131701   14.539697627  -13.448927812   -3.713397554
   -1.999195325    0.698131701   11.743213071  -16.249459696   -4.200948641
   -1.808795770    0.698131701    8.392651016  -18.382078400   -4.681644604
   -1.618396215    0.698131701    5.093893804  -15.041731103   -4.855292698
   -1.427996661    0.698131701    3.152626723   -4.110044267   -4.433911919
   -1.237597106    0.698131701    3.893176426   12.487486571   -3.322009208
   -1.047197551    0.698131701    7.951593133   29.749189522   -1.705355112
   -0.856797996    0.698131701   14.914191500   42.107439794    0.033984008
   -0.666398442    0.698131701   23.438217613   45.716723536    1.555926972
   -0.475998887    0.698131701   31.718071398   39.607894217    2.776534737
   -0.285599332    0.698131701   38.030208091   25.538453267    3.951345163
   -0.095199777    0.698131701   41.189664000    7.245236953    5.588629445
    0.095199777    0.698131701   40.844134955  -10.389544019    8.199377518
    0.285599332    0.698131701   37.605947756  -22.362353343   12.016953629
    0.475998887    0.698131701   32.955021542  -24.782846936   16.762692564
    0.666398442    0.698131701   28.888445583  -16.244890864   21.624138108
    0.856797996    0.698131701   27.362096948    1.198457576   25.468944969
    1.047197551    0.698131701   29.628145119   22.656588961   27.275633473
    1.237597106    0.698131701   35.850680838   41.733783975   26.562263295
    1.427996661    0.698131701   45.034457782   53.076675427   23.573112059
    1.618396215    0.698131701   55.403386850   54.018913922   19.124588813
    1.808795770    0.698131701   64.971396092   44.959904046   14.231663154
    1.999195325    0.698131701   72.055154980   28.472706824    9.727856153
    2.189594880    0.698131701   75.558975049    7.920407996    6.056284216
    2.379994435    0.698131701   75.027429481  -13.396877483    3.283167643
    2.570393989    0.698131701   70.600335238  -32.536890540    1.250870364
    2.760793544    0.698131701   62.947587416  -46.888361334   -0.250432140
    2.951193099    0.698131701   53.203472499  -54.208703170   -1.373431237

   -3.141592654    1.047197551   40.938787099  -54.465678936   -5.562464748
   -2.951193099    1.047197551   31.326139066  -45.589487760   -5.202822277
   -2.760793544    1.047197551   23.845343796  -32.740330148   -4.342996089
   -2.570393989    1.047197551   18.815407731  -20.638229887   -3.251245939
   -2.379994435    1.047197551   15.675124495  -13.398651968   -2.205312866
   -2.189594880    1.047197551   13.302065326  -12.509299465   -1.408037759
   -1.999195325    1.047197551   10.643874656  -15.725904598   -0.932685526
   -1.808795770    1.047197551    7.366032647  -18.094333656   -0.726818289
   -1.618396215    1.047197551    4.124822036  -14.675974775   -0.660231828
   -1.427996661    1.047197551    2.280824557   -3.435952944   -0.594342274
   -1.237597106    1.047197551    3.180571730   13.455270223   -0.433118318
   -1.047197551    1.047197551    7.435299135   30.785447994   -0.137135179
   -0.856797996    1.047197551   14.583724729   43.001812617    0.312086233
   -0.666398442    1.047197551   23.267132811   46.542004502    0.992090586
   -0.475998887    1.047197551   31.733570617   40.849700507    2.081491254
   -0.285599332    1.047197551   38.383726406   27.988488698    3.844983020
   -0.095199777    1.047197551   42.186314721   11.648859485    6.549357700
    0.095199777    1.047197551   42.893756117   -3.741447151   10.303139833
    0.285599332    1.047197551   41.102391300  -13.975977683   14.905817284
    0.475998887    1.047197551   38.111847474  -16.009544669   19.759429561
    0.666398442    1.047197551   35.603269819   -8.981752343   23.959715032
    0.856797996    1.047197551   35.170614871    5.173312254   26.537745524
    1.047197551    1.047197551   37.795138473   22.377441838   26.827976461
    1.237597106    1.047197551   43.567674391   37.426985415   24.736048787
    1.427996661    1.047197551   51.640733461   45.986365886   20.780012796
    1.618396215    1.047197551   60.528456321   45.828916098   15.843964073
    1.808795770    1.047197551   68.552051646   37.121770201   10.821238610
    1.999195325    1.047197551   74.246930430   21.798612977    6.327973549
    2.189594880    1.047197551   76.607406633    2.567504157    2.614945485
    2.379994435    1.047197551   75.166619339  -17.647201998   -0.330851155
    2.570393989    1.047197551   70.012616434  -35.956764169   -2.606742342
    2.760793544    1.047197551   61.776710223  -49.590253168   -4.260317484
    2.951193099    1.047197551   51.590352251  -56.118728311   -5.260141429

   -3.141592654    1.396263402   36.692075763  -54.858161639  -10.752347530
   -2.951193099    1.396263402   27.179967114  -44.162978770  -10.379890826
   -2.760793544    1.396263402   20.113978977  -29.906710566   -9.151510209
   -2.570393989    1.396263402   15.704195512  -17.079482577   -7.350971480
   -2.379994435    1.396263402   13.252972595   -9.829245021   -5.317154177
   -2.189594880    1.396263402   11.515204095   -9.476766027   -3.335355679
   -1.999195325    1.396263402    9.357193592  -13.536478474   -1.590456601
   -1.808795770    1.396263402    6.407095988  -16.843630195   -0.191442416
   -1.618396215    1.396263402    3.319342130  -14.296504385    0.787560995
   -1.427996661    1.396263402    1.480471834   -3.721779307    1.305806213
   -1.237597106    1.396263402    2.289641416   12.849570795    1.407408285
   -1.047197551    1.396263402    6.436093053   30.325415355    1.264154711
   -0.856797996    1.396263402   13.553774622   43.226479814    1.171136718
   -0.666398442    1.396263402   22.388501567   47.988804987    1.492864867
   -0.475998887    1.396263402   31.283644120   43.960203871    2.564951094
   -0.285599332    1.396263402   38.705385617   32.996182189    4.602893529
   -0.095199777    1.396263402   43.634631867   18.414778516    7.630943305
    0.095199777    1.396263402   45.751825899    4.150060715   11.417298859
    0.285599332    1.396263402   45.483126741   -6.107916090   15.452902051
    0.475998887    1.396263402   43.872496675   -9.627670084   19.012040225
    0.666398442    1.396263402   42.323897860   -5.473775255   21.334374560
    0.856797996    1.396263402   42.215206153    5.010090461   21.850119600
    1.047197551    1.396263402   44.460188992   18.646214668   20.411137692
    1.237597106    1.396263402   49.254068708   31.092860337   17.337229902
    1.427996661    1.396263402   55.982549887   38.432519995   13.296852058
    1.618396215    1.396263402   63.418332566   38.298296341    9.017003929
    1.808795770    1.396263402   70.071360960   30.318096636    5.027396104
    1.999195325    1.396263402   74.552414954   15.832414925    1.540365580
    2.189594880    1.396263402   75.838893870   -2.794120254   -1.490943685
    2.379994435    1.396263402   73.416687568  -22.608820481   -4.202198933
    2.570393989    1.396263402   67.358942483  -40.442111284   -6.647309377
    2.760793544    1.396263402   58.343373454  -53.198213053   -8.714588658
    2.951193099    1.396263402   47.595014276  -58.315616319  -10.162842870

   -3.141592654    1.745329252   31.117218564  -55.578317257  -16.082449640
   -2.951193099    1.745329252   21.681865392  -42.654058120  -15.994316461
   -2.760793544    1.745329252   15.088038985  -26.563742946  -14.689824401
   -2.570393989    1.745329252   11.430945636  -12.658530963  -12.405469351
   -2.379994435    1.745329252    9.858225230   -5.151487490   -9.493855557
   -2.189594880    1.745329252    8.980826277   -5.212346768   -6.288350659
   -1.999195325    1.745329252    7.556932224  -10.155696244   -3.050157945
   -1.808795770    1.745329252    5.139724421  -14.673196992   -0.005472717
   -1.618396215    1.745329252    2.335063004  -13.510262190    2.604370632
   -1.427996661    1.745329252    0.519525844   -4.219706248    4.548435921
   -1.237597106    1.745329252    1.149622150   11.575960093    5.716221503
   -1.047197551    1.745329252    5.049882860   29.170068328    6.213561389
   -0.856797996    1.745329252   12.041799474   43.219991836    6.360932765
   -0.666398442    1.745329252   21.053758196   49.955561616    6.585631068
   -0.475998887    1.745329252   30.543775678   48.245137664    7.259237095
   -0.285599332    1.745329252   38.987713156   39.356802459    8.565106730
   -0.095199777    1.745329252   45.265136990   26.042462894   10.426194348
    0.095199777    1.745329252   48.859038370   11.798080027   12.495528726
    0.285599332    1.745329252   49.934669141    0.116504595   14.218653815
    0.475998887    1.745329252   49.267651085   -6.116325710   14.999627112
    0.666398442    1.745329252   48.062981676   -5.429141103   14.431354672
    0.856797996    1.745329252   47.631984952    1.679106828   12.463773562
    1.047197551    1.745329252   48.988497048   12.844152978    9.465652092
    1.237597106    1.745329252   52.551431751   24.202659525    6.051822129
    1.427996661    1.745329252   57.969968003   31.737422939    2.839740447
    1.618396215    1.745329252   64.213442406   32.528996588    0.183508192
    1.808795770    1.745329252   69.863850916   25.505979324   -1.920714692
    1.999195325    1.745329252   73.484792054   11.512136602   -3.752187863
    2.189594880    1.745329252   73.949270233   -7.182902589   -5.668606314
    2.379994435    1.745329252   70.659872127  -27.329600451   -7.897970316
    2.570393989    1.745329252   63.685628317  -45.260488671  -10.413732624
    2.760793544    1.745329252   53.794332508  -57.427891739  -12.923061791
    2.951193099    1.745329252   42.363027964  -61.114987073  -14.964282851

   -3.141592654    2.094395102   24.585088088  -57.278896328  -17.046164845
   -2.951193099    2.094395102   15.058280783  -41.899350495  -16.970291551
   -2.760793544    2.094395102    8.835070465  -23.503588034  -15.610332807
   -2.570393989    2.094395102    5.936913342   -7.870607043  -13.154569850
   -2.379994435    2.094395102    5.384040832    0.657735726   -9.918730922
   -2.189594880    2.094395102    5.660207586    1.004635532   -6.199466475
   -1.999195325    2.094395102    5.419541444   -4.022251081   -2.230317439
   -1.808795770    2.094395102    4.125258650   -9.095207137    1.752728577
   -1.618396215    2.094395102    2.292088277   -8.963032825    5.429609665
   -1.427996661    2.094395102    1.216015777   -1.034292566    8.421560310
   -1.237597106    2.094395102    2.322977445   13.435044526   10.440890888
   -1.047197551    2.094395102    6.486411012   30.174343687   11.447323864
   -0.856797996    2.094395102   13.645664663   44.090098174   11.686196040
   -0.666398442    2.094395102   22.864239140   51.332344656   11.570228620
   -0.475998887    2.094395102   32.690813284   50.401679989   11.482447062
   -0.285599332    2.094395102   41.606189812   42.066962758   11.611742441
   -0.095199777    2.094395102   48.399426286   28.603623726   11.867894605
    0.095199777    2.094395102   52.387828587   13.197243102   11.908021260
    0.285599332    2.094395102   53.540472638   -0.619382427   11.253299504
    0.475998887    2.094395102   52.483941312   -9.491724598    9.515933370
    0.666398442    2.094395102   50.401066973  -11.151007701    6.630161410
    0.856797996    2.094395102   48.740383942   -5.258736636    2.951778785
    1.047197551    2.094395102   48.782034568    6.227232072   -0.822462066
    1.237597106    2.094395102   51.225844983   19.233558434   -3.964630677
    1.427996661    2.094395102   55.905135948   28.951938698   -6.011050390
    1.618396215    2.094395102   61.800078431   31.519189219   -6.962629261
    1.808795770    2.094395102   67.345033292   25.204307438   -7.237761335
    1.999195325    2.094395102   70.878223221   10.711075674   -7.450032098
    2.189594880    2.094395102   71.070660172   -9.325403123   -8.135804165
    2.379994435    2.094395102   67.223932576  -31.008482687   -9.552907493
    2.570393989    2.094395102   59.435977293  -49.991861233  -11.610382805
    2.760793544    2.094395102   48.618642132  -62.224296742  -13.915801640
    2.951193099    2.094395102   36.358580092  -64.836323990  -15.908485768

   -3.141592654    2.443460953   18.946406066  -58.619000669  -11.430791322
   -2.951193099    2.443460953    9.358974941  -41.177549579  -10.742823081
   -2.760793544    2.443460953    3.470718717  -20.761025195   -9.074416059
   -2.570393989    2.443460953    1.258993356   -3.490592981   -6.573986377
   -2.379994435    2.443460953    1.659011196    6.213785148   -3.456097772
   -2.189594880    2.443460953    3.075614477    7.376353000    0.121368558
   -1.999195325    2.443460953    4.102957036    2.871095936    4.059625905
   -1.808795770    2.443460953    4.140340738   -2.089714274    8.206566470
   -1.618396215    2.443460953    3.604677058   -2.458775466   12.236184968
   -1.427996661    2.443460953    3.665032261    4.293318552   15.665083312
   -1.237597106    2.443460953    5.637125793   17.150921349   18.027495044
   -1.047197551    2.443460953   10.352395036   32.289836013   19.089277800
   -0.856797996    2.443460953   17.791568924   44.994052247   18.941626111
   -0.666398442    2.443460953   27.108019347   51.523625987   17.907949230
   -0.475998887    2.443460953   36.930683864   50.186717820   16.349964959
   -0.285599332    2.443460953   45.764312657   41.371517850   14.492766811
   -0.095199777    2.443460953   52.345526870   26.976105634   12.331535962
    0.095199777    2.443460953   55.883996635    9.986057609    9.671615992
    0.285599332    2.443460953   56.234347658   -5.884256421    6.266599682
    0.475998887    2.443460953   53.981751502  -16.708155228    2.047567537
    0.666398442    2.443460953   50.402686994  -19.436215609   -2.694319860
    0.856797996    2.443460953   47.177630675  -13.113611887   -7.298759237
    1.047197551    2.443460953   45.889230922    0.337415574  -10.934039136
    1.237597106    2.443460953   47.480681753   16.254190246  -12.971837669
    1.427996661    2.443460953   51.872479359   28.820119068  -13.257305867
    1.618396215    2.443460953   57.939594312   33.244073974  -12.182649165
    1.808795770    2.443460953   63.875237551   27.340362472  -10.495874341
    1.999195325    2.443460953   67.745318664   11.933925285   -8.983771263
    2.189594880    2.443460953   68.016373478   -9.788134825   -8.193915851
    2.379994435    2.443460953   63.909007111  -33.232262449   -8.301644284
    2.570393989    2.443460953   55.568375647  -53.436225823   -9.129793579
    2.760793544    2.443460953   44.051604188  -65.946526257  -10.259528568
    2.951193099    2.443460953   31.139473965  -67.798499566  -11.177386583

   -3.141592654    2.792526803   16.368627794  -58.129784075    1.029737458
   -2.951193099    2.792526803    6.992107819  -39.453488711    2.797542193
   -2.760793544    2.792526803    1.550251250  -17.828253342    4.715055769
   -2.570393989    2.792526803    0.000000000    0.488351162    6.676407296
   -2.379994435    2.792526803    1.246793781   11.117429298    8.687902823
   -2.189594880    2.792526803    3.683398061   13.186162425   10.904459268
   -1.999195325    2.792526803    5.900094601    9.525540355   13.524053623
   -1.808795770    2.792526803    7.260149371    5.052754402   16.590724489
   -1.618396215    2.792526803    8.073515511    4.412739393   19.836455123
   -1.427996661    2.792526803    9.338607044    9.913819367   22.706653159
   -1.237597106    2.792526803   12.194818743   20.716419672   24.575264082
   -1.047197551    2.792526803   17.364200974   33.492101636   25.021024358
   -0.856797996    2.792526803   24.820307444   44.033880576   23.983773765
   -0.666398442    2.792526803   33.785503201   48.871090097   21.710940383
   -0.475998887    2.792526803   42.976830863   46.258546695   18.578328486
   -0.285599332    2.792526803   50.955273473   36.316046401   14.906926536
   -0.095199777    2.792526803   56.458916841   20.685278675   10.849160572
    0.095199777    2.792526803   58.667455329    2.288185142    6.417756168
    0.285599332    2.792526803   57.422975349  -14.882124939    1.604600122
    0.475998887    2.792526803   53.380459351  -26.346172560   -3.431648076
    0.666398442    2.792526803   48.000437954  -28.466407432   -8.258509723
    0.856797996    2.792526803   43.232702026  -20.027900893  -12.221243532
    1.047197551    2.792526803   40.925756235   -3.305175703  -14.669174771
    1.237597106    2.792526803   42.167013986   16.190761427  -15.269770356
    1.427996661    2.792526803   46.838459765   31.639045092  -14.166863018
    1.618396215    2.792526803   53.608410085   37.555916118  -11.927144503
    1.808795770    2.792526803   60.384971552   31.636826032   -9.289275865
    1.999195325    2.792526803   64.978175560   15.101947737   -6.874543336
    2.189594880    2.792526803   65.702427656   -8.213873429   -5.001294889
    2.379994435    2.792526803   61.749367429  -33.115629011   -3.665807720
    2.570393989    2.792526803   53.332733460  -54.236873557   -2.647637671
    2.760793544    2.792526803   41.633134918  -66.943848875   -1.658828411
    2.951193099    2.792526803   28.568463309  -68.308509803   -0.466643263
