#! FIELDS phi psi file.free der_phi der_psi
#! SET min_phi -pi
#! SET max_phi pi
#! SET nbins_phi  33
#! SET periodic_phi true
#! SET min_psi -pi
#! SET max_psi pi
#! SET nbins_psi  18
#! SET periodic_psi true
   -3.141592654   -3.141592654   17.995427277  -53.137244729   16.849854229
   -2.951193099   -3.141592654    9.598952218  -34.422596585   19.252316401
   -2.760793544   -3.141592654    5.016732772  -14.018406810   20.775994479
   -2.570393989   -3.141592654    4.030120007    2.576407505   21.573768191
   -2.379994435   -3.141592654    5.546701251   12.011211047   22.059708723
   -2.189594880   -3.141592654    8.137642325   14.132121939   22.794670565
   -1.999195325   -3.141592654   10.644071151   11.780812750   24.256053706
   -1.808795770   -3.141592654   12.612730973    9.190103663   26.584309027
   -1.618396215   -3.141592654   14.370815609   10.047115209   29.443262467
   -1.427996661   -3.141592654   16.769765939   15.958801928   32.103980110
   -1.237597106   -3.141592654   20.721635032   25.985589952   33.723958139
   -1.047197551   -3.141592654   26.756104227   37.213884309   33.672153484
   -0.856797996   -3.141592654   34.751403126   45.957530117   31.731672712
   -0.666398442   -3.141592654   43.913248315   49.007519727   28.074767937
   -0.475998887   -3.141592654   52.954455471   44.499145910   23.110608592
   -0.285599332   -3.141592654   60.386665237   32.235045725   17.306489178
   -0.095199777   -3.141592654   64.847262821   13.711102753   11.062085277
    0.095199777   -3.141592654   65.426078307   -7.870839564    4.702762325
    0.285599332   -3.141592654   61.975891436  -27.746425610   -1.460971870
    0.475998887   -3.141592654   55.336132237  -40.457730434   -7.032928228
    0.666398442   -3.141592654   47.324257194  -41.605390261  -11.519508757
    0.856797996   -3.141592654   40.335563559  -29.864165633  -14.429983720
    1.047197551   -3.141592654   36.608305290   -8.219660167  -15.476261493
    1.237597106   -3.141592654   37.421361281   16.533533363  -14.746243358
    1.427996661   -3.141592654   42.583350832   36.159886751  -12.684122623
    1.618396215   -3.141592654   50.451679972   44.170397872   -9.887279046
    1.808795770   -3.141592654   58.501429510   38.032175805   -6.842742045
    1.999195325   -3.141592654   64.149096280   19.583514470   -3.768686105
    2.189594880   -3.141592654   65.495850866   -6.126900601   -0.631135173
    2.379994435   -3.141592654   61.766385710  -32.637365658    2.703818384
    2.570393989   -3.141592654   53.408457895  -53.832686468    6.300110358
    2.760793544   -3.141592654   41.898741396  -65.185967167   10.050461499
    2.951193099   -3.141592654   29.352136554  -64.650707844   13.684104232

   -3.141592654   -2.792526803   25.459693643  -48.685848455   25.264397071
   -2.951193099   -2.792526803   17.724786930  -31.950834216   27.440481414
   -2.760793544   -2.792526803   13.436438232  -13.328771251   28.343946640
   -2.570393989   -2.792526803   12.464860837    2.199934313   28.282505805
   -2.379994435   -2.792526803   13.892209515   11.643198843   27.835897031
   -2.189594880   -2.792526803   16.503120946   14.871985012   27.670933171
   -1.999195325   -2.792526803   19.315617489   14.313778046   28.282627070
   -1.808795770   -2.792526803   21.937006831   13.423828038   29.756790788
   -1.618396215   -2.792526803   24.592482009   15.020149831   31.677263509
   -1.427996661   -2.792526803   27.886681016   20.114226979   33.247891698
   -1.237597106   -2.792526803   32.419963750   27.702725826   33.594350774
   -1.047197551   -2.792526803   38.451635851   35.352472767   32.097263478
   -0.856797996   -2.792526803   45.715087326   40.147683523   28.603593829
   -0.666398442   -2.792526803   53.420442950   39.646505438   23.410092834
   -0.475998887   -2.792526803   60.412059411   32.530550200   17.101339084
   -0.285599332   -2.792526803   65.410516250   18.854802586   10.338774423
   -0.095199777   -2.792526803   67.286120600    0.143648999    3.689773967
    0.095199777   -2.792526803   65.353487327  -20.503759290   -2.423551474
    0.285599332   -2.792526803   59.666663396  -38.441708440   -7.691016802
    0.475998887   -2.792526803   51.244949446  -48.344612022  -11.829022271
    0.666398442   -2.792526803   42.053090791  -46.025398846  -14.558778893
    0.856797996   -2.792526803   34.575056341  -30.575682606  -15.660542228
    1.047197551   -2.792526803   31.039274511   -5.593516002  -15.104903616
    1.237597106   -2.792526803   32.597315632   21.552657084  -13.143642611
    1.427996661   -2.792526803   38.847725288   42.391010985  -10.248932780
    1.618396215   -2.792526803   47.936961491   50.653286334   -6.909493937
    1.808795770   -2.792526803   57.206323829   44.346596920   -3.427997749
    1.999195325   -2.792526803   64.046014600   25.840686909    0.162366553
    2.189594880   -2.792526803   66.606882481    0.422078863    4.010943005
    2.379994435   -2.792526803   64.171201922  -25.592096556    8.259447917
    2.570393989   -2.792526803   57.191684242  -46.469481829   12.871170488
    2.760793544   -2.792526803   47.072851733  -58.066560610   17.560120136
    2.951193099   -2.792526803   35.800096865  -58.531996915   21.857589684

   -3.141592654   -2.443460953   34.157916270  -44.036560864   23.300316717
   -2.951193099   -2.443460953   27.089086820  -29.619821240   25.001060142
   -2.760793544   -2.443460953   23.040008304  -13.054831249   25.607515196
   -2.570393989   -2.443460953   21.984732536    1.215462572   25.428111140
   -2.379994435   -2.443460953   23.190410272   10.484480699   24.950956915
   -2.189594880   -2.443460953   25.644661284   14.517334779   24.667957291
   -1.999195325   -2.443460953   28.507978922   15.217635600   24.875543958
   -1.808795770   -2.443460953   31.401507513   15.258899755   25.517518762
   -1.618396215   -2.443460953   34.414535385   16.722421920   26.161163372
   -1.427996661   -2.443460953   37.906614480   20.259162336   26.136544869
   -1.237597106   -2.443460953   42.215920393   25.051275045   24.804826460
   -1.047197551   -2.443460953   47.422494506   29.326346891   21.823855574
   -0.856797996   -2.443460953   53.230507503   31.008576000   17.291493906
   -0.666398442   -2.443460953   58.971834678   28.368723435   11.680569299
   -0.475998887   -2.443460953   63.717507574   20.464758865    5.650896265
   -0.285599332   -2.443460953   66.450121822    7.333099764   -0.165518495
   -0.095199777   -2.443460953   66.268372797   -9.800455183   -5.316644154
    0.095199777   -2.443460953   62.644213759  -28.252695438   -9.558178027
    0.285599332   -2.443460953   55.712753615  -43.735015157  -12.792298379
    0.475998887   -2.443460953   46.520878658  -51.141422804  -14.967833756
    0.666398442   -2.443460953   37.028907236  -46.394917103  -16.029108137
    0.856797996   -2.443460953   29.695443148  -28.725979387  -15.922131865
    1.047197551   -2.443460953   26.689602844   -1.950687216  -14.674855564
    1.237597106   -2.443460953   29.061944867   26.355631693  -12.464092597
    1.427996661   -2.443460953   36.284777436   47.712893903   -9.596597391
    1.618396215   -2.443460953   46.401649421   56.092440537   -6.382743106
    1.808795770   -2.443460953   56.714264341   49.896439367   -3.011772120
    1.999195325   -2.443460953   64.645091949   31.812948714    0.500572485
    2.189594880   -2.443460953   68.413652256    7.172278367    4.249223479
    2.379994435   -2.443460953   67.347889753  -17.978001160    8.299631389
    2.570393989   -2.443460953   61.875693276  -38.355827169   12.564850510
    2.760793544   -2.443460953   53.291308921  -50.221301752   16.761040519
    2.951193099   -2.443460953   43.413166114  -51.894404420   20.474410561

   -3.141592654   -2.094395102   40.592342118  -40.615912482   14.897926795
   -2.951193099   -2.094395102   34.025227893  -27.765228040   16.004499405
   -2.760793544   -2.094395102   30.198122986  -12.509296587   16.489008068
   -2.570393989   -2.094395102   29.162884801    0.985419000   16.524774508
   -2.379994435   -2.094395102   30.299956336   10.087872470   16.320642683
   -2.189594880   -2.094395102   32.698863376   14.373697710   16.022149110
   -1.999195325   -2.094395102   35.562024208   15.314594639   15.636253423
   -1.808795770   -2.094395102   38.457707701   15.058468131   15.001794252
   -1.618396215   -2.094395102   41.331519924   15.293876100   13.840735150
   -1.427996661   -2.094395102   44.356481048   16.650757146   11.871328533
   -1.237597106   -2.094395102   47.723621572   18.738913543    8.950783666
   -1.047197551   -2.094395102   51.480412722   20.526352878    5.168138950
   -0.856797996   -2.094395102   55.446336626   20.672813237    0.848987870
   -0.666398442   -2.094395102   59.180554778   17.864589117   -3.553992869
   -0.475998887   -2.094395102   62.016603547   11.111844687   -7.600565947
   -0.285599332   -2.094395102   63.151607260    0.011527268  -10.977855071
   -0.095199777   -2.094395102   61.796548153  -14.799348773  -13.555899153
    0.095199777   -2.094395102   57.428266711  -31.126366308  -15.366059993
    0.285599332   -2.094395102   50.116288190  -44.925689459  -16.524170495
    0.475998887   -2.094395102   40.823491444  -51.062756176  -17.139127857
    0.666398442   -2.094395102   31.448457462  -45.258737618  -17.246724970
    0.856797996   -2.094395102   24.427656961  -26.565278621  -16.784245068
    1.047197551   -2.094395102   21.929994783    1.233316862  -15.652349784
    1.237597106   -2.094395102   24.998125077   30.450654904  -13.804938593
    1.427996661   -2.094395102   33.070363387   52.492663916  -11.321495093
    1.618396215   -2.094395102   44.142924838   61.311544990   -8.377805312
    1.808795770   -2.094395102   55.479317540   55.412729340   -5.178615928
    1.999195325   -2.094395102   64.488838287   37.626828696   -1.881015738
    2.189594880   -2.094395102   69.397605603   13.328137114    1.428341004
    2.379994435   -2.094395102   69.533424296  -11.546349633    4.693454035
    2.570393989   -2.094395102   65.291892435  -31.933523820    7.831024323
    2.760793544   -2.094395102   57.892450816  -44.295756910   10.696805892
    2.951193099   -2.094395102   49.052095992  -47.014350999   13.106488434

   -3.141592654   -1.745329252   43.754387873  -38.687463741    6.008381736
   -2.951193099   -1.745329252   37.475147074  -26.672523179    6.468768556
   -2.760793544   -1.745329252   33.782019354  -12.179915949    6.718249780
   -2.570393989   -1.745329252   32.746272896    0.670089547    6.765623478
   -2.379994435   -1.745329252   33.767591104    9.184747776    6.550243419
   -2.189594880   -1.745329252   35.931969838   12.778720076    5.933686571
   -1.999195325   -1.745329252   38.403411229   12.735065565    4.738247748
   -1.808795770   -1.745329252   40.683827572   11.120341976    2.816480455
   -1.618396215   -1.745329252   42.656139769    9.747564211    0.133183853
   -1.427996661   -1.745329252   44.476153612    9.596497138   -3.185909921
   -1.237597106   -1.745329252   46.396764605   10.731070996   -6.851323302
   -1.047197551   -1.745329252   48.608327101   12.484450841  -10.467683337
   -0.856797996   -1.745329252   51.122360291   13.631751064  -13.623453462
   -0.666398442   -1.745329252   53.680257897   12.657959599  -16.004160312
   -0.475998887   -1.745329252   55.734667367    8.137282746  -17.464243647
   -0.285599332   -1.745329252   56.509927592   -0.845582816  -18.050871674
   -0.095199777   -1.745329252   55.154055259  -14.062528606  -17.973674956
    0.095199777   -1.745329252   51.020757595  -29.514370989  -17.534361041
    0.285599332   -1.745329252   44.042812511  -43.117524445  -17.026497307
    0.475998887   -1.745329252   35.076642940  -49.478847435  -16.640198874
    0.666398442   -1.745329252   25.976269959  -43.930282973  -16.394682853
    0.856797996   -1.745329252   19.206712428  -25.182333719  -16.111962034
    1.047197551   -1.745329252   17.014200676    3.134187142  -15.499064096
    1.237597106   -1.745329252   20.524360196   33.223276126  -14.279889917
    1.427996661   -1.745329252   29.218204583   56.228392769  -12.346203746
    1.618396215   -1.745329252   41.081070170   65.815991451   -9.798907521
    1.808795770   -1.745329252   53.321647309   60.332511750   -6.905080220
    1.999195325   -1.745329252   63.279974025   42.612260380   -3.985105721
    2.189594880   -1.745329252   69.123977875   18.124925384   -1.302252628
    2.379994435   -1.745329252   70.142969586   -7.093312491    0.988040501
    2.570393989   -1.745329252   66.708438092  -27.931702327    2.833702644
    2.760793544   -1.745329252   60.019172132  -40.862404019    4.251637100
    2.951193099   -1.745329252   51.768580662  -44.278412160    5.289998807

   -3.141592654   -1.396263402   42.677711841  -39.408133457    3.075190712
   -2.951193099   -1.396263402   36.281809407  -27.151606244    2.907690491
   -2.760793544   -1.396263402   32.530637022  -12.323259941    2.593679655
   -2.570393989   -1.396263402   31.488354027    0.690697454    2.089263570
   -2.379994435   -1.396263402   32.494878863    8.908782733    1.242363344
   -2.189594880   -1.396263402   34.526941463   11.546668869   -0.183189469
   -1.999195325   -1.396263402   36.619424707    9.894000565   -2.416946843
   -1.808795770   -1.396263402   38.173830646    6.320394565   -5.543937818
   -1.618396215   -1.396263402   39.055775901    3.181035422   -9.392246230
   -1.427996661   -1.396263402   39.517419689    2.076096956  -13.521035091
   -1.237597106   -1.396263402   40.013626374    3.518680553  -17.328767743
   -1.047197551   -1.396263402   40.988752556    6.921977588  -20.235559322
   -0.856797996   -1.396263402   42.685345941   10.725859238  -21.849019172
   -0.666398442   -1.396263402   44.978160638   12.776590003  -22.063480773
   -0.475998887   -1.396263402   47.319910762   10.918867942  -21.050953816
   -0.285599332   -1.396263402   48.806740943    3.654086776  -19.191776256
   -0.095199777   -1.396263402   48.373307683   -9.091039024  -16.967907173
    0.095199777   -1.396263402   45.133233413  -25.286862623  -14.845230468
    0.285599332   -1.396263402   38.814857333  -40.517582551  -13.163835107
    0.475998887   -1.396263402   30.159370862  -48.810543808  -12.064790324
    0.666398442   -1.396263402   21.029314949  -44.788962129  -11.471444166
    0.856797996   -1.396263402   14.027158407  -26.575422672  -11.115357211
    1.047197551   -1.396263402   11.616862208    2.431560548  -10.654207294
    1.237597106   -1.396263402   15.140020026   34.159144791   -9.790803733
    1.427996661   -1.396263402   24.199676306   59.108061917   -8.398521585
    1.618396215   -1.396263402   36.768173775   70.214872476   -6.539633224
    1.808795770   -1.396263402   49.921371587   65.337695444   -4.421266842
    1.999195325   -1.396263402   60.810743617   47.226935828   -2.305450744
    2.189594880   -1.396263402   67.435367059   21.616112758   -0.421585861
    2.379994435   -1.396263402   68.985114416   -5.028258069    1.080722913
    2.570393989   -1.396263402   65.814232088  -27.181988688    2.141274160
    2.760793544   -1.396263402   59.170537475  -41.057998959    2.778463835
    2.951193099   -1.396263402   50.830134887  -44.948517981    3.059667422

   -3.141592654   -1.047197551   40.446923769  -41.120708211    3.708130669
   -2.951193099   -1.047197551   33.758420848  -28.501253763    2.301865256
   -2.760793544   -1.047197551   29.783491653  -13.361930590    0.650641788
   -2.570393989   -1.047197551   28.545962994   -0.411563002   -1.157657802
   -2.379994435   -1.047197551   29.288770326    7.125716964   -3.169844207
   -2.189594880   -1.047197551   30.863451008    8.428084663   -5.574190883
   -1.999195325   -1.047197551   32.201527033    5.067504025   -8.589247632
   -1.808795770   -1.047197551   32.685013372   -0.009153619  -12.269584287
   -1.618396215   -1.047197551   32.283143347   -3.778502376  -16.350970874
   -1.427996661   -1.047197551   31.464250460   -4.176466720  -20.252866531
   -1.237597106   -1.047197551   30.947802412   -0.662382222  -23.258582795
   -1.047197551   -1.047197551   31.402118167    5.733709674  -24.778267177
   -0.856797996   -1.047197551   33.180869123   12.742648969  -24.553337328
   -0.666398442   -1.047197551   36.127924540   17.490987838  -22.725425195
   -0.475998887   -1.047197551   39.545194083   17.300882370  -19.756379000
   -0.285599332   -1.047197551   42.306316550   10.441458566  -16.277912208
   -0.095199777   -1.047197551   43.108119907   -3.086814323  -12.909244010
    0.095199777   -1.047197551   40.864546324  -20.932252716  -10.099303744
    0.285599332   -1.047197551   35.183677737  -38.190913729   -8.032430239
    0.475998887   -1.047197551   26.788294553  -48.339133231   -6.633587490
    0.666398442   -1.047197551   17.621795151  -45.508991027   -5.665500625
    0.856797996   -1.047197551   10.443091547  -27.565171681   -4.841784118
    1.047197551   -1.047197551    7.892340551    2.065038051   -3.951179558
    1.237597106   -1.047197551   11.453748121   34.967925062   -2.883388123
    1.427996661   -1.047197551   20.789855066   61.159809335   -1.637990367
    1.618396215   -1.047197551   33.839338167   73.109478847   -0.269847558
    1.808795770   -1.047197551   47.571748193   68.396423817    1.142945436
    1.999195325   -1.047197551   59.003038017   49.749969521    2.510692790
    2.189594880   -1.047197551   66.014914173   23.099523283    3.727999081
    2.379994435   -1.047197551   67.730579386   -4.774906442    4.670683662
    2.570393989   -1.047197551   64.499220071  -28.024005260    5.208723282
    2.760793544   -1.047197551   57.618067998  -42.635611223    5.241314524
    2.951193099   -1.047197551   48.943951105  -46.797853518    4.726897353

   -3.141592654   -0.698131701   40.150138296  -45.142040645    3.345019110
   -2.951193099   -0.698131701   32.656490931  -32.862113793    1.172270282
   -2.760793544   -0.698131701   27.850744170  -17.681188572   -1.260405231
   -2.570393989   -0.698131701   25.805485265   -4.587694401   -3.814661714
   -2.379994435   -0.698131701   25.748841882    2.838353903   -6.482699190
   -2.189594880   -0.698131701   26.461498722    3.588025470   -9.399152517
   -1.999195325   -0.698131701   26.801855388   -0.575072319  -12.715013355
   -1.808795770   -0.698131701   26.153729268   -6.141001871  -16.377457645
   -1.618396215   -0.698131701   24.609682607   -9.436308883  -19.980817971
   -1.427996661   -0.698131701   22.862207989   -8.051066556  -22.826710822
   -1.237597106   -0.698131701   21.869800408   -1.642436884  -24.195309551
   -1.047197551   -0.698131701   22.453842981    8.083303502  -23.668348942
   -0.856797996   -0.698131701   24.971682858   18.020856496  -21.319090755
   -0.666398442   -0.698131701   29.120624713   24.614389326  -17.673549482
   -0.475998887   -0.698131701   33.957669373   24.842745878  -13.495599568
   -0.285599332   -0.698131701   38.084457557   17.036651412   -9.525319575
   -0.095199777   -0.698131701   39.973220649    1.622744203   -6.248172924
    0.095199777   -0.698131701   38.419281729  -18.386197581   -3.774710616
    0.285599332   -0.698131701   33.044509653  -37.404525553   -1.871352738
    0.475998887   -0.698131701   24.699243524  -48.444481619   -0.145760143
    0.666398442   -0.698131701   15.507150935  -45.533012745    1.698309199
    0.856797996   -0.698131701    8.391930160  -26.815013983    3.695439921
    1.047197551   -0.698131701    6.082142964    3.837591615    5.605044351
    1.237597106   -0.698131701   10.067006518   37.575469817    7.104579368
    1.427996661   -0.698131701   19.947824239   64.189294028    7.983704876
    1.618396215   -0.698131701   33.580098597   76.130748374    8.263942171
    1.808795770   -0.698131701   47.860117608   71.078200667    8.154531045
    1.999195325   -0.698131701   59.750614306   51.856982265    7.906727434
    2.189594880   -0.698131701   67.092479938   24.426734879    7.670540605
    2.379994435   -0.698131701   68.969539561   -4.443008521    7.432901809
    2.570393989   -0.698131701   65.691465853  -28.869945751    7.044978499
    2.760793544   -0.698131701   58.529545190  -44.737811304    6.313254461
    2.951193099   -0.698131701   49.344064100  -50.025950104    5.089851980

   -3.141592654   -0.349065850   40.818307563  -49.709727542    2.630309944
   -2.951193099   -0.349065850   32.398408439  -37.942568742   -0.258133704
   -2.760793544   -0.349065850   26.608728941  -22.869844488   -3.341089101
   -2.570393989   -0.349065850   23.583833629   -9.677507895   -6.409566155
   -2.379994435   -0.349065850   22.560376941   -2.267946590   -9.393591033
   -2.189594880   -0.349065850   22.275452519   -1.829200173  -12.376661217
   -1.999195325   -0.349065850   21.544473160   -6.380200317  -15.449469715
   -1.808795770   -0.349065850   19.790280866  -11.801707224  -18.476530970
   -1.618396215   -0.349065850   17.271898898  -13.771260851  -20.969841290
   -1.427996661   -0.349065850   14.937347136   -9.666071640  -22.213423792
   -1.237597106   -0.349065850   13.974999745    0.370694591  -21.610427743
   -1.047197551   -0.349065850   15.288558515   13.624030147  -19.029881322
   -0.856797996   -0.349065850   19.113844819   25.952752517  -14.939218890
   -0.666398442   -0.349065850   24.864162471   33.196095292  -10.222703669
   -0.475998887   -0.349065850   31.258273577   32.363504281   -5.826093459
   -0.285599332   -0.349065850   36.622585756   22.397118807   -2.408970880
   -0.095199777   -0.349065850   39.306292649    4.661221285   -0.125494838
    0.095199777   -0.349065850   38.163811027  -16.918915640    1.381539098
    0.285599332   -0.349065850   33.018191226  -36.242994966    2.780179905
    0.475998887   -0.349065850   24.961172350  -46.439699065    4.694044803
    0.666398442   -0.349065850   16.276161540  -42.219201861    7.357983175
    0.856797996   -0.349065850    9.890787629  -22.621630822   10.475696199
    1.047197551   -0.349065850    8.387093944    7.916054289   13.355404733
    1.237597106   -0.349065850   13.056301516   40.545663905   15.297555486
    1.427996661   -0.349065850   23.354338746   65.575366547   15.930822278
    1.618396215   -0.349065850   37.109162334   76.104176596   15.354912736
    1.808795770   -0.349065850   51.293625772   70.210199131   14.017027817
    1.999195325   -0.349065850   62.984929823   50.710485505   12.442966028
    2.189594880   -0.349065850   70.104833381   23.255703535   10.987539870
    2.379994435   -0.349065850   71.749437280   -5.760771357    9.727299364
    2.570393989   -0.349065850   68.179454049  -30.685814046    8.497829898
    2.760793544   -0.349065850   60.594743630  -47.415308993    7.029723608
    2.951193099   -0.349065850   50.803244968  -53.714512693    5.096099509

   -3.141592654    0.000000000   41.481749507  -54.612095430    0.816459083
   -2.951193099    0.000000000   32.079083050  -43.280377776   -1.860660854
   -2.760793544    0.000000000   25.262802958  -28.243874554   -4.520605524
   -2.570393989    0.000000000   21.233127755  -14.831570825   -7.040931267
   -2.379994435    0.000000000   19.250377925   -7.205176778   -9.424452267
   -2.189594880    0.000000000   18.035657983   -6.666907415  -11.771813827
   -1.999195325    0.000000000   16.399561646  -10.983451026  -14.118817791
   -1.808795770    0.000000000   13.841321022  -15.475380159  -16.237429824
   -1.618396215    0.000000000   10.802895113  -15.344134526  -17.582311370
   -1.427996661    0.000000000    8.460339702   -8.035343823  -17.491693233
   -1.237597106    0.000000000    8.147710084    5.531466841  -15.564395608
   -1.047197551    0.000000000   10.723257468   21.484673034  -11.962087251
   -0.856797996    0.000000000   16.167519011   34.759884804   -7.432532776
   -0.666398442    0.000000000   23.525127485   40.967442413   -2.993013880
   -0.475998887    0.000000000   31.179771787   37.667985330    0.505401865
   -0.285599332    0.000000000   37.282257014   24.880805622    2.720929575
   -0.095199777    0.000000000   40.226508163    5.124848525    3.941471848
    0.095199777    0.000000000   39.103890636  -16.876195451    4.928045814
    0.285599332    0.000000000   34.064389587  -34.926135872    6.563161474
    0.475998887    0.000000000   26.468820381  -42.841221888    9.406355686
    0.666398442    0.000000000   18.682150825  -36.528218557   13.374381148
    0.856797996    0.000000000   13.482806054  -16.163680118   17.713631187
    1.047197551    0.000000000   13.140736111   13.360676839   21.315326724
    1.237597106    0.000000000   18.632681806   43.582270849   23.246545671
    1.427996661    0.000000000   29.236947386   65.778542687   23.144195282
    1.618396215    0.000000000   42.799017700   74.036062236   21.299989027
    1.808795770    0.000000000   56.458000702   66.956597852   18.427567070
    1.999195325    0.000000000   67.499595233   47.281262398   15.291719241
    2.189594880    0.000000000   73.996173883   20.180667957   12.408737728
    2.379994435    0.000000000   75.090865034   -8.507525891    9.941934800
    2.570393989    0.000000000   70.999739686  -33.497295084    7.768310271
    2.760793544    0.000000000   62.835755668  -50.762223914    5.640093809
    2.951193099    0.000000000   52.332260381  -57.861003639    3.344506543

   -3.141592654    0.349065850   42.828356104  -58.127314745   -0.182203462
   -2.951193099    0.349065850   32.718811777  -47.140891936   -1.916408427
   -2.760793544    0.349065850   25.148205470  -32.260203352   -3.477784710
   -2.570393989    0.349065850   20.350889512  -18.857308534   -4.880553565
   -2.379994435    0.349065850   17.603268461  -11.208700787   -6.219514453
   -2.189594880    0.349065850   15.630202056  -10.601704889   -7.612269648
   -1.999195325    0.349065850   13.274147396  -14.515310700   -9.058002989
   -1.808795770    0.349065850   10.140314932  -17.824269471  -10.307954719
   -1.618396215    0.349065850    6.849149527  -15.481219872  -10.879692660
   -1.427996661    0.349065850    4.753865372   -5.238777700  -10.272115461
   -1.237597106    0.349065850    5.248172033   11.096045681   -8.283298654
   -1.047197551    0.349065850    9.057363824   28.596593941   -5.209890268
   -0.856797996    0.349065850   15.858908589   41.589450984   -1.778397327
   -0.666398442    0.349065850   24.354352697   45.878181742    1.208527334
   -0.475998887    0.349065850   32.695327404   39.943653415    3.260420865
   -0.285599332    0.349065850   39.012333634   25.039343690    4.432561351
   -0.095199777    0.349065850   41.902195444    4.703295987    5.306401580
    0.095199777    0.349065850   40.799043273  -15.935339826    6.717753981
    0.285599332    0.349065850   36.195604130  -31.118616602    9.371785879
    0.475998887    0.349065850   29.636418543  -35.834490643   13.461273002
    0.666398442    0.349065850   23.408976032  -27.467381488   18.486899305
    0.856797996    0.349065850   19.958506945   -7.292835478   23.371189443
    1.047197551    0.349065850   21.094928211   19.661385846   26.872534366
    1.237597106    0.349065850   27.409963735   45.792283636   28.115644621
    1.427996661    0.349065850   38.024073721   63.779331311   26.925348178
    1.618396215    0.349065850   50.887281882   68.961261316   23.814565006
    1.808795770    0.349065850   63.422057704   60.520494428   19.681390806
    1.999195325    0.349065850   73.234797925   41.025506594   15.411804494
    2.189594880    0.349065850   78.633915208   14.993926729   11.592746536
    2.379994435    0.349065850   78.860302451  -12.473922833    8.434712108
    2.570393989    0.349065850   74.102762893  -36.626407956    5.861555094
    2.760793544    0.349065850   65.376384591  -53.641312192    3.672044996
    2.951193099    0.349065850   54.308761772  -60.958132114    1.683865595

   -3.141592654    0.698131701   44.027644699  -60.525881206   -1.465987654
   -2.951193099    0.698131701   33.451178547  -49.613600022   -1.980739228
   -2.760793544    0.698131701   25.408548008  -34.713879000   -2.223027122
   -2.570393989    0.698131701   20.152201859  -21.208047847   -2.347305061
   -2.379994435    0.698131701   16.967942182  -13.440541292   -2.522551554
   -2.189594880    0.698131701   14.581846790  -12.689875910   -2.872676850
   -1.999195325    0.698131701   11.855000033  -16.265238119   -3.394928548
   -1.808795770    0.698131701    8.453530319  -18.793686711   -3.918319134
   -1.618396215    0.698131701    5.095453092  -15.134982359   -4.151263208
   -1.427996661    0.698131701    3.216684020   -3.308303282   -3.826174790
   -1.237597106    0.698131701    4.209261364   14.291320724   -2.867312178
   -1.047197551    0.698131701    8.679617476   32.156539404   -1.460556939
   -0.856797996    0.698131701   16.107582617   44.451420614    0.036324675
   -0.666398442    0.698131701   25.024498658   47.401288679    1.331556315
   -0.475998887    0.698131701   33.536494456   40.320615214    2.396828025
   -0.285599332    0.698131701   39.894054272   25.314697645    3.530129762
   -0.095199777    0.698131701   42.944353167    6.364664018    5.251488661
    0.095199777    0.698131701   42.398224346  -11.576586979    8.053000040
    0.285599332    0.698131701   38.929066096  -23.581768124   12.134845096
    0.475998887    0.698131701   34.058931536  -25.858698934   17.197579042
    0.666398442    0.698131701   29.818989692  -16.957570629   22.434109414
    0.856797996    0.698131701   28.226932996    1.302630017   26.731596413
    1.047197551    0.698131701   30.648188796   24.298300193   29.070132448
    1.237597106    0.698131701   37.388938895   45.613199607   28.919684245
    1.427996661    0.698131701   47.544051501   59.343782716   26.425161737
    1.618396215    0.698131701   59.279097319   61.862056418   22.284800983
    1.808795770    0.698131701   70.359030610   52.637336118   17.428514027
    1.999195325    0.698131701   78.719384111   33.845448653   12.678146993
    2.189594880    0.698131701   82.884459289    9.272371013    8.546198263
    2.379994435    0.698131701   82.169961859  -16.676460647    5.220347105
    2.570393989    0.698131701   76.728054911  -39.702008843    2.669908650
    2.760793544    0.698131701   67.480401039  -56.128277455    0.777259439
    2.951193099    0.698131701   55.958339409  -63.291458856   -0.573337985

   -3.141592654    1.047197551   42.131628769  -61.105738218   -5.055600831
   -2.951193099    1.047197551   31.545629327  -49.152580679   -4.184612278
   -2.760793544    1.047197551   23.664968418  -33.530174858   -2.959797417
   -2.570393989    1.047197551   18.668021449  -19.738120168   -1.710948477
   -2.379994435    1.047197551   15.756308740  -12.107226377   -0.686631145
   -2.189594880    1.047197551   13.587297652  -11.766748192   -0.004598745
   -1.999195325    1.047197551   10.991625691  -15.797216735    0.340059712
   -1.808795770    1.047197551    7.647319680  -18.625208490    0.421158411
   -1.618396215    1.047197551    4.311348904  -15.040799157    0.325208710
   -1.427996661    1.047197551    2.455892802   -3.153258219    0.121017057
   -1.237597106    1.047197551    3.482367081   14.467293749   -0.135064295
   -1.047197551    1.047197551    7.978433413   32.216920320   -0.368038574
   -0.856797996    1.047197551   15.403963600   44.382629454   -0.447627986
   -0.666398442    1.047197551   24.317218147   47.516133315   -0.144745423
   -0.475998887    1.047197551   32.920989323   41.302474040    0.848197547
   -0.285599332    1.047197551   39.617450431   28.035465113    2.847986388
   -0.095199777    1.047197551   43.409047546   11.507513856    6.072714848
    0.095199777    1.047197551   44.087998173   -3.894637528   10.502480150
    0.285599332    1.047197551   42.273942618  -14.074336580   15.782676915
    0.475998887    1.047197551   39.272399771  -16.038762715   21.197343053
    0.666398442    1.047197551   36.776148456   -8.794703551   25.795896486
    0.856797996    1.047197551   36.434473962    6.027529028   28.626843850
    1.047197551    1.047197551   39.343774100   24.630074177   29.065273836
    1.237597106    1.047197551   45.735718581   41.748878731   27.033384431
    1.427996661    1.047197551   54.842370577   52.448167858   23.023462878
    1.618396215    1.047197551   65.102481483   53.529535591   17.869692153
    1.808795770    1.047197551   74.575473362   44.284944646   12.435347544
    1.999195325    1.047197551   81.418258087   26.352730763    7.367808273
    2.189594880    1.047197551   84.268111545    2.966734489    3.025206696
    2.379994435    1.047197551   82.467741091  -21.792487759   -0.448954457
    2.570393989    1.047197551   76.158380970  -43.705917084   -3.003927658
    2.760793544    1.047197551   66.252114805  -59.031617156   -4.610231223
    2.951193099    1.047197551   54.284996269  -65.042238895   -5.266442119

   -3.141592654    1.396263402   37.463763771  -59.953999455  -10.628897016
   -2.951193099    1.396263402   27.263687967  -46.337369637   -9.376798294
   -2.760793544    1.396263402   20.021462251  -29.768378334   -7.585455835
   -2.570393989    1.396263402   15.768844136  -15.797662355   -5.594937644
   -2.379994435    1.396263402   13.575171876   -8.583213794   -3.658716922
   -2.189594880    1.396263402   12.008160254   -9.005630477   -1.900632156
   -1.999195325    1.396263402    9.851197324  -13.971264393   -0.367940041
   -1.808795770    1.396263402    6.756910307  -17.844079633    0.872744216
   -1.618396215    1.396263402    3.465452116  -15.364074324    1.690391291
   -1.427996661    1.396263402    1.449391612   -4.490856660    1.952322775
   -1.237597106    1.396263402    2.152661181   12.489796745    1.658131382
   -1.047197551    1.396263402    6.266026885   30.299879593    1.039002816
   -0.856797996    1.396263402   13.405423753   43.452293303    0.541404337
   -0.666398442    1.396263402   22.310678367   48.502547649    0.708709539
   -0.475998887    1.396263402   31.341976661   44.881101054    1.996747957
   -0.285599332    1.396263402   38.986916089   34.403740904    4.622831345
   -0.095199777    1.396263402   44.226880445   20.223429080    8.485253028
    0.095199777    1.396263402   46.706814545    6.074454029   13.144536416
    0.285599332    1.396263402   46.786413329   -4.452451983   17.880576947
    0.475998887    1.396263402   45.442796204   -8.520273087   21.826685833
    0.666398442    1.396263402   44.056806813   -4.837218264   24.188322519
    0.856797996    1.396263402   44.067239441    5.741644330   24.451713471
    1.047197551    1.396263402   46.534473007   20.396961630   22.563509915
    1.237597106    1.396263402   51.829547115   34.692743691   18.922275229
    1.427996661    1.396263402   59.439274905   44.016253481   14.234604959
    1.618396215    1.396263402   68.064687941   44.949246542    9.236928099
    1.808795770    1.396263402   75.949538734   36.245300572    4.476108767
    1.999195325    1.396263402   81.330859863   19.043898051    0.225511937
    2.189594880    1.396263402   82.857150642   -3.627168300   -3.442323170
    2.379994435    1.396263402   79.875319236  -27.569162732   -6.508703381
    2.570393989    1.396263402   72.569136368  -48.318768478   -8.896144185
    2.760793544    1.396263402   61.933692760  -61.985057123  -10.454555058
    2.951193099    1.396263402   49.592982456  -65.958909799  -11.039940176

   -3.141592654    1.745329252   31.343523845  -58.416907808  -16.707302041
   -2.951193099    1.745329252   21.611802116  -43.050150688  -15.653217955
   -2.760793544    1.745329252   15.106421874  -25.449214091  -13.756184753
   -2.570393989    1.745329252   11.714088514  -11.195013950  -11.294081273
   -2.379994435    1.745329252   10.378339769   -4.245567871   -8.508194569
   -2.189594880    1.745329252    9.585248938   -5.258282828   -5.545989034
   -1.999195325    1.745329252    8.066518940  -11.062407807   -2.515371036
   -1.808795770    1.745329252    5.422446805  -16.087458427    0.405647302
   -1.618396215    1.745329252    2.331203184  -15.063408886    2.922478558
   -1.427996661    1.745329252    0.229525628   -5.661130277    4.720600559
   -1.237597106    1.745329252    0.610356633   10.405100507    5.659664010
   -1.047197551    1.745329252    4.328314550   28.441218441    5.916134299
   -0.856797996    1.745329252   11.246021782   43.201555779    5.957744899
   -0.666398442    1.745329252   20.349508368   50.969536562    6.360519127
   -0.475998887    1.745329252   30.149386978   50.481231834    7.561506831
   -0.285599332    1.745329252   39.130013093   42.686890325    9.680528628
   -0.095199777    1.745329252   46.109298547   29.953732060   12.459885578
    0.095199777    1.745329252   50.443353047   15.503332856   15.318251936
    0.285599332    1.745329252   52.142218208    2.827439660   17.498540505
    0.475998887    1.745329252   51.857513327   -4.861107884   18.300354790
    0.666398442    1.745329252   50.760459411   -5.488065833   17.333208050
    0.856797996    1.745329252   50.253549300    1.105357110   14.653712550
    1.047197551    1.745329252   51.547874235   12.954518586   10.768042190
    1.237597106    1.745329252   55.285344937   26.035238829    6.404379896
    1.427996661    1.745329252   61.245584644   35.528379539    2.246830226
    1.618396215    1.745329252   68.337638121   37.391745845   -1.319365521
    1.808795770    1.745329252   74.882811199   29.692726944   -4.271332135
    1.999195325    1.745329252   79.087199785   13.169540016   -6.834530826
    2.189594880    1.745329252   79.532968635   -9.125176782   -9.269957253
    2.379994435    1.745329252   75.539844401  -32.642527695  -11.681143143
    2.570393989    1.745329252   67.340762073  -52.514395951  -13.938733627
    2.760793544    1.745329252   56.041265697  -64.642280999  -15.736299080
    2.951193099    1.745329252   43.382982736  -66.569346193  -16.731714606

   -3.141592654    2.094395102   24.365024902  -58.055051292  -18.610658764
   -2.951193099    2.094395102   14.885608272  -40.805357678  -17.620715296
   -2.760793544    2.094395102    8.960784966  -21.683624112  -15.707007045
   -2.570393989    2.094395102    6.391488519   -6.403926194  -13.079669647
   -2.379994435    2.094395102    6.032200995    1.160578301   -9.940264522
   -2.189594880    2.094395102    6.304128542    0.476672655   -6.409936942
   -1.999195325    2.094395102    5.886435638   -5.296579942   -2.576998451
   -1.808795770    2.094395102    4.308354216  -10.755069417    1.378694642
   -1.618396215    2.094395102    2.146087481  -10.737775657    5.111982352
   -1.427996661    2.094395102    0.738245960   -2.737449524    8.196312635
   -1.237597106    2.094395102    1.547135704   12.036308588   10.333833067
   -1.047197551    2.094395102    5.504153669   29.460428569   11.535807417
   -0.856797996    2.094395102   12.634252938   44.565325535   12.130222279
   -0.666398442    2.094395102   22.094556361   53.436558846   12.581696997
   -0.475998887    2.094395102   32.489460820   54.229321485   13.240655720
   -0.285599332    2.094395102   42.268890735   47.179421147   14.167467964
   -0.095199777    2.094395102   50.087712041   34.058158905   15.083023122
    0.095199777    2.094395102   55.054515265   17.804692131   15.461235447
    0.285599332    2.094395102   56.920538862    2.114765796   14.714424855
    0.475998887    2.094395102   56.164419321   -9.101853265   12.455898928
    0.666398442    2.094395102   53.953412155  -12.776768169    8.721707297
    0.856797996    2.094395102   51.873854572   -7.818739535    4.017087571
    1.047197551    2.094395102   51.456926135    4.198392424   -0.827913174
    1.237597106    2.094395102   53.669392024   18.964552810   -5.006970280
    1.427996661    2.094395102   58.503613593   30.794592783   -8.030170297
    1.618396215    2.094395102   64.897094377   34.665020015   -9.891205989
    1.808795770    2.094395102   71.038246448   27.988297896  -10.983917317
    1.999195325    2.094395102   74.926654856   11.398195807  -11.859905355
    2.189594880    2.094395102   74.968872411  -11.649080212  -12.958968717
    2.379994435    2.094395102   70.414209691  -35.959500498  -14.433252218
    2.570393989    2.094395102   61.547135889  -56.076981869  -16.121026100
    2.760793544    2.094395102   49.613017057  -67.583972299  -17.646658431
    2.951193099    2.094395102   36.518658154  -68.092241266  -18.581684102

   -3.141592654    2.443460953   18.131372307  -57.826822306  -12.816865322
   -2.951193099    2.443460953    8.845376699  -39.022432192  -11.462872690
   -2.760793544    2.443460953    3.397932548  -18.506358524   -9.428861001
   -2.570393989    2.443460953    1.545433711   -2.105393183   -6.862567760
   -2.379994435    2.443460953    2.094874019    6.380672836   -3.879274561
   -2.189594880    2.443460953    3.441556212    6.531350083   -0.491619122
   -1.999195325    2.443460953    4.247932922    1.465428496    3.331357853
   -1.808795770    2.443460953    3.998057856   -3.661100106    7.510089420
   -1.618396215    2.443460953    3.168431955   -3.962199796   11.734474792
   -1.427996661    2.443460953    2.964235214    3.024883041   15.509621804
   -1.237597106    2.443460953    4.740098177   16.398443081   18.358311019
   -1.047197551    2.443460953    9.399411030   32.523522920   20.039687035
   -0.856797996    2.443460953   17.022777614   46.762628101   20.623588546
   -0.666398442    2.443460953   26.854475985   55.181950574   20.369526854
   -0.475998887    2.443460953   37.548084350   55.589015608   19.523469117
   -0.285599332    2.443460953   47.520504018   47.734777730   18.164509162
   -0.095199777    2.443460953   55.307140501   33.019085172   16.156884259
    0.095199777    2.443460953   59.854888254   14.310469708   13.238572483
    0.285599332    2.443460953   60.780191901   -4.302745079    9.190994659
    0.475998887    2.443460953   58.541086953  -18.130557847    4.061248350
    0.666398442    2.443460953   54.451530446  -23.208029683   -1.699313200
    0.856797996    2.443460953   50.392601707  -17.842384942   -7.290854893
    1.047197551    2.443460953   48.247301361   -3.686089664  -11.812451670
    1.237597106    2.443460953   49.250491695   14.232143036  -14.640526284
    1.427996661    2.443460953   53.486299454   29.146564980  -15.659320335
    1.618396215    2.443460953   59.785312472   35.109260514  -15.279251624
    1.808795770    2.443460953   66.098858697   29.126896611  -14.213786794
    1.999195325    2.443460953   70.168692388   12.007517223  -13.168574508
    2.189594880    2.443460953   70.218966823  -12.216526562  -12.596091527
    2.379994435    2.443460953   65.440185168  -37.680529612  -12.600393289
    2.570393989    2.443460953   56.175321088  -58.405241132  -12.985877290
    2.760793544    2.443460953   43.802739908  -69.717497464  -13.388876873
    2.951193099    2.443460953   30.381264841  -69.289212924  -13.424323134

   -3.141592654    2.792526803   15.132792400  -56.517338987    1.253929344
   -2.951193099    2.792526803    6.176484322  -36.882298899    3.340145098
   -2.760793544    2.792526803    1.215634912  -15.555273499    5.314884862
   -2.570393989    2.792526803    0.000000000    1.626994501    7.120522771
   -2.379994435    2.792526803    1.340093583   10.974281581    8.869659533
   -2.189594880    2.792526803    3.657854140   12.163698801   10.844984617
   -1.999195325    2.792526803    5.643976151    8.210499045   13.358075210
   -1.808795770    2.792526803    6.765467212    3.906205858   16.527857795
   -1.618396215    2.792526803    7.399524133    3.688816083   20.116517095
   -1.427996661    2.792526803    8.582045134    9.774572948   23.559901747
   -1.237597106    2.792526803   11.487828606   21.405138467   26.186414977
   -1.047197551    2.792526803   16.898193872   35.379546204   27.490769709
   -0.856797996    2.792526803   24.858959654   47.475300871   27.291717987
   -0.666398442    2.792526803   34.637963453   53.942758885   25.688974331
   -0.475998887    2.792526803   44.920198093   52.510335051   22.913485998
   -0.285599332    2.792526803   54.125709095   42.728597204   19.186945878
   -0.095199777    2.792526803   60.760010131   25.896085172   14.645797273
    0.095199777    2.792526803   63.743504774    5.020097636    9.384421529
    0.285599332    2.792526803   62.721285170  -15.352696941    3.557811053
    0.475998887    2.792526803   58.288378531  -29.894832248   -2.481310857
    0.666398442    2.792526803   52.013337697  -34.106890783   -8.141858248
    0.856797996    2.792526803   46.095212009  -26.203255626  -12.703353191
    1.047197551    2.792526803   42.694787268   -8.386849018  -15.558015624
    1.237597106    2.792526803   43.171145827   13.341616218  -16.484022922
    1.427996661    2.792526803   47.538537186   31.220808577  -15.728462545
    1.618396215    2.792526803   54.402306732   38.723653330  -13.885256023
    1.808795770    2.792526803   61.434813496   32.866765213  -11.626128542
    1.999195325    2.792526803   66.147461538   14.918063376   -9.450635819
    2.189594880    2.792526803   66.640917049  -10.473779787   -7.567766410
    2.379994435    2.792526803   62.092034613  -36.940900403   -5.931166436
    2.570393989    2.792526803   52.906558940  -58.220661465   -4.361025116
    2.760793544    2.792526803   40.558928535  -69.555210072   -2.679089067
    2.951193099    2.792526803   27.203762951  -68.701251058   -0.795353892
