#! FIELDS phi psi file.free der_phi der_psi
#! SET min_phi -pi
#! SET max_phi pi
#! SET nbins_phi  33
#! SET periodic_phi true
#! SET min_psi -pi
#! SET max_psi pi
#! SET nbins_psi  18
#! SET periodic_psi true
   -3.141592654   -3.141592654   18.924713108  -54.923262710   15.371620498
   -2.951193099   -3.141592654   10.158610685  -36.387265433   17.789563251
   -2.760793544   -3.141592654    5.236498753  -15.524169827   19.447468912
   -2.570393989   -3.141592654    4.033520734    1.840285794   20.430694736
   -2.379994435   -3.141592654    5.477670523   11.951278237   21.084888353
   -2.189594880   -3.141592654    8.093116453   14.386766562   21.918085061
   -1.999195325   -3.141592654   10.643062506   11.931013222   23.374813733
   -1.808795770   -3.141592654   12.603728988    8.928692395   25.581193895
   -1.618396215   -3.141592654   14.260561783    9.246933133   28.201648953
   -1.427996661   -3.141592654   16.454947409   14.637585138   30.523240284
   -1.237597106   -3.141592654   20.110415949   24.220826798   31.736385425
   -1.047197551   -3.141592654   25.772099198   35.086935322   31.267591045
   -0.856797996   -3.141592654   33.333631126   43.553823355   28.980024497
   -0.666398442   -3.141592654   42.021589445   46.473378914   25.138455422
   -0.475998887   -3.141592654   50.589548150   42.134860117   20.233316765
   -0.285599332   -3.141592654   57.623793834   30.519675415   14.768521378
   -0.095199777   -3.141592654   61.863254511   13.202987220    9.108520248
    0.095199777   -3.141592654   62.495067486   -6.748166685    3.465105275
    0.285599332   -3.141592654   59.421642673  -24.927558200   -2.017134662
    0.475998887   -3.141592654   53.451152072  -36.341733413   -7.104348548
    0.666398442   -3.141592654   46.285545888  -36.977284731  -11.395468566
    0.856797996   -3.141592654   40.151902126  -25.652004598  -14.378991771
    1.047197551   -3.141592654   37.121469577   -5.207765262  -15.639392451
    1.237597106   -3.141592654   38.358038234   17.954827117  -15.094795128
    1.427996661   -3.141592654   43.644730226   36.122281596  -13.064967709
    1.618396215   -3.141592654   51.411357374   43.278545179  -10.132911992
    1.808795770   -3.141592654   59.275907435   37.127816384   -6.882405469
    1.999195325   -3.141592654   64.808571413   19.372741030   -3.677779357
    2.189594880   -3.141592654   66.203958080   -5.415532678   -0.595632982
    2.379994435   -3.141592654   62.672863826  -31.366733250    2.478927798
    2.570393989   -3.141592654   54.551324623  -52.749811492    5.682284790
    2.760793544   -3.141592654   43.171121047  -64.991002309    9.027089883
    2.951193099   -3.141592654   30.551371550  -65.598991391   12.353352419

   -3.141592654   -2.792526803   25.789131186  -50.211078860   23.029260014
   -2.951193099   -2.792526803   17.751856905  -33.491727471   25.417282990
   -2.760793544   -2.792526803   13.209941827  -14.372179078   26.588177530
   -2.570393989   -2.792526803   12.105772338    1.866756503   26.775580409
   -2.379994435   -2.792526803   13.526641271   11.865781841   26.509737160
   -2.189594880   -2.792526803   16.200971994   15.248417458   26.432700638
   -1.999195325   -2.792526803   19.062122741   14.391067055   27.029729500
   -1.808795770   -2.792526803   21.640812525   12.865819542   28.385655853
   -1.618396215   -2.792526803   24.116665443   13.695059363   30.093962478
   -1.427996661   -2.792526803   27.087764593   18.082862626   31.387201388
   -1.237597106   -2.792526803   31.180453494   25.157464514   31.440539326
   -1.047197551   -2.792526803   36.697848341   32.553181728   29.706204374
   -0.856797996   -2.792526803   43.426539347   37.389571118   26.109823365
   -0.666398442   -2.792526803   50.635772078   37.256975281   21.015245935
   -0.475998887   -2.792526803   57.236747710   30.890787692   15.038483634
   -0.285599332   -2.792526803   62.025912973   18.369753798    8.814877987
   -0.095199777   -2.792526803   63.945149001    1.134459154    2.819703478
    0.095199777   -2.792526803   62.349272692  -17.961469919   -2.668091984
    0.285599332   -2.792526803   57.273683139  -34.630354888   -7.492065319
    0.475998887   -2.792526803   49.650372002  -43.884403383  -11.476899261
    0.666398442   -2.792526803   41.306606327  -41.702918997  -14.358155930
    0.856797996   -2.792526803   34.579487492  -27.100337490  -15.823906166
    1.047197551   -2.792526803   31.585989119   -3.410132958  -15.681527825
    1.237597106   -2.792526803   33.426245568   22.356029884  -14.024396410
    1.427996661   -2.792526803   39.715692187   42.072812192  -11.245647044
    1.618396215   -2.792526803   48.676457590   49.729150414   -7.869571499
    1.808795770   -2.792526803   57.760963135   43.435277437   -4.321837569
    1.999195325   -2.792526803   64.469502754   25.440630485   -0.771367705
    2.189594880   -2.792526803   67.018784372    0.693615898    2.861556445
    2.379994435   -2.792526803   64.680677351  -24.911840379    6.750770058
    2.570393989   -2.792526803   57.826065528  -45.931070394   10.970903889
    2.760793544   -2.792526803   47.752227412  -58.189721748   15.364624763
    2.951193099   -2.792526803   36.374516442  -59.491714913   19.547333328

   -3.141592654   -2.443460953   33.791919361  -45.159680791   21.374194713
   -2.951193099   -2.443460953   26.508552689  -30.666269954   23.327556909
   -2.760793544   -2.443460953   22.298225433  -13.641896344   24.181167037
   -2.570393989   -2.443460953   21.187169851    1.223888752   24.195727403
   -2.379994435   -2.443460953   22.438231442   10.908841751   23.846181848
   -2.189594880   -2.443460953   24.980716926   14.953582005   23.630349705
   -1.999195325   -2.443460953   27.890616217   15.213574022   23.850527626
   -1.808795770   -2.443460953   30.713081835   14.485318416   24.450013630
   -1.618396215   -2.443460953   33.495244396   15.083040589   24.998702343
   -1.427996661   -2.443460953   36.601102034   17.893327604   24.848901019
   -1.237597106   -2.443460953   40.413945110   22.276427039   23.406698335
   -1.047197551   -2.443460953   45.083633645   26.540592800   20.394647341
   -0.856797996   -2.443460953   50.391844594   28.616888431   15.971755857
   -0.666398442   -2.443460953   55.743869131   26.731510241   10.646528917
   -0.475998887   -2.443460953   60.273789383   19.887094932    5.067732381
   -0.285599332   -2.443460953   63.014640685    8.031041927   -0.199893799
   -0.095199777   -2.443460953   63.092804019   -7.767776989   -4.820267407
    0.095199777   -2.443460953   59.969097044  -25.071890053   -8.683655500
    0.285599332   -2.443460953   53.717365170  -39.858862220  -11.799916869
    0.475998887   -2.443460953   45.279397125  -47.198588977  -14.153179426
    0.666398442   -2.443460953   36.494011815  -43.000476725  -15.628813567
    0.856797996   -2.443460953   29.718297810  -26.298544132  -16.038784781
    1.047197551   -2.443460953   27.067898175   -0.640355330  -15.255707684
    1.237597106   -2.443460953   29.588428935   26.638153900  -13.347182433
    1.427996661   -2.443460953   36.785592645   47.218227416  -10.600345429
    1.618396215   -2.443460953   46.760528188   55.165206253   -7.395805507
    1.808795770   -2.443460953   56.885844557   48.925337094   -4.039477443
    1.999195325   -2.443460953   64.654938106   31.136913904   -0.644938195
    2.189594880   -2.443460953   68.336922426    6.946222119    2.856783856
    2.379994435   -2.443460953   67.263463319  -17.872042879    6.588668885
    2.570393989   -2.443460953   61.815934893  -38.261070998   10.571977635
    2.760793544   -2.443460953   53.217695901  -50.500286575   14.622491561
    2.951193099   -2.443460953   43.236015948  -52.688282450   18.368149402

   -3.141592654   -2.094395102   39.753282336  -41.363576516   13.844675883
   -2.951193099   -2.094395102   33.043216213  -28.455628750   15.146539379
   -2.760793544   -2.094395102   29.113992580  -12.838561967   15.773864460
   -2.570393989   -2.094395102   28.061890914    1.148473024   15.890535783
   -2.379994435   -2.094395102   29.266958830   10.602227855   15.731296291
   -2.189594880   -2.094395102   31.767915986   14.869113239   15.476424341
   -1.999195325   -2.094395102   34.686659724   15.344420001   15.151591806
   -1.808795770   -2.094395102   37.514772197   14.285286567   14.592263473
   -1.618396215   -2.094395102   40.155503453   13.636247223   13.508819978
   -1.427996661   -2.094395102   42.793488734   14.306448404   11.621072424
   -1.237597106   -2.094395102   45.679810392   16.124602796    8.807027065
   -1.047197551   -2.094395102   48.951388264   18.135484819    5.193080944
   -0.856797996   -2.094395102   52.519062604   18.953626105    1.134159144
   -0.666398442   -2.094395102   56.015480933   17.129293530   -2.915164002
   -0.475998887   -2.094395102   58.818377461   11.518329379   -6.555696380
   -0.285599332   -2.094395102   60.139750326    1.556268161   -9.556771699
   -0.095199777   -2.094395102   59.174386861  -12.285461397  -11.893124120
    0.095199777   -2.094395102   55.349837468  -27.989138155  -13.686885918
    0.285599332   -2.094395102   48.656414554  -41.637980217  -15.090959854
    0.475998887   -2.094395102   39.963599590  -48.111410489  -16.171842091
    0.666398442   -2.094395102   31.088472395  -42.994427991  -16.850152229
    0.856797996   -2.094395102   24.420143535  -25.120397311  -16.918956447
    1.047197551   -2.094395102   22.121726926    1.905058890  -16.163940489
    1.237597106   -2.094395102   25.253405675   30.473494057  -14.498925565
    1.427996661   -2.094395102   33.277885570   51.995383572  -12.045682194
    1.618396215   -2.094395102   44.216302507   60.433183646   -9.074524882
    1.808795770   -2.094395102   55.364358093   54.358792813   -5.887828771
    1.999195325   -2.094395102   64.176602744   36.660783353   -2.697560122
    2.189594880   -2.094395102   68.927618215   12.666130135    0.420613508
    2.379994435   -2.094395102   68.970976049  -11.863059929    3.477419664
    2.570393989   -2.094395102   64.688480007  -32.080850773    6.475907550
    2.760793544   -2.094395102   57.254069012  -44.548814815    9.330806114
    2.951193099   -2.094395102   48.338926382  -47.547001120   11.859050047

   -3.141592654   -1.745329252   42.724559040  -39.226281605    5.593357359
   -2.951193099   -1.745329252   36.335942066  -27.228287841    6.149126218
   -2.760793544   -1.745329252   32.557854081  -12.458277758    6.418923102
   -2.570393989   -1.745329252   31.511048738    0.855690443    6.437876717
   -2.379994435   -1.745329252   32.608176983    9.769705444    6.203713265
   -2.189594880   -1.745329252   34.896696040   13.439930264    5.635425663
   -1.999195325   -1.745329252   37.464665305   13.025378298    4.583369039
   -1.808795770   -1.745329252   39.734182244   10.676203965    2.889792700
   -1.618396215   -1.745329252   41.541151383    8.472108971    0.484707116
   -1.427996661   -1.745329252   43.053062575    7.701509613   -2.540624449
   -1.237597106   -1.745329252   44.587624840    8.669395730   -5.916591438
   -1.047197551   -1.745329252   46.430801616   10.767629220   -9.247371456
   -0.856797996   -1.745329252   48.684299942   12.674016559  -12.118514290
   -0.666398442   -1.745329252   51.149936514   12.666887825  -14.225851017
   -0.475998887   -1.745329252   53.298834731    9.110632169  -15.462196735
   -0.285599332   -1.745329252   54.337531154    0.914135187  -15.937777633
   -0.095199777   -1.745329252   53.368102029  -11.811423558  -15.930511060
    0.095199777   -1.745329252   49.680664461  -27.133917395  -15.781132014
    0.285599332   -1.745329252   43.139142374  -40.953225622  -15.762457691
    0.475998887   -1.745329252   34.543086815  -47.770099467  -15.975006650
    0.666398442   -1.745329252   25.717632778  -42.741390440  -16.304823079
    0.856797996   -1.745329252   19.129603847  -24.433436851  -16.451172489
    1.047197551   -1.745329252   17.045976863    3.547532553  -16.060180239
    1.237597106   -1.745329252   20.604791690   33.319597726  -14.877410468
    1.427996661   -1.745329252   29.280683096   55.935590647  -12.878353611
    1.618396215   -1.745329252   41.044523923   65.075287486  -10.262466379
    1.808795770   -1.745329252   53.106704730   59.237294936   -7.364962363
    1.999195325   -1.745329252   62.842071205   41.429140273   -4.520802589
    2.189594880   -1.745329252   68.477300783   17.166605151   -1.956901778
    2.379994435   -1.745329252   69.350405119   -7.651675268    0.234069176
    2.570393989   -1.745329252   65.842629932  -28.164582737    2.056764010
    2.760793544   -1.745329252   59.119356980  -41.024180573    3.547770907
    2.951193099   -1.745329252   50.823635960  -44.607948101    4.727142330

   -3.141592654   -1.396263402   41.687451763  -39.936240317    2.676071761
   -2.951193099   -1.396263402   35.173399421  -27.808462894    2.592389624
   -2.760793544   -1.396263402   31.310540141  -12.767353353    2.280441212
   -2.570393989   -1.396263402   30.227113344    0.744898449    1.726451921
   -2.379994435   -1.396263402   31.296325645    9.502852442    0.844067143
   -2.189594880   -1.396263402   33.473636340   12.428201394   -0.533451824
   -1.999195325   -1.396263402   35.726385300   10.631155234   -2.593790587
   -1.808795770   -1.396263402   37.374244912    6.516044339   -5.425420342
   -1.618396215   -1.396263402   38.226277697    2.677065379   -8.897965161
   -1.427996661   -1.396263402   38.533724378    1.013456383  -12.627986917
   -1.237597106   -1.396263402   38.802448672    2.279828523  -16.064991994
   -1.047197551   -1.396263402   39.558897008    5.941310626  -18.657094662
   -0.856797996   -1.396263402   41.120091539   10.331657998  -20.025283024
   -0.666398442   -1.396263402   43.403978505   13.080977214  -20.075670324
   -0.475998887   -1.396263402   45.863767104   11.830747813  -19.007320307
   -0.285599332   -1.396263402   47.563467076    4.938884260  -17.241549670
   -0.095199777   -1.396263402   47.386909651   -7.716517628  -15.296822981
    0.095199777   -1.396263402   44.395501343  -24.074225298  -13.639524201
    0.285599332   -1.396263402   38.279615875  -39.601212627  -12.552637337
    0.475998887   -1.396263402   29.769845854  -48.166620912  -12.067066022
    0.666398442   -1.396263402   20.747880071  -44.258995116  -11.978967439
    0.856797996   -1.396263402   13.848556802  -25.994312986  -11.929079138
    1.047197551   -1.396263402   11.556143277    3.079685500  -11.558930349
    1.237597106   -1.396263402   15.194111878   34.674876253  -10.629820870
    1.427996661   -1.396263402   24.313864630   59.181639850   -9.113843302
    1.618396215   -1.396263402   36.834719790   69.634566546   -7.163019077
    1.808795770   -1.396263402   49.817533763   64.174589856   -5.030753581
    1.999195325   -1.396263402   60.455544725   45.835338021   -2.973584493
    2.189594880   -1.396263402   66.828674364   20.440239448   -1.177020271
    2.379994435   -1.396263402   68.199027832   -5.706875300    0.266923230
    2.570393989   -1.396263402   64.944624623  -27.403688460    1.343344632
    2.760793544   -1.396263402   58.278708289  -41.120898860    2.080622246
    2.951193099   -1.396263402   49.913442712  -45.181587133    2.514452594

   -3.141592654   -1.047197551   39.656283156  -41.621566257    2.918170519
   -2.951193099   -1.047197551   32.842287259  -29.263310002    1.757674853
   -2.760793544   -1.047197551   28.724798743  -14.014102005    0.232925996
   -2.570393989   -1.047197551   27.403588343   -0.576438976   -1.556576240
   -2.379994435   -1.047197551   28.176183093    7.613488794   -3.593537082
   -2.189594880   -1.047197551   29.895470914    9.422842492   -5.981999223
   -1.999195325   -1.047197551   31.440359472    6.180207614   -8.873319537
   -1.808795770   -1.047197551   32.111293868    0.785463669  -12.300955409
   -1.618396215   -1.047197551   31.806620384   -3.566910870  -16.029152871
   -1.427996661   -1.047197551   30.970293781   -4.540364678  -19.539536334
   -1.237597106   -1.047197551   30.348278617   -1.334228551  -22.184730022
   -1.047197551   -1.047197551   30.673119912    5.114354667  -23.426516251
   -0.856797996   -1.047197551   32.362665301   12.469615610  -23.035883659
   -0.666398442   -1.047197551   35.299521033   17.658323509  -21.167035534
   -0.475998887   -1.047197551   38.782935575   17.802802154  -18.290766704
   -0.285599332   -1.047197551   41.652354902   11.039326415  -15.045875429
   -0.095199777   -1.047197551   42.556365808   -2.638323244  -12.047929126
    0.095199777   -1.047197551   40.370475018  -20.775494238   -9.713940573
    0.285599332   -1.047197551   34.692532634  -38.282069880   -8.159679001
    0.475998887   -1.047197551   26.271563524  -48.456136986   -7.216378964
    0.666398442   -1.047197551   17.103613189  -45.353231237   -6.559674198
    0.856797996   -1.047197551    9.995768972  -26.953603073   -5.862041543
    1.047197551   -1.047197551    7.599423549    3.041257176   -4.939619367
    1.237597106   -1.047197551   11.352401460   35.932022307   -3.766071727
    1.427996661   -1.047197551   20.832146437   61.641734236   -2.444145689
    1.618396215   -1.047197551   33.900495030   72.814223437   -1.104726951
    1.808795770   -1.047197551   47.504504684   67.396331786    0.155646090
    1.999195325   -1.047197551   58.707763260   48.451929088    1.289374629
    2.189594880   -1.047197551   65.484246892   22.009051302    2.274041821
    2.379994435   -1.047197551   67.039414364   -5.335221642    3.076427844
    2.570393989   -1.047197551   63.751137726  -28.086833803    3.630148552
    2.760793544   -1.047197551   56.880094029  -42.526607843    3.843000336
    2.951193099   -1.047197551   48.210969695  -46.900966212    3.621808324

   -3.141592654   -0.698131701   39.284802559  -45.005011447    2.691348289
   -2.951193099   -0.698131701   31.768904533  -33.194789813    0.899273976
   -2.760793544   -0.698131701   26.877979735  -18.156775904   -1.307010421
   -2.570393989   -0.698131701   24.763313706   -4.759241892   -3.793388533
   -2.379994435   -0.698131701   24.728979601    3.280943534   -6.492485983
   -2.189594880   -0.698131701   25.586226479    4.649497120   -9.447095146
   -1.999195325   -0.698131701   26.164447465    0.802376871  -12.726565088
   -1.808795770   -0.698131701   25.772787468   -4.897854127  -16.244154440
   -1.618396215   -0.698131701   24.420876433   -8.699872222  -19.617482367
   -1.427996661   -0.698131701   22.751471876   -7.962305933  -22.213782620
   -1.237597106   -0.698131701   21.722422026   -2.059139857  -23.387098590
   -1.047197551   -0.698131701   22.201487175    7.462521139  -22.769999305
   -0.856797996   -0.698131701   24.605908429   17.502595797  -20.450213212
   -0.666398442   -0.698131701   28.678980828   24.348679532  -16.937807845
   -0.475998887   -0.698131701   33.487134314   24.790677446  -12.968768714
   -0.285599332   -0.698131701   37.610056476   17.019781853   -9.256134422
   -0.095199777   -0.698131701   39.482777804    1.454373277   -6.262955365
    0.095199777   -0.698131701   37.874369159  -18.777921135   -4.075051844
    0.285599332   -0.698131701   32.411131351  -37.894075651   -2.426096551
    0.475998887   -0.698131701   23.984466813  -48.740668393   -0.887769021
    0.666398442   -0.698131701   14.779502480  -45.320172039    0.859620519
    0.856797996   -0.698131701    7.764090990  -25.972993032    2.843146461
    1.047197551   -0.698131701    5.658905280    5.086073698    4.776393032
    1.237597106   -0.698131701    9.878650290   38.698407692    6.270196318
    1.427996661   -0.698131701   19.912887282   64.602383945    7.055922849
    1.618396215   -0.698131701   33.526313499   75.513102648    7.134305864
    1.808795770   -0.698131701   47.597541399   69.576847934    6.742879759
    1.999195325   -0.698131701   59.159250189   50.031126804    6.200798902
    2.189594880   -0.698131701   66.177064087   22.961883812    5.743196044
    2.379994435   -0.698131701   67.848936396   -5.079748062    5.434490463
    2.570393989   -0.698131701   64.533004968  -28.657259373    5.171156507
    2.760793544   -0.698131701   57.463283618  -44.063041626    4.753553614
    2.951193099   -0.698131701   48.406209735  -49.430751242    3.971184045

   -3.141592654   -0.349065850   39.850936473  -48.604854552    2.244317005
   -2.951193099   -0.349065850   31.571579397  -37.558768062   -0.158007677
   -2.760793544   -0.349065850   25.800558343  -22.975535092   -2.941934841
   -2.570393989   -0.349065850   22.745679633   -9.787419951   -5.902803277
   -2.379994435   -0.349065850   21.737904146   -1.927885496   -8.910976302
   -2.189594880   -0.349065850   21.576676793   -0.858394002  -11.959216744
   -1.999195325   -0.349065850   21.077922931   -4.961013786  -15.059064959
   -1.808795770   -0.349065850   19.602752105  -10.371492044  -18.042459385
   -1.618396215   -0.349065850   17.319236686  -12.795688142  -20.443319830
   -1.427996661   -0.349065850   15.102227269   -9.425854982  -21.605533163
   -1.237597106   -0.349065850   14.114379559   -0.094272126  -20.993066739
   -1.047197551   -0.349065850   15.291646372   12.724873823  -18.507345766
   -0.856797996   -0.349065850   18.932456402   24.982615970  -14.604997340
   -0.666398442   -0.349065850   24.512708711   32.413609710  -10.127085267
   -0.475998887   -0.349065850   30.782403811   31.842891101   -5.966711944
   -0.285599332   -0.349065850   36.064929765   22.040541679   -2.741911426
   -0.095199777   -0.349065850   38.683308481    4.317044459   -0.586137296
    0.095199777   -0.349065850   37.468455774  -17.326176267    0.860951341
    0.285599332   -0.349065850   32.244353949  -36.619842733    2.261109921
    0.475998887   -0.349065850   24.135603586  -46.547682422    4.225152268
    0.666398442   -0.349065850   15.474811624  -41.817734294    6.963917043
    0.856797996   -0.349065850    9.217817973  -21.683723492   10.139662599
    1.047197551   -0.349065850    7.920742161    9.077500627   13.003444823
    1.237597106   -0.349065850   12.785922073   41.342065593   14.803367391
    1.427996661   -0.349065850   23.152442078   65.429502167   15.145964264
    1.618396215   -0.349065850   36.765577454   74.773887366   14.158328196
    1.808795770   -0.349065850   50.601248039   67.976387488   12.363683237
    1.999195325   -0.349065850   61.835158446   48.292029201   10.391316996
    2.189594880   -0.349065850   68.543682056   21.488497939    8.697234756
    2.379994435   -0.349065850   69.961901192   -6.305582352    7.430364716
    2.570393989   -0.349065850   66.411883195  -29.961881841    6.449284937
    2.760793544   -0.349065850   59.051440287  -45.887184765    5.448519406
    2.951193099   -0.349065850   49.570282916  -52.096741083    4.110124288

   -3.141592654    0.000000000   40.452987834  -52.419541964    0.863591997
   -2.951193099    0.000000000   31.371636957  -42.108939675   -1.374202378
   -2.760793544    0.000000000   24.687777574  -27.944840548   -3.781085346
   -2.570393989    0.000000000   20.671490255  -14.872430629   -6.223857764
   -2.379994435    0.000000000   18.696515499   -6.989767724   -8.647292500
   -2.189594880    0.000000000   17.576714932   -5.850754448  -11.076287501
   -1.999195325    0.000000000   16.149880261   -9.642708197  -13.487494960
   -1.808795770    0.000000000   13.864302363  -14.042091485  -15.634306344
   -1.618396215    0.000000000   11.062912851  -14.369235744  -16.994491674
   -1.427996661    0.000000000    8.828302965   -7.912809211  -16.952251412
   -1.237597106    0.000000000    8.450437290    4.759970960  -15.141679427
   -1.047197551    0.000000000   10.814165660   20.109683525  -11.729076749
   -0.856797996    0.000000000   15.974907417   33.248708958   -7.428536833
   -0.666398442    0.000000000   23.064474708   39.722023603   -3.203283026
   -0.475998887    0.000000000   30.524035586   36.884997652    0.145349564
   -0.285599332    0.000000000   36.519051791   24.520513401    2.301884691
   -0.095199777    0.000000000   39.420944274    5.016629520    3.551977456
    0.095199777    0.000000000   38.287725078  -16.887105732    4.634270872
    0.285599332    0.000000000   33.251757495  -34.857865833    6.401169055
    0.475998887    0.000000000   25.684521115  -42.572638762    9.379213489
    0.666398442    0.000000000   17.978272953  -35.928721546   13.445370556
    0.856797996    0.000000000   12.920699818  -15.294836547   17.795953144
    1.047197551    0.000000000   12.742261703   14.136455478   21.268719660
    1.237597106    0.000000000   18.326948886   43.687259889   22.898922070
    1.427996661    0.000000000   28.845044332   64.718206445   22.339042155
    1.618396215    0.000000000   42.081274122   71.713795884   19.954814484
    1.808795770    0.000000000   55.209312677   63.831683388   16.576338599
    1.999195325    0.000000000   65.647709559   44.248197929   13.089749452
    2.189594880    0.000000000   71.653562922   18.212569329   10.098477788
    2.379994435    0.000000000   72.528958083   -8.772319728    7.796172957
    2.570393989    0.000000000   68.555752424  -32.036510563    6.029953644
    2.760793544    0.000000000   60.790740557  -48.164906829    4.474551190
    2.951193099    0.000000000   50.816922954  -55.047083264    2.810975216

   -3.141592654    0.349065850   41.802801695  -55.003426920    0.036374959
   -2.951193099    0.349065850   32.166734379  -45.313039690   -1.428304868
   -2.760793544    0.349065850   24.824732152  -31.604063421   -2.870244289
   -2.570393989    0.349065850   20.084112282  -18.785778222   -4.278756996
   -2.379994435    0.349065850   17.350082019  -11.028479737   -5.699970525
   -2.189594880    0.349065850   15.458734155   -9.879892322   -7.198788140
   -1.999195325    0.349065850   13.291981641  -13.291096156   -8.737450058
   -1.808795770    0.349065850   10.405227437  -16.551117182  -10.056701369
   -1.618396215    0.349065850    7.312389835  -14.762202878  -10.687764901
   -1.427996661    0.349065850    5.264331573   -5.498966895  -10.152822021
   -1.237597106    0.349065850    5.610071374    9.840250499   -8.260154869
   -1.047197551    0.349065850    9.112499565   26.728111545   -5.295931434
   -0.856797996    0.349065850   15.545458034   39.699936497   -1.955540920
   -0.666398442    0.349065850   23.720460166   44.475201969    0.989627901
   -0.475998887    0.349065850   31.861171101   39.265080675    3.062548848
   -0.285599332    0.349065850   38.113018827   25.007248449    4.307262126
   -0.095199777    0.349065850   41.036761553    5.048538491    5.278701566
    0.095199777    0.349065850   40.011711088  -15.487281747    6.787072835
    0.285599332    0.349065850   35.490887416  -30.694646593    9.522851070
    0.475998887    0.349065850   29.010980683  -35.398685007   13.669086778
    0.666398442    0.349065850   22.872185733  -26.957870070   18.706675069
    0.856797996    0.349065850   19.517698462   -6.821006964   23.520600318
    1.047197551    0.349065850   20.711461525   19.720568993   26.824864230
    1.237597106    0.349065850   26.956266722   44.917591129   27.722834107
    1.427996661    0.349065850   37.283261459   61.616814489   26.068635414
    1.618396215    0.349065850   49.614941666   65.616043125   22.461271629
    1.808795770    0.349065850   61.448239405   56.658335794   17.917609789
    1.999195325    0.349065850   70.557169078   37.689714572   13.431509455
    2.189594880    0.349065850   75.454306272   13.210864674    9.646663270
    2.379994435    0.349065850   75.540116320  -12.110860545    6.763176723
    2.570393989    0.349065850   71.053165504  -34.213522533    4.637849348
    2.760793544    0.349065850   62.925276376  -49.929744046    2.973790750
    2.951193099    0.349065850   52.601000491  -57.042745924    1.491843896

   -3.141592654    0.698131701   42.970961339  -56.862308388   -1.251822318
   -2.951193099    0.698131701   32.949857818  -47.466226452   -1.751192163
   -2.760793544    0.698131701   25.176454856  -33.944691161   -2.047160631
   -2.570393989    0.698131701   19.982271087  -21.181910435   -2.254481099
   -2.379994435    0.698131701   16.792647187  -13.404790132   -2.515439094
   -2.189594880    0.698131701   14.455825787  -12.159370636   -2.943822450
   -1.999195325    0.698131701   11.880402920  -15.245194666   -3.537070499
   -1.808795770    0.698131701    8.687385759  -17.720619433   -4.123911835
   -1.618396215    0.698131701    5.490896107  -14.599905419   -4.405262414
   -1.427996661    0.698131701    3.627655620   -3.710931871   -4.098141162
   -1.237597106    0.698131701    4.451750903   12.975477346   -3.107088039
   -1.047197551    0.698131701    8.615738865   30.359896223   -1.608523234
   -0.856797996    0.698131701   15.703801621   42.792963214    0.031509619
   -0.666398442    0.698131701   24.358284129   46.369456574    1.488501680
   -0.475998887    0.698131701   32.748578230   40.081067364    2.686137498
   -0.285599332    0.698131701   39.123008128   25.688636497    3.878866698
   -0.095199777    0.698131701   42.274044730    6.994937076    5.570886184
    0.095199777    0.698131701   41.845116408  -11.004673687    8.276099007
    0.285599332    0.698131701   38.467324097  -23.185055336   12.243118375
    0.475998887    0.698131701   33.659433391  -25.570211624   17.217206094
    0.666398442    0.698131701   29.469696344  -16.705858568   22.401462029
    0.856797996    0.698131701   27.912185059    1.379642699   26.648541427
    1.047197551    0.698131701   30.299172230   23.784176462   28.879114124
    1.237597106    0.698131701   36.842666640   43.981481895   28.519498171
    1.427996661    0.698131701   46.554107104   56.312277225   25.723161545
    1.618396215    0.698131701   57.592992134   57.686034273   21.258221567
    1.808795770    0.698131701   67.831395295   48.164723842   16.159463997
    1.999195325    0.698131701   75.404751095   30.264402631   11.340307825
    2.189594880    0.698131701   79.060780489    7.660350691    7.346768896
    2.379994435    0.698131701   78.274057425  -15.783678072    4.326610683
    2.570393989    0.698131701   73.227246984  -36.537112158    2.156561387
    2.760793544    0.698131701   64.729312441  -51.607605559    0.616355315
    2.951193099    0.698131701   54.098326363  -58.654020963   -0.483426961

   -3.141592654    1.047197551   41.298421923  -57.675190891   -4.830025379
   -2.951193099    1.047197551   31.210658528  -47.350493024   -4.238860083
   -2.760793544    1.047197551   23.532180538  -33.103739944   -3.244858302
   -2.570393989    1.047197551   18.538065829  -19.985846462   -2.143323340
   -2.379994435    1.047197551   15.576306421  -12.270459905   -1.199066749
   -2.189594880    1.047197551   13.423783650  -11.389355308   -0.573056361
   -1.999195325    1.047197551   10.952703034  -14.908062139   -0.293777653
   -1.808795770    1.047197551    7.794562559  -17.648984803   -0.284485495
   -1.618396215    1.047197551    4.608925551  -14.515175065   -0.418329342
   -1.427996661    1.047197551    2.781068488   -3.406720029   -0.572080032
   -1.237597106    1.047197551    3.686346560   13.501266917   -0.652837515
   -1.047197551    1.047197551    7.960622550   30.948738962   -0.597795942
   -0.856797996    1.047197551   15.156397297   43.330268689   -0.340926287
   -0.666398442    1.047197551   23.917894961   47.013410586    0.247357766
   -0.475998887    1.047197551   32.480936325   41.362598300    1.379826054
   -0.285599332    1.047197551   39.221926427   28.394713637    3.323869414
   -0.095199777    1.047197551   43.082414836   11.831322596    6.319266086
    0.095199777    1.047197551   43.801706539   -3.796663234   10.431684462
    0.285599332    1.047197551   41.986217856  -14.151049063   15.419009790
    0.475998887    1.047197551   38.967978532  -16.091462530   20.653637229
    0.666398442    1.047197551   36.473085923   -8.719295969   25.211120719
    0.856797996    1.047197551   36.143281726    6.024110825   28.099801673
    1.047197551    1.047197551   39.002827033   24.013848464   28.618596140
    1.237597106    1.047197551   45.168968764   39.912697118   26.625867837
    1.427996661    1.047197551   53.783757840   49.127685176   22.600564411
    1.618396215    1.047197551   63.293457224   49.098715747   17.421420576
    1.808795770    1.047197551   71.892055850   39.747239261   12.025448309
    1.999195325    1.047197551   77.962013855   22.994340950    7.113990319
    2.189594880    1.047197551   80.371575368    1.838953030    3.037109182
    2.379994435    1.047197551   78.605187494  -20.299828483   -0.138262492
    2.570393989    1.047197551   72.800480565  -40.022059961   -2.471057480
    2.760793544    1.047197551   63.722067084  -54.227942000   -4.017333122
    2.951193099    1.047197551   52.672542760  -60.408181658   -4.794102535

   -3.141592654    1.396263402   36.987145231  -57.433684857  -10.202838399
   -2.951193099    1.396263402   27.117177993  -45.352493208   -9.469708393
   -2.760793544    1.396263402   19.944597659  -29.900726652   -8.051753727
   -2.570393989    1.396263402   15.615683545  -16.325180736   -6.258058624
   -2.379994435    1.396263402   13.338234107   -8.842359097   -4.390628335
   -2.189594880    1.396263402   11.777120780   -8.662339422   -2.659215744
   -1.999195325    1.396263402    9.738502031  -13.115618736   -1.176082232
   -1.808795770    1.396263402    6.826273617  -16.861929444   -0.012953273
   -1.618396215    1.396263402    3.698499692  -14.681157011    0.751713035
   -1.427996661    1.396263402    1.763157032   -4.328248367    1.055785875
   -1.237597106    1.396263402    2.451307356   12.214630301    0.938639019
   -1.047197551    1.396263402    6.492171491   29.878452062    0.602104848
   -0.856797996    1.396263402   13.559947341   43.168978534    0.400134833
   -0.666398442    1.396263402   22.431383175   48.428954269    0.756230064
   -0.475998887    1.396263402   31.455899958   44.850397936    2.035398727
   -0.285599332    1.396263402   39.076306480   34.143223953    4.436796736
   -0.095199777    1.396263402   44.229542786   19.575479544    7.927590542
    0.095199777    1.396263402   46.554509972    5.146672748   12.197906139
    0.285599332    1.396263402   46.456600944   -5.309891604   16.665036790
    0.475998887    1.396263402   44.986885048   -8.925500016   20.552035992
    0.666398442    1.396263402   43.577990091   -4.678353886   23.074237247
    0.856797996    1.396263402   43.647403975    6.116480331   23.655653572
    1.047197551    1.396263402   46.148944081   20.252643533   22.147297966
    1.237597106    1.396263402   51.304104038   33.271065557   18.866606793
    1.427996661    1.396263402   58.491837216   41.022436515   14.486774084
    1.618396215    1.396263402   66.426809896   40.843467884    9.761287818
    1.808795770    1.396263402   73.508705363   32.151973968    5.277629943
    1.999195325    1.396263402   78.217525156   16.292538014    1.331405247
    2.189594880    1.396263402   79.427689980   -4.087153646   -2.035302965
    2.379994435    1.396263402   76.595976895  -25.566688293   -4.888427196
    2.570393989    1.396263402   69.858170137  -44.506287900   -7.251325808
    2.760793544    1.396263402   60.029483360  -57.533628353   -9.032327712
    2.951193099    1.396263402   48.499068365  -62.071274588  -10.060614298

   -3.141592654    1.745329252   31.271596789  -57.195682765  -15.895651053
   -2.951193099    1.745329252   21.642062790  -43.117908463  -15.466508999
   -2.760793544    1.745329252   15.043850515  -26.223594164  -13.992145122
   -2.570393989    1.745329252   11.491453575  -11.978155666  -11.732199693
   -2.379994435    1.745329252   10.047706370   -4.535904487   -9.000855389
   -2.189594880    1.745329252    9.261034007   -4.903407239   -6.054226618
   -1.999195325    1.745329252    7.858316159  -10.246081913   -3.078099762
   -1.808795770    1.745329252    5.385591402  -15.160976910   -0.257045764
   -1.618396215    1.745329252    2.454812697  -14.336052877    2.170483715
   -1.427996661    1.745329252    0.460235047   -5.252854930    3.961566826
   -1.237597106    1.745329252    0.892142959   10.568198282    5.009013580
   -1.047197551    1.745329252    4.628942758   28.508583818    5.448973936
   -0.856797996    1.745329252   11.555399724   43.233616551    5.650209111
   -0.666398442    1.745329252   20.652047478   50.837419384    6.077661592
   -0.475998887    1.745329252   30.391063737   49.941506374    7.105949826
   -0.285599332    1.745329252   39.213911391   41.566467106    8.878160732
   -0.095199777    1.745329252   45.928135013   28.342265827   11.243958269
    0.095199777    1.745329252   49.938117996   13.811863409   13.769777371
    0.285599332    1.745329252   51.353244398    1.647811590   15.825354016
    0.475998887    1.745329252   50.931991398   -5.053915146   16.766816066
    0.666398442    1.745329252   49.898736638   -4.656458475   16.174333731
    0.856797996    1.745329252   49.608594260    2.428204098   14.014826499
    1.047197551    1.745329252   51.127520547   13.830683254   10.691008698
    1.237597106    1.745329252   54.914623509   25.570798519    6.855959551
    1.427996661    1.745329252   60.625493753   33.393930298    3.167638148
    1.618396215    1.745329252   67.184346280   34.088496475    0.025814769
    1.808795770    1.745329252   73.077785283   26.389439513   -2.520446223
    1.999195325    1.745329252   76.757342197   11.165898808   -4.695279351
    2.189594880    1.745329252   77.015405469   -9.015041210   -6.808748840
    2.379994435    1.745329252   73.248521802  -30.445736100   -9.058037440
    2.570393989    1.745329252   65.605786572  -49.040653465  -11.409593178
    2.760793544    1.745329252   54.995589818  -61.072047793  -13.594781479
    2.951193099    1.745329252   42.941139022  -63.925884389  -15.211388970

   -3.141592654    2.094395102   24.659332766  -58.148840721  -17.374142135
   -2.951193099    2.094395102   15.059393826  -41.862899890  -16.989846631
   -2.760793544    2.094395102    8.894649944  -23.010613317  -15.474642207
   -2.570393989    2.094395102    6.097061498   -7.375806941  -13.035683878
   -2.379994435    2.094395102    5.613738307    0.856960543   -9.952875870
   -2.189594880    2.094395102    5.891128068    0.812338247   -6.451794793
   -1.999195325    2.094395102    5.577875209   -4.582199491   -2.693533228
   -1.808795770    2.094395102    4.146547210   -9.967072940    1.132384470
   -1.618396215    2.094395102    2.123413366  -10.076554053    4.721009316
   -1.427996661    2.094395102    0.823358959   -2.248159164    7.694296748
   -1.237597106    2.094395102    1.710919361   12.393400048    9.769981929
   -1.047197551    2.094395102    5.723752716   29.692690786   10.922550489
   -0.856797996    2.094395102   12.876639491   44.550356894   11.412544674
   -0.666398442    2.094395102   22.290593343   52.925463902   11.649441986
   -0.475998887    2.094395102   32.521334636   52.999559851   11.984702265
   -0.285599332    2.094395102   41.995032141   45.234979716   12.550267344
   -0.095199777    2.094395102   49.400292664   31.758387381   13.187500221
    0.095199777    2.094395102   53.945702299   15.814441384   13.488071750
    0.285599332    2.094395102   55.520199629    1.161504761   12.926331786
    0.475998887    2.094395102   54.719859178   -8.569656021   11.095623487
    0.666398442    2.094395102   52.746576220  -10.877174834    7.943307218
    0.856797996    2.094395102   51.103942304   -5.284246953    3.864716370
    1.047197551    2.094395102   51.142640692    6.268811534   -0.390606328
    1.237597106    2.094395102   53.623332887   19.596189524   -4.042864104
    1.427996661    2.094395102   58.406105202   29.645764539   -6.583233686
    1.618396215    2.094395102   64.444778861   32.252310258   -7.974167560
    1.808795770    2.094395102   70.094567224   25.473666528   -8.600146973
    1.999195325    2.094395102   73.593959991   10.015344253   -9.046097872
    2.189594880    2.094395102   73.540983918  -11.214341797   -9.827708788
    2.379994435    2.094395102   69.234431538  -33.881948077  -11.192364048
    2.570393989    2.094395102   60.851230573  -53.251040388  -13.051505507
    2.760793544    2.094395102   49.435970941  -65.132602532  -15.035369247
    2.951193099    2.094395102   36.703828113  -66.820456307  -16.631843447

   -3.141592654    2.443460953   18.870504058  -58.987652481  -11.788489198
   -2.951193099    2.443460953    9.287095073  -40.846498429  -10.888207034
   -2.760793544    2.443460953    3.488867016  -20.233652945   -9.123057078
   -2.570393989    2.443460953    1.361035492   -3.194616465   -6.655690674
   -2.379994435    2.443460953    1.777975370    6.077449870   -3.675843503
   -2.189594880    2.443460953    3.128689934    6.833243898   -0.285555187
   -1.999195325    2.443460953    4.023388124    2.043423605    3.481633729
   -1.808795770    2.443460953    3.885358397   -3.092899714    7.526766501
   -1.618396215    2.443460953    3.149689484   -3.545266273   11.554582600
   -1.427996661    2.443460953    3.007228395    3.276816586   15.094019926
   -1.237597106    2.443460953    4.814829627   16.489459688   17.678214996
   -1.047197551    2.443460953    9.469911345   32.375947966   19.058335662
   -0.856797996    2.443460953   17.026803207   46.182116364   19.295360064
   -0.666398442    2.443460953   26.686930772   53.932199575   18.664828921
   -0.475998887    2.443460953   37.068844561   53.578770442   17.471394486
   -0.285599332    2.443460953   46.600227012   45.190346263   15.887132833
   -0.095199777    2.443460953   53.894732901   30.526907580   13.870499689
    0.095199777    2.443460953   58.034739688   12.665407258   11.208482910
    0.285599332    2.443460953   58.784246368   -4.404538880    7.654198300
    0.475998887    2.443460953   56.697830360  -16.420832142    3.152681320
    0.666398442    2.443460953   53.082098523  -20.046327318   -1.977602593
    0.856797996    2.443460953   49.692405898  -14.153261241   -7.038034702
    1.047197551    2.443460953   48.205453195   -0.642572432  -11.152602179
    1.237597106    2.443460953   49.647187105   15.693025904  -13.649203892
    1.427996661    2.443460953   53.982225651   28.764643964  -14.333577537
    1.618396215    2.443460953   60.071040771   33.450687274  -13.565771882
    1.808795770    2.443460953   66.034176621   27.325817912  -12.071860864
    1.999195325    2.443460953   69.839196773   11.191717979  -10.630329196
    2.189594880    2.443460953   69.876841478  -11.508516687   -9.794687729
    2.379994435    2.443460953   65.359714999  -35.752354084   -9.756359920
    2.570393989    2.443460953   56.505740709  -56.195041531  -10.358539941
    2.760793544    2.443460953   44.496209560  -68.260415052  -11.207051503
    2.951193099    2.443460953   31.227553890  -69.179404167  -11.819840239

   -3.141592654    2.792526803   16.170312159  -58.247068312    1.197061336
   -2.951193099    2.792526803    6.833157107  -39.008463546    3.057593304
   -2.760793544    2.792526803    1.488234896  -17.343613945    4.965600586
   -2.570393989    2.792526803    0.000000000    0.603110354    6.821347917
   -2.379994435    2.792526803    1.220682731   10.722226672    8.664100347
   -2.189594880    2.792526803    3.541741942   12.395647866   10.703383005
   -1.999195325    2.792526803    5.587263541    8.554799578   13.198758439
   -1.808795770    2.792526803    6.760808463    4.085030798   16.246283220
   -1.618396215    2.792526803    7.401852507    3.585899839   19.607338222
   -1.427996661    2.792526803    8.535827816    9.389080560   22.729253872
   -1.237597106    2.792526803   11.340851700   20.742749855   24.957859317
   -1.047197551    2.792526803   16.593533454   34.379999551   25.816304895
   -0.856797996    2.792526803   24.321347702   46.015187086   25.171544321
   -0.666398442    2.792526803   33.769518903   51.928587196   23.196827860
   -0.475998887    2.792526803   43.620623705   50.043115455   20.214474275
   -0.285599332    2.792526803   52.341974996   40.212601106   16.528154791
   -0.095199777    2.792526803   58.543333950   23.998766147   12.310797667
    0.095199777    2.792526803   61.281446123    4.458698091    7.617556395
    0.285599332    2.792526803   60.318703112  -14.115082441    2.485694932
    0.475998887    2.792526803   56.293458461  -26.897181294   -2.893009446
    0.666398442    2.792526803   50.711750653  -29.958100874   -8.066937528
    0.856797996    2.792526803   45.614008999  -21.910188962  -12.370353554
    1.047197551    2.792526803   42.957596108   -5.017189743  -15.141059269
    1.237597106    2.792526803   43.924771645   15.062614084  -16.029467191
    1.427996661    2.792526803   48.449949300   31.214429325  -15.156896991
    1.618396215    2.792526803   55.191164348   37.603106889  -13.066372214
    1.808795770    2.792526803   61.984051256   31.662108693  -10.478728308
    1.999195325    2.792526803   66.536400413   14.568406073   -8.010237092
    2.189594880    2.792526803   67.079436034   -9.602585856   -5.989613296
    2.379994435    2.792526803   62.787284939  -35.232503534   -4.436514211
    2.570393989    2.792526803   53.936930482  -56.569893689   -3.160889854
    2.760793544    2.792526803   41.824484487  -68.849819480   -1.908295452
    2.951193099    2.792526803   28.476101733  -69.339041221   -0.478553659
