#! FIELDS phi psi file.free der_phi der_psi
#! SET min_phi -pi
#! SET max_phi pi
#! SET nbins_phi  33
#! SET periodic_phi true
#! SET min_psi -pi
#! SET max_psi pi
#! SET nbins_psi  18
#! SET periodic_psi true
   -3.141592654   -3.141592654   17.794920987  -53.339260649   17.188764926
   -2.951193099   -3.141592654    9.386141932  -34.368100865   19.492625051
   -2.760793544   -3.141592654    4.831088266  -13.812600554   20.905140757
   -2.570393989   -3.141592654    3.889564480    2.822585854   21.602486611
   -2.379994435   -3.141592654    5.452017415   12.235413900   22.024213160
   -2.189594880   -3.141592654    8.082683494   14.316445219   22.752203281
   -1.999195325   -3.141592654   10.621834143   11.938449959   24.273902147
   -1.808795770   -3.141592654   12.620735079    9.355190815   26.727865993
   -1.618396215   -3.141592654   14.416180743   10.283713304   29.767064936
   -1.427996661   -3.141592654   16.874841592   16.360747345   32.647462659
   -1.237597106   -3.141592654   20.927113759   26.645556950   34.508741683
   -1.047197551   -3.141592654   27.115956286   38.167930107   34.694718834
   -0.856797996   -3.141592654   35.317921075   47.150088395   32.951997655
   -0.666398442   -3.141592654   44.718449036   50.282395012   29.405098696
   -0.475998887   -3.141592654   53.991520494   45.608208670   24.418200184
   -0.285599332   -3.141592654   61.595596839   32.873755360   18.437286982
   -0.095199777   -3.141592654   66.110227366   13.594176347   11.883690811
    0.095199777   -3.141592654   66.582072388   -8.890699795    5.149154949
    0.285599332   -3.141592654   62.858646733  -29.559539592   -1.364214835
    0.475998887   -3.141592654   55.827208631  -42.680237448   -7.177803067
    0.666398442   -3.141592654   47.396070708  -43.700835948  -11.756314144
    0.856797996   -3.141592654   40.060038440  -31.361041701  -14.619823478
    1.047197551   -3.141592654   36.126160037   -8.884425222  -15.532771873
    1.237597106   -3.141592654   36.890942354   16.659871333  -14.648386914
    1.427996661   -3.141592654   42.135695653   36.852314126  -12.460087609
    1.618396215   -3.141592654   50.167046230   45.137718366   -9.583440088
    1.808795770   -3.141592654   58.404620168   38.986217037   -6.495748937
    1.999195325   -3.141592654   64.212754613   20.275412435   -3.393837667
    2.189594880   -3.141592654   65.651908378   -5.869198223   -0.229021292
    2.379994435   -3.141592654   61.926462436  -32.846088022    3.134215191
    2.570393989   -3.141592654   53.494216618  -54.372735046    6.749433086
    2.760793544   -3.141592654   41.869739630  -65.812049394   10.496114027
    2.951193099   -3.141592654   29.216061404  -65.126632103   14.093697444

   -3.141592654   -2.792526803   25.333108963  -49.241764458   25.448273803
   -2.951193099   -2.792526803   17.519089577  -32.233699557   27.458215357
   -2.760793544   -2.792526803   13.200089537  -13.383248270   28.245233733
   -2.570393989   -2.792526803   12.235395545    2.311403198   28.137593160
   -2.379994435   -2.792526803   13.697377611   11.886410402   27.724915623
   -2.189594880   -2.792526803   16.366816171   15.233595502   27.673028829
   -1.999195325   -2.792526803   19.259558310   14.789662627   28.464837535
   -1.808795770   -2.792526803   21.982615573   14.015062676   30.163676735
   -1.618396215   -2.792526803   24.763466633   15.747527054   32.323629863
   -1.427996661   -2.792526803   28.212789800   21.018189719   34.116075117
   -1.237597106   -2.792526803   32.937948155   28.808872145   34.636460065
   -1.047197551   -2.792526803   39.197080384   36.613676361   33.237715285
   -0.856797996   -2.792526803   46.705203850   41.417615456   29.743429837
   -0.666398442   -2.792526803   54.636186724   40.698891031   24.432975562
   -0.475998887   -2.792526803   61.787221889   33.105863142   17.889660372
   -0.285599332   -2.792526803   66.831575385   18.724409578   10.801056672
   -0.095199777   -2.792526803   68.604644684   -0.817412653    3.793637399
    0.095199777   -2.792526803   66.413059677  -22.243387350   -2.629509817
    0.285599332   -2.792526803   60.341700546  -40.682591214   -8.081627452
    0.475998887   -2.792526803   51.481415223  -50.629678296  -12.237817782
    0.666398442   -2.792526803   41.890667142  -47.859751072  -14.831281320
    0.856797996   -2.792526803   34.136060961  -31.615737727  -15.699595743
    1.047197551   -2.792526803   30.487084787   -5.756979859  -14.889549802
    1.237597106   -2.792526803   32.086966893   22.111605410  -12.714439387
    1.427996661   -2.792526803   38.491850621   43.402955133   -9.672787355
    1.618396215   -2.792526803   47.794971552   51.841693979   -6.245908821
    1.808795770   -2.792526803   57.287709521   45.460182716   -2.712836362
    1.999195325   -2.792526803   64.314324105   26.652368728    0.911384686
    2.189594880   -2.792526803   66.986256150    0.752571707    4.774973524
    2.379994435   -2.792526803   64.561780120  -25.804465860    9.003925717
    2.570393989   -2.792526803   57.497723319  -47.117432475   13.543525374
    2.760793544   -2.792526803   47.232912486  -58.912615140   18.103048612
    2.951193099   -2.792526803   35.802095187  -59.318429228   22.227949767

   -3.141592654   -2.443460953   34.004067948  -45.009956902   22.842486266
   -2.951193099   -2.443460953   26.787459540  -30.195517975   24.383054433
   -2.760793544   -2.443460953   22.667867709  -13.229939728   24.929662048
   -2.570393989   -2.443460953   21.614236282    1.392136286   24.797920548
   -2.379994435   -2.443460953   22.883599250   10.962908924   24.464663883
   -2.189594880   -2.443460953   25.454486764   15.246513423   24.397690684
   -1.999195325   -2.443460953   28.476234517   16.137582839   24.861561357
   -1.808795770   -2.443460953   31.557811895   16.302033432   25.762721687
   -1.618396215   -2.443460953   34.777048685   17.834916186   26.629100880
   -1.427996661   -2.443460953   38.485547418   21.411698983   26.753694686
   -1.237597106   -2.443460953   43.016627942   26.215046144   25.469949996
   -1.047197551   -2.443460953   48.440857453   30.424407962   22.421209662
   -0.856797996   -2.443460953   54.441109086   31.893041921   17.708274616
   -0.666398442   -2.443460953   60.315940055   28.847737609   11.823795294
   -0.475998887   -2.443460953   65.099893272   20.357732274    5.466756423
   -0.285599332   -2.443460953   67.747623230    6.534953377   -0.672184969
   -0.095199777   -2.443460953   67.349474530  -11.265401948   -6.069624560
    0.095199777   -2.443460953   63.396866377  -30.201306414  -10.416050455
    0.285599332   -2.443460953   56.074662902  -45.830215751  -13.580160204
    0.475998887   -2.443460953   46.503181828  -52.968776251  -15.528488767
    0.666398442   -2.443460953   36.719156626  -47.591146838  -16.272712968
    0.856797996   -2.443460953   29.234482681  -29.113956039  -15.847739931
    1.047197551   -2.443460953   26.229795213   -1.580998622  -14.355079233
    1.237597106   -2.443460953   28.729028076   27.273397888  -12.001208499
    1.427996661   -2.443460953   36.159308236   48.930723675   -9.076048961
    1.618396215   -2.443460953   46.519381946   57.393373331   -5.849218427
    1.808795770   -2.443460953   57.071881318   51.076413252   -2.475832604
    1.999195325   -2.443460953   65.198612721   32.648599725    1.035072882
    2.189594880   -2.443460953   69.076251604    7.449904092    4.755963246
    2.379994435   -2.443460953   68.000706160  -18.365270010    8.720574698
    2.570393989   -2.443460953   62.397402590  -39.318404371   12.823426170
    2.760793544   -2.443460953   53.595812677  -51.492919332   16.791207766
    2.951193099   -2.443460953   43.473433128  -53.146596274   20.248416320

   -3.141592654   -2.094395102   40.101372204  -41.890048334   13.603895020
   -2.951193099   -2.094395102   33.349300307  -28.425515094   14.648492934
   -2.760793544   -2.094395102   29.456904550  -12.547926841   15.203347190
   -2.570393989   -2.094395102   28.467779249    1.484307471   15.420628484
   -2.379994435   -2.094395102   29.742985558   11.014896931   15.469079378
   -2.189594880   -2.094395102   32.350543751   15.609543770   15.447730244
   -1.999195325   -2.094395102   35.468215950   16.725228944   15.320488595
   -1.808795770   -2.094395102   38.637714242   16.499691840   14.889193185
   -1.618396215   -2.094395102   41.778655437   16.636078391   13.846950783
   -1.427996661   -2.094395102   45.042730798   17.803596922   11.892250549
   -1.237597106   -2.094395102   48.607248655   19.643456981    8.876730763
   -1.047197551   -2.094395102   52.508631350   21.123029651    4.900882458
   -0.856797996   -2.094395102   56.553385027   20.882495098    0.320782359
   -0.666398442   -2.094395102   60.285044330   17.610920117   -4.366407242
   -0.475998887   -2.094395102   63.025955354   10.361433872   -8.666860159
   -0.285599332   -2.094395102   63.974188339   -1.190206127  -12.210966174
   -0.095199777   -2.094395102   62.358445886  -16.312495079  -14.818863223
    0.095199777   -2.094395102   57.690230945  -32.729477486  -16.494605675
    0.285599332   -2.094395102   50.086290009  -46.348506939  -17.366492630
    0.475998887   -2.094395102   40.560869741  -52.051037108  -17.602937370
    0.666398442   -2.094395102   31.053443272  -45.649005463  -17.332495386
    0.856797996   -2.094395102   24.018001582  -26.345222089  -16.582869984
    1.047197551   -2.094395102   21.611802949    1.941118796  -15.306350269
    1.237597106   -2.094395102   24.847190870   31.466821954  -13.451024644
    1.427996661   -2.094395102   33.129947060   53.660926458  -11.045259772
    1.618396215   -2.094395102   44.429683663   62.504756153   -8.204132533
    1.808795770   -2.094395102   55.983477141   56.465332054   -5.096997760
    1.999195325   -2.094395102   65.161494946   38.293195147   -1.886096018
    2.189594880   -2.094395102   70.139217361   13.344100014    1.306857688
    2.379994435   -2.094395102   70.203692260  -12.321625403    4.391881563
    2.570393989   -2.094395102   65.746185117  -33.392357775    7.279235811
    2.760793544   -2.094395102   58.030248414  -46.098563535    9.856480503
    2.951193099   -2.094395102   48.849291734  -48.729620894   11.998155857

   -3.141592654   -1.745329252   42.712555443  -40.035666278    4.367464258
   -2.951193099   -1.745329252   36.256921546  -27.170844129    4.910662118
   -2.760793544   -1.745329252   32.548898936  -11.862132992    5.365854963
   -2.570393989   -1.745329252   31.639607106    1.641649331    5.692062161
   -2.379994435   -1.745329252   32.893140027   10.612184633    5.767120267
   -2.189594880   -1.745329252   35.357702289   14.463919596    5.396683068
   -1.999195325   -1.745329252   38.158956520   14.477660796    4.365152751
   -1.808795770   -1.745329252   40.760873593   12.723223956    2.506570415
   -1.618396215   -1.745329252   43.011562894   11.040522792   -0.215881951
   -1.427996661   -1.745329252   45.039770919   10.472820950   -3.667145667
   -1.237597106   -1.745329252   47.085005535   11.153973498   -7.538517022
   -1.047197551   -1.745329252   49.335395960   12.467291077  -11.405453930
   -0.856797996   -1.745329252   51.807824496   13.211771358  -14.816586045
   -0.666398442   -1.745329252   54.252730074   11.896143599  -17.411108860
   -0.475998887   -1.745329252   56.137286008    7.128614881  -18.996569943
   -0.285599332   -1.745329252   56.707837139   -1.967807784  -19.579572366
   -0.095199777   -1.745329252   55.141033832  -15.135835654  -19.346164848
    0.095199777   -1.745329252   50.821795459  -30.377415137  -18.604098660
    0.285599332   -1.745329252   43.710422202  -43.645141830  -17.692458543
    0.475998887   -1.745329252   34.681223774  -49.616051693  -16.883642835
    0.666398442   -1.745329252   25.590581086  -43.705829141  -16.293426509
    0.856797996   -1.745329252   18.890984370  -24.697473537  -15.817714878
    1.047197551   -1.745329252   16.806665831    3.764685444  -15.184662914
    1.237597106   -1.745329252   20.445355929   33.935155947  -14.080853801
    1.427996661   -1.745329252   29.282780296   57.021670071  -12.326709687
    1.618396215   -1.745329252   41.304743496   66.680788234   -9.959143144
    1.808795770   -1.745329252   53.707654606   61.131423515   -7.219653328
    1.999195325   -1.745329252   63.789599833   43.046192756   -4.445797201
    2.189594880   -1.745329252   69.654023167   17.850729893   -1.938670163
    2.379994435   -1.745329252   70.537122794   -8.258518479    0.122772212
    2.570393989   -1.745329252   66.804847491  -29.848523510    1.699528011
    2.760793544   -1.745329252   59.712595510  -43.096641075    2.857667015
    2.951193099   -1.745329252   51.050745743  -46.286248804    3.709877429

   -3.141592654   -1.396263402   41.092903320  -40.612526490    1.937325751
   -2.951193099   -1.396263402   34.565528392  -27.330672963    1.902386372
   -2.760793544   -1.396263402   30.871414151  -11.583773713    1.806735561
   -2.570393989   -1.396263402   30.038412805    2.094631300    1.552218320
   -2.379994435   -1.396263402   31.353641432   10.693882626    0.925128630
   -2.189594880   -1.396263402   33.741700878   13.452668569   -0.362076260
   -1.999195325   -1.396263402   36.190005912   11.685609300   -2.565128267
   -1.808795770   -1.396263402   38.058034564    7.792404071   -5.769052143
   -1.618396215   -1.396263402   39.177281098    4.176808227   -9.780938375
   -1.427996661   -1.396263402   39.777650670    2.526753126  -14.129344365
   -1.237597106   -1.396263402   40.310210444    3.451539950  -18.178840579
   -1.047197551   -1.396263402   41.231761395    6.439885827  -21.314195221
   -0.856797996   -1.396263402   42.808723988    9.967918107  -23.106176680
   -0.666398442   -1.396263402   44.943874293   11.896442544  -23.413393352
   -0.475998887   -1.396263402   47.119582988   10.075364125  -22.380302879
   -0.285599332   -1.396263402   48.461965903    2.997915870  -20.373900414
   -0.095199777   -1.396263402   47.932267995   -9.438272348  -17.884102747
    0.095199777   -1.396263402   44.661360103  -25.269655579  -15.410028010
    0.285599332   -1.396263402   38.379118704  -40.175052031  -13.349545049
    0.475998887   -1.396263402   29.810446477  -48.274181028  -11.916801741
    0.666398442   -1.396263402   20.787185047  -44.236521972  -11.102624667
    0.856797996   -1.396263402   13.879534064  -26.158952963  -10.675082199
    1.047197551   -1.396263402   11.531485648    2.668699029  -10.281730833
    1.237597106   -1.396263402   15.089774351   34.313087921   -9.574698488
    1.427996661   -1.396263402   24.185249893   59.351250858   -8.362008084
    1.618396215   -1.396263402   36.818215595   70.644383283   -6.659697686
    1.808795770   -1.396263402   50.063124765   65.822836534   -4.666446491
    1.999195325   -1.396263402   61.023019643   47.401663976   -2.668293741
    2.189594880   -1.396263402   67.617774822   21.062403104   -0.927202158
    2.379994435   -1.396263402   68.974042782   -6.517199426    0.394152724
    2.570393989   -1.396263402   65.442766796  -29.420580090    1.255088192
    2.760793544   -1.396263402   58.341898546  -43.523343868    1.719206242
    2.951193099   -1.396263402   49.561450688  -47.016041884    1.904970371

   -3.141592654   -1.047197551   38.439768966  -42.050643226    3.397457147
   -2.951193099   -1.047197551   31.686892905  -28.262627382    2.093751744
   -2.760793544   -1.047197551   27.854955606  -12.156362231    0.608170086
   -2.570393989   -1.047197551   26.911019747    1.392793004   -1.018453428
   -2.379994435   -1.047197551   28.024285890    9.144455746   -2.887928157
   -2.189594880   -1.047197551   29.978545971   10.343756043   -5.233679558
   -1.999195325   -1.047197551   31.652458165    6.643889161   -8.292804664
   -1.808795770   -1.047197551   32.391010774    1.074920125  -12.109796905
   -1.618396215   -1.047197551   32.142716528   -3.259813586  -16.388611230
   -1.427996661   -1.047197551   31.370861917   -4.197347735  -20.509372436
   -1.237597106   -1.047197551   30.808688861   -1.107398409  -23.718770784
   -1.047197551   -1.047197551   31.152466788    5.040591988  -25.396324624
   -0.856797996   -1.047197551   32.791522293   11.990707580  -25.259383190
   -0.666398442   -1.047197551   35.604402933   16.850666912  -23.432352045
   -0.475998887   -1.047197551   38.922209171   16.909898638  -20.372258424
   -0.285599332   -1.047197551   41.640858046   10.390924580  -16.721341927
   -0.095199777   -1.047197551   42.469240388   -2.766318148  -13.125646757
    0.095199777   -1.047197551   40.319203214  -20.294771221  -10.072582997
    0.285599332   -1.047197551   34.779180845  -37.385680959   -7.788920200
    0.475998887   -1.047197551   26.536836874  -47.580167280   -6.236911145
    0.666398442   -1.047197551   17.493920381  -45.001983768   -5.201281937
    0.856797996   -1.047197551   10.378405057  -27.419606119   -4.394519385
    1.047197551   -1.047197551    7.824561361    1.905330062   -3.579275478
    1.237597106   -1.047197551   11.342941201   34.714836122   -2.604173644
    1.427996661   -1.047197551   20.643351904   61.066094152   -1.430443537
    1.618396215   -1.047197551   33.701672593   73.287675743   -0.096641052
    1.808795770   -1.047197551   47.483111476   68.674349591    1.306421208
    1.999195325   -1.047197551   58.944987338   49.703254532    2.657058943
    2.189594880   -1.047197551   65.880843950   22.281239057    3.819597709
    2.379994435   -1.047197551   67.350034512   -6.547403333    4.660493131
    2.570393989   -1.047197551   63.707642637  -30.497186396    5.068625638
    2.760793544   -1.047197551   56.335756747  -45.205770109    4.981687292
    2.951193099   -1.047197551   47.218721327  -48.783854608    4.400562129

   -3.141592654   -0.698131701   38.036004878  -45.965326422    3.762554696
   -2.951193099   -0.698131701   30.510522480  -32.395280494    1.620447797
   -2.760793544   -0.698131701   25.898089759  -16.189743355   -0.743880861
   -2.570393989   -0.698131701   24.198977106   -2.533974730   -3.221009695
   -2.379994435   -0.698131701   24.549339554    4.978238708   -5.843222692
   -2.189594880   -0.698131701   25.647864158    5.445453220   -8.781050140
   -1.999195325   -0.698131701   26.296137895    0.773200348  -12.198014293
   -1.808795770   -0.698131701   25.848326645   -5.389537313  -16.025125654
   -1.618396215   -0.698131701   24.391862836   -9.262592751  -19.817585298
   -1.427996661   -0.698131701   22.631666087   -8.342854418  -22.831373505
   -1.237597106   -0.698131701   21.553891272   -2.226162637  -24.310879839
   -1.047197551   -0.698131701   22.015779514    7.407324552  -23.819576241
   -0.856797996   -0.698131701   24.411777509   17.435822793  -21.431492973
   -0.666398442   -0.698131701   28.470176280   24.257574640  -17.686954860
   -0.475998887   -0.698131701   33.268602503   24.796443510  -13.375203818
   -0.285599332   -0.698131701   37.418823473   17.321273603   -9.267268637
   -0.095199777   -0.698131701   39.391218513    2.196617141   -5.879778458
    0.095199777   -0.698131701   37.966612198  -17.632249831   -3.346220724
    0.285599332   -0.698131701   32.739761191  -36.641523676   -1.440919555
    0.475998887   -0.698131701   24.525708343  -47.865970089    0.238024886
    0.666398442   -0.698131701   15.414050512  -45.287386090    2.010734978
    0.856797996   -0.698131701    8.310744376  -26.932937285    3.942225165
    1.047197551   -0.698131701    5.953734325    3.488421529    5.820795101
    1.237597106   -0.698131701    9.870773891   37.255664418    7.341401446
    1.427996661   -0.698131701   19.715459670   64.153402553    8.293962999
    1.618396215   -0.698131701   33.376057000   76.444213314    8.680955819
    1.808795770   -0.698131701   47.732221559   71.491897257    8.679604122
    1.999195325   -0.698131701   59.673192015   51.873621318    8.509101496
    2.189594880   -0.698131701   66.940948192   23.562902675    8.300719840
    2.379994435   -0.698131701   68.553304638   -6.354304435    8.040770981
    2.570393989   -0.698131701   64.833169991  -31.518026956    7.596351723
    2.760793544   -0.698131701   57.149752580  -47.443303385    6.797800044
    2.951193099   -0.698131701   47.504725213  -52.042235462    5.522725951

   -3.141592654   -0.349065850   38.891785459  -50.620923033    3.492715520
   -2.951193099   -0.349065850   30.429205662  -37.500101140    0.537516060
   -2.760793544   -0.349065850   24.833756362  -21.350115792   -2.582402237
   -2.570393989   -0.349065850   22.161736433   -7.591512356   -5.668869694
   -2.379994435   -0.349065850   21.546489999   -0.158184921   -8.678150266
   -2.189594880   -0.349065850   21.631731786   -0.109736137  -11.721459600
   -1.999195325   -0.349065850   21.172060014   -5.272483864  -14.898817888
   -1.808795770   -0.349065850   19.567088392  -11.332497500  -18.057869879
   -1.618396215   -0.349065850   17.085742836  -13.829904841  -20.672979352
   -1.427996661   -0.349065850   14.705782332  -10.057517146  -21.987056774
   -1.237597106   -0.349065850   13.655341573   -0.138908865  -21.378462589
   -1.047197551   -0.349065850   14.876701501   13.181178128  -18.717013038
   -0.856797996   -0.349065850   18.635041609   25.697644498  -14.496719956
   -0.666398442   -0.349065850   24.359634305   33.173199584   -9.642392845
   -0.475998887   -0.349065850   30.771124484   32.555827346   -5.143044808
   -0.285599332   -0.349065850   36.188651605   22.745633707   -1.692574005
   -0.095199777   -0.349065850   38.948232679    5.089250791    0.537207069
    0.095199777   -0.349065850   37.888826032  -16.494667815    1.908640425
    0.285599332   -0.349065850   32.817182302  -35.908741086    3.118399725
    0.475998887   -0.349065850   24.809676855  -46.270333376    4.837079486
    0.666398442   -0.349065850   16.138281791  -42.250976572    7.352414958
    0.856797996   -0.349065850    9.730528511  -22.815551535   10.410651398
    1.047197551   -0.349065850    8.185572689    7.701544049   13.340774021
    1.237597106   -0.349065850   12.829420623   40.526017518   15.435662844
    1.427996661   -0.349065850   23.158016475   65.925498066   16.291902919
    1.618396215   -0.349065850   37.015838959   76.802602181   15.962802776
    1.808795770   -0.349065850   51.343880355   70.938027826   14.848899511
    1.999195325   -0.349065850   63.135374509   50.932457718   13.442250532
    2.189594880   -0.349065850   70.209159306   22.481611491   12.084305998
    2.379994435   -0.349065850   71.596262058   -7.681932083   10.854165445
    2.570393989   -0.349065850   67.574829786  -33.417771111    9.599663038
    2.760793544   -0.349065850   59.448180557  -50.245935670    8.066417720
    2.951193099   -0.349065850   49.172503135  -55.857594055    6.045726506

   -3.141592654    0.000000000   39.883157798  -55.757635834    1.868636745
   -2.951193099    0.000000000   30.397300338  -43.023484417   -0.923045136
   -2.760793544    0.000000000   23.746120982  -26.845852500   -3.680634066
   -2.570393989    0.000000000   20.050480603  -12.828268459   -6.278195730
   -2.379994435    0.000000000   18.459904264   -5.189124527   -8.730968504
   -2.189594880    0.000000000   17.593059889   -5.090171366  -11.157190196
   -1.999195325    0.000000000   16.196414292  -10.061800835  -13.598010789
   -1.808795770    0.000000000   13.751851494  -15.180993243  -15.809968509
   -1.618396215    0.000000000   10.724397004  -15.487966541  -17.217072033
   -1.427996661    0.000000000    8.333758136   -8.362873662  -17.127808725
   -1.237597106    0.000000000    7.960283916    5.240916592  -15.131924600
   -1.047197551    0.000000000   10.495884179   21.357090329  -11.409921182
   -0.856797996    0.000000000   15.934379378   34.812697813   -6.752024954
   -0.666398442    0.000000000   23.315102358   41.131661521   -2.223659200
   -0.475998887    0.000000000   31.003957367   37.839332035    1.286941979
   -0.285599332    0.000000000   37.132651049   24.966061801    3.422288469
   -0.095199777    0.000000000   40.081405665    5.077594401    4.477312289
    0.095199777    0.000000000   38.937996536  -17.047611903    5.240274525
    0.285599332    0.000000000   33.858090022  -35.173043995    6.636099932
    0.475998887    0.000000000   26.214271436  -43.095222136    9.276368747
    0.666398442    0.000000000   18.384868103  -36.715776163   13.129107632
    0.856797996    0.000000000   13.163045334  -16.202208210   17.476330573
    1.047197551    0.000000000   12.836810461   13.578659846   21.217613219
    1.237597106    0.000000000   18.404783318   44.175476316   23.395044633
    1.427996661    0.000000000   29.163316331   66.794550208   23.594807748
    1.618396215    0.000000000   42.950401723   75.333620290   22.049536622
    1.808795770    0.000000000   56.853883878   68.136279992   19.424993015
    1.999195325    0.000000000   68.064969434   47.779704072   16.462372719
    2.189594880    0.000000000   74.552141513   19.520004703   13.679705664
    2.379994435    0.000000000   75.397869329  -10.446769026   11.253215375
    2.570393989    0.000000000   70.841679330  -36.350072289    9.071840727
    2.760793544    0.000000000   62.105078299  -53.789972504    6.892956990
    2.951193099    0.000000000   51.075276075  -60.243256668    4.509043793

   -3.141592654    0.349065850   41.640940229  -59.572850936    0.911402316
   -2.951193099    0.349065850   31.390065376  -47.185980258   -0.928351286
   -2.760793544    0.349065850   23.930472753  -31.123751366   -2.590423655
   -2.570393989    0.349065850   19.422386342  -17.062820816   -4.078741413
   -2.379994435    0.349065850   17.031085274   -9.362652706   -5.490855991
   -2.189594880    0.349065850   15.375823016   -9.170959826   -6.953313851
   -1.999195325    0.349065850   13.234046501  -13.707924543   -8.467957349
   -1.808795770    0.349065850   10.197611400  -17.579895139   -9.775786389
   -1.618396215    0.349065850    6.916953088  -15.574145450  -10.376536978
   -1.427996661    0.349065850    4.793807881   -5.406497418   -9.756261439
   -1.237597106    0.349065850    5.265035872   11.032562820   -7.719392539
   -1.047197551    0.349065850    9.077157052   28.675717734   -4.589199213
   -0.856797996    0.349065850   15.902313215   41.728322162   -1.129274058
   -0.666398442    0.349065850   24.419666292   45.935619066    1.829268210
   -0.475998887    0.349065850   32.754285084   39.798141711    3.788586228
   -0.285599332    0.349065850   39.020110140   24.639690935    4.817407853
   -0.095199777    0.349065850   41.812579454    4.087571090    5.521113770
    0.095199777    0.349065850   40.580660661  -16.654078746    6.760710185
    0.285599332    0.349065850   35.843180813  -31.784448169    9.265561109
    0.475998887    0.349065850   29.175754946  -36.286449565   13.255607814
    0.666398442    0.349065850   22.894027401  -27.573098376   18.261378641
    0.856797996    0.349065850   19.464269135   -6.963561896   23.227746525
    1.047197551    0.349065850   20.709744611   20.476436302   26.915146142
    1.237597106    0.349065850   27.227970655   47.103678715   28.421130315
    1.427996661    0.349065850   38.134255073   65.506082710   27.520168060
    1.618396215    0.349065850   51.348132443   70.854612058   24.670834295
    1.808795770    0.349065850   64.225127155   62.126880558   20.733855216
    1.999195325    0.349065850   74.272391605   41.785426279   16.586484387
    2.189594880    0.349065850   79.698877509   14.464374203   12.831645470
    2.379994435    0.349065850   79.691606392  -14.380277459    9.701203048
    2.570393989    0.349065850   74.466732224  -39.536742942    7.130583158
    2.760793544    0.349065850   65.147690799  -56.823279672    4.915703160
    2.951193099    0.349065850   53.515528742  -63.585145664    2.868049026

   -3.141592654    0.698131701   43.248461468  -62.230166278   -0.256224683
   -2.951193099    0.698131701   32.477876850  -49.945746705   -0.831424339
   -2.760793544    0.698131701   24.492756485  -33.845169023   -1.160904709
   -2.570393989    0.698131701   19.479134893  -19.629733579   -1.380301300
   -2.379994435    0.698131701   16.616008677  -11.745687704   -1.643625219
   -2.189594880    0.698131701   14.525374268  -11.341756795   -2.066412966
   -1.999195325    0.698131701   12.003769140  -15.469521791   -2.642969272
   -1.808795770    0.698131701    8.704116084  -18.492337055   -3.202063234
   -1.618396215    0.698131701    5.372623779  -15.119894586   -3.456386975
   -1.427996661    0.698131701    3.488087443   -3.360646395   -3.149516554
   -1.237597106    0.698131701    4.475044257   14.285217635   -2.225859495
   -1.047197551    0.698131701    8.948297965   32.169204042   -0.893214043
   -0.856797996    0.698131701   16.372382935   44.366456167    0.478626723
   -0.666398442    0.698131701   25.254835234   47.098665024    1.608362418
   -0.475998887    0.698131701   33.684190222   39.748285196    2.500911759
   -0.285599332    0.698131701   39.909990484   24.509837466    3.495277443
   -0.095199777    0.698131701   42.793726098    5.437263387    5.139694544
    0.095199777    0.698131701   42.071756273  -12.474225929    7.930203116
    0.285599332    0.698131701   38.448417732  -24.278864722   12.052095175
    0.475998887    0.698131701   33.478552931  -26.189266756   17.189298249
    0.666398442    0.698131701   29.222056154  -16.789641779   22.529379449
    0.856797996    0.698131701   27.716183339    2.041314073   26.963132481
    1.047197551    0.698131701   30.333976815   25.613396179   29.471497099
    1.237597106    0.698131701   37.376221998   47.444794446   29.510536709
    1.427996661    0.698131701   47.918382201   61.536874850   27.196506869
    1.618396215    0.698131701   60.083447856   64.117961834   23.198289315
    1.808795770    0.698131701   71.563747793   54.493059701   18.431642674
    1.999195325    0.698131701   80.197118762   34.766068181   13.727429525
    2.189594880    0.698131701   84.414268970    8.845418671    9.624097344
    2.379994435    0.698131701   83.481338925  -18.525805620    6.333138814
    2.570393989    0.698131701   77.577598827  -42.615838003    3.830452997
    2.760793544    0.698131701   67.728811668  -59.399424921    1.984309360
    2.951193099    0.698131701   55.616112927  -66.103255178    0.655670772

   -3.141592654    1.047197551   41.602822771  -62.866918852   -3.637735183
   -2.951193099    1.047197551   30.805115063  -49.607371592   -2.727331530
   -2.760793544    1.047197551   22.955352933  -32.810250352   -1.562635808
   -2.570393989    1.047197551   18.173981295  -18.288345574   -0.446963843
   -2.379994435    1.047197551   15.563636728  -10.486303155    0.412567562
   -2.189594880    1.047197551   13.682130913  -10.428871758    0.938990780
   -1.999195325    1.047197551   11.294590471  -14.966228641    1.163035008
   -1.808795770    1.047197551    8.059962149  -18.285441948    1.163831268
   -1.618396215    1.047197551    4.753690310  -15.041021627    1.013420455
   -1.427996661    1.047197551    2.879580892   -3.334607782    0.754991628
   -1.237597106    1.047197551    3.861226881   14.174179775    0.419659483
   -1.047197551    1.047197551    8.289595431   31.779243433    0.071103709
   -0.856797996    1.047197551   15.613819118   43.739693226   -0.148984813
   -0.666398442    1.047197551   24.385088109   46.665768570    0.023215238
   -0.475998887    1.047197551   32.814482459   40.337964262    0.940220630
   -0.285599332    1.047197551   39.328914306   27.107800864    2.951307718
   -0.095199777    1.047197551   42.959315628   10.755908255    6.276096148
    0.095199777    1.047197551   43.519656071   -4.384720606   10.862671256
    0.285599332    1.047197551   41.641322682  -14.257092093   16.307687965
    0.475998887    1.047197551   38.638044497  -15.871238715   21.854704901
    0.666398442    1.047197551   36.212035295   -8.220789321   26.537377636
    0.856797996    1.047197551   36.023112492    7.060047642   29.410702453
    1.047197551    1.047197551   39.175121198   26.140415592   29.863765717
    1.237597106    1.047197551   45.897927606   43.696804871   27.825790726
    1.427996661    1.047197551   55.407413131   54.693381630   23.785846865
    1.618396215    1.047197551   66.102477970   55.788158431   18.576322968
    1.808795770    1.047197551   75.973697599   46.119620843   13.073177872
    1.999195325    1.047197551   83.086191921   27.264986521    7.955106496
    2.189594880    1.047197551   85.990350613    2.574525099    3.619978877
    2.379994435    1.047197551   83.983054226  -23.557438653    0.237637156
    2.570393989    1.047197551   77.230838284  -46.511078676   -2.144857769
    2.760793544    1.047197551   66.742854120  -62.215213211   -3.534655042
    2.951193099    1.047197551   54.196250551  -67.829925939   -3.986561980

   -3.141592654    1.396263402   37.146101855  -61.399221175   -9.292543493
   -2.951193099    1.396263402   26.777894698  -46.655086041   -7.943118606
   -2.760793544    1.396263402   19.575245238  -29.088780806   -6.207582374
   -2.570393989    1.396263402   15.517544869  -14.512243867   -4.390807562
   -2.379994435    1.396263402   13.588197292   -7.173390667   -2.681372398
   -2.189594880    1.396263402   12.269419544   -7.861729493   -1.135609539
   -1.999195325    1.396263402   10.287757763  -13.291549502    0.241470700
   -1.808795770    1.396263402    7.277205110  -17.632554080    1.389122591
   -1.618396215    1.396263402    3.989562176  -15.517057874    2.151145773
   -1.427996661    1.396263402    1.919715497   -4.893927259    2.358250014
   -1.237597106    1.396263402    2.528140140   11.895908428    1.983140626
   -1.047197551    1.396263402    6.511883614   29.524798382    1.255105827
   -0.856797996    1.396263402   13.489139430   42.526315383    0.646913618
   -0.666398442    1.396263402   22.212490388   47.534072799    0.747483097
   -0.475998887    1.396263402   31.069565709   44.045268053    2.057466565
   -0.285599332    1.396263402   38.581873121   33.860578830    4.814380182
   -0.095199777    1.396263402   43.752480190   20.032191647    8.897291088
    0.095199777    1.396263402   46.226185774    6.178141936   13.810779136
    0.285599332    1.396263402   46.345711401   -4.156545001   18.763900109
    0.475998887    1.396263402   45.072082288   -8.087724203   22.833853569
    0.666398442    1.396263402   43.784057656   -4.234347305   25.205166539
    0.856797996    1.396263402   43.933223853    6.608284446   25.378192706
    1.047197551    1.396263402   46.598396898   21.614935193   23.332505879
    1.237597106    1.396263402   52.161639109   36.282908884   19.499599593
    1.427996661    1.396263402   60.103451215   45.882152987   14.609598282
    1.618396215    1.396263402   69.092487993   46.843983610    9.419656070
    1.808795770    1.396263402   77.311444836   37.778350270    4.504410268
    1.999195325    1.396263402   82.915701660   19.776633669    0.174634838
    2.189594880    1.396263402   84.478193103   -4.022433470   -3.459851294
    2.379994435    1.396263402   81.307800550  -29.137968116   -6.362344403
    2.570393989    1.396263402   73.613158967  -50.757524550   -8.471153054
    2.760793544    1.396263402   62.475833050  -64.712485192   -9.687737988
    2.951193099    1.396263402   49.642378737  -68.309808916   -9.943650191

   -3.141592654    1.745329252   31.258327639  -59.365523142  -15.827792106
   -2.951193099    1.745329252   21.425772143  -43.166905057  -14.648471315
   -2.760793544    1.745329252   14.968727049  -24.871208196  -12.794892980
   -2.570393989    1.745329252   11.729121026  -10.231755361  -10.507230995
   -2.379994435    1.745329252   10.585669115   -3.247244467   -7.954481638
   -2.189594880    1.745329252    9.963783096   -4.497255593   -5.207273419
   -1.999195325    1.745329252    8.555588650  -10.677466072   -2.324351860
   -1.808795770    1.745329252    5.947286447  -16.092202297    0.525820265
   -1.618396215    1.745329252    2.822339969  -15.403800146    3.025702769
   -1.427996661    1.745329252    0.630183525   -6.266687040    4.828142474
   -1.237597106    1.745329252    0.875729684    9.593835271    5.772930902
   -1.047197551    1.745329252    4.425233250   27.489155983    6.040340500
   -0.856797996    1.745329252   11.157964921   42.229693156    6.122099706
   -0.666398442    1.745329252   20.090196150   50.170997857    6.623601884
   -0.475998887    1.745329252   29.771861366   50.063353558    7.998269942
   -0.285599332    1.745329252   38.719770603   42.760140846   10.353737030
   -0.095199777    1.745329252   45.756235079   30.449112336   13.388375161
    0.095199777    1.745329252   50.208272860   16.197047552   16.456035158
    0.285599332    1.745329252   52.038296652    3.472182436   18.736996688
    0.475998887    1.745329252   51.860555999   -4.393013543   19.495145433
    0.666398442    1.745329252   50.839053346   -5.146405197   18.344466648
    0.856797996    1.745329252   50.399007456    1.494778272   15.380072220
    1.047197551    1.745329252   51.787858555   13.579426268   11.160373290
    1.237597106    1.745329252   55.676423140   26.999755227    6.459589107
    1.427996661    1.745329252   61.851465672   36.796390706    1.992751013
    1.618396215    1.745329252   69.200201280   38.770132770   -1.831685240
    1.808795770    1.745329252   75.993999750   30.855290239   -4.964982213
    1.999195325    1.745329252   80.370432427   13.749812117   -7.601418990
    2.189594880    1.745329252   80.848729847   -9.399568129   -9.974212873
    2.379994435    1.745329252   76.717226554  -33.807956763  -12.178708345
    2.570393989    1.745329252   68.229493803  -54.321962777  -14.108937594
    2.760793544    1.745329252   56.560977619  -66.628338593  -15.514559472
    2.951193099    1.745329252   43.549242412  -68.224946487  -16.132798120

   -3.141592654    2.094395102   24.420859783  -58.560044313  -18.412838952
   -2.951193099    2.094395102   14.897378227  -40.776809667  -17.288505710
   -2.760793544    2.094395102    9.019789107  -21.253530460  -15.377228930
   -2.570393989    2.094395102    6.553810744   -5.791719414  -12.862103903
   -2.379994435    2.094395102    6.311389735    1.740527237   -9.888258401
   -2.189594880    2.094395102    6.678567886    0.873138987   -6.514911235
   -1.999195325    2.094395102    6.312985317   -5.156652045   -2.789676739
   -1.808795770    2.094395102    4.736126228  -10.882101758    1.119172766
   -1.618396215    2.094395102    2.526271208  -11.108154928    4.856241145
   -1.427996661    2.094395102    1.028767776   -3.306635233    7.981782664
   -1.237597106    2.094395102    1.715608516   11.331215761   10.196605824
   -1.047197551    2.094395102    5.533294166   28.714936115   11.523757783
   -0.856797996    2.094395102   12.530055406   43.934550073   12.305442502
   -0.666398442    2.094395102   21.897656115   53.120576714   13.006467229
   -0.475998887    2.094395102   32.276656521   54.392125369   13.953100514
   -0.285599332    2.094395102   42.135933670   47.834876285   15.156599722
   -0.095199777    2.094395102   50.112773050   35.008339707   16.276019522
    0.095199777    2.094395102   55.262195307   18.705195136   16.729494212
    0.285599332    2.094395102   57.269223365    2.650639604   15.899245678
    0.475998887    2.094395102   56.569435139   -9.048004847   13.405811650
    0.666398442    2.094395102   54.332048215  -13.073452103    9.327609059
    0.856797996    2.094395102   52.185574553   -8.176916116    4.230329772
    1.047197551    2.094395102   51.719003371    4.071107385   -1.000509944
    1.237597106    2.094395102   53.944716178   19.241211827   -5.523152202
    1.427996661    2.094395102   58.872184018   31.478814485   -8.833219962
    1.618396215    2.094395102   65.423695532   35.597236765  -10.917748330
    1.808795770    2.094395102   71.745051260   28.886438311  -12.158908449
    1.999195325    2.094395102   75.776378678   11.945103456  -13.088973932
    2.189594880    2.094395102   75.869399679  -11.694697546  -14.129239880
    2.379994435    2.094395102   71.244339929  -36.644881101  -15.426993677
    2.570393989    2.094395102   62.199139302  -57.218133414  -16.838910903
    2.760793544    2.094395102   50.031632727  -68.833830057  -18.032146180
    2.951193099    2.094395102   36.719022945  -69.088573591  -18.639906588

   -3.141592654    2.443460953   18.169814331  -58.026987516  -13.127781893
   -2.951193099    2.443460953    8.878329966  -38.897427081  -11.676711473
   -2.760793544    2.443460953    3.477144650  -18.175561778   -9.625354511
   -2.570393989    2.443460953    1.695670537   -1.719089897   -7.106769045
   -2.379994435    2.443460953    2.314552480    6.703681250   -4.202526589
   -2.189594880    2.443460953    3.711309438    6.718995680   -0.887018568
   -1.999195325    2.443460953    4.538320494    1.486305595    2.897022171
   -1.808795770    2.443460953    4.276284472   -3.811047650    7.081761435
   -1.618396215    2.443460953    3.403596134   -4.262751653   11.360097022
   -1.427996661    2.443460953    3.132325450    2.625998267   15.241898934
   -1.237597106    2.443460953    4.829838987   15.986091656   18.260489516
   -1.047197551    2.443460953    9.418652211   32.209514713   20.183159364
   -0.856797996    2.443460953   17.002936300   46.684025738   21.071825540
   -0.666398442    2.443460953   26.853447002   55.470240948   21.150512721
   -0.475998887    2.443460953   37.642447731   56.295788514   20.604870211
   -0.285599332    2.443460953   47.782405066   48.747392319   19.444269646
   -0.095199777    2.443460953   55.768920071   34.039002390   17.478254826
    0.095199777    2.443460953   60.481374477   14.952089723   14.425686262
    0.285599332    2.443460953   61.469239010   -4.320691164   10.092847938
    0.475998887    2.443460953   59.160314728  -18.827475194    4.587376488
    0.666398442    2.443460953   54.892945666  -24.322292884   -1.564598504
    0.856797996    2.443460953   50.614867655  -18.965400773   -7.500813164
    1.047197551    2.443460953   48.285833733   -4.448972978  -12.289901457
    1.237597106    2.443460953   49.195963108   14.027955849  -15.311867000
    1.427996661    2.443460953   53.447833241   29.498615976  -16.474552478
    1.618396215    2.443460953   59.854859493   35.847741731  -16.209926169
    1.808795770    2.443460953   66.324945118   29.972438419  -15.235836810
    1.999195325    2.443460953   70.542030056   12.655559081  -14.244565141
    2.189594880    2.443460953   70.677588338  -12.000067598  -13.668848503
    2.379994435    2.443460953   65.892630444  -37.957549316  -13.599554470
    2.570393989    2.443460953   56.537944302  -59.036616529  -13.844236605
    2.760793544    2.443460953   44.032812074  -70.432674177  -14.060366824
    2.951193099    2.443460953   30.489756616  -69.821265016  -13.899237295

   -3.141592654    2.792526803   15.048392083  -56.644451773    1.100306756
   -2.951193099    2.792526803    6.092197778  -36.772714406    3.227796437
   -2.760793544    2.792526803    1.166889125  -15.317231960    5.200899178
   -2.570393989    2.792526803    0.000000000    1.878920913    6.971247547
   -2.379994435    2.792526803    1.383876615   11.169652497    8.672446623
   -2.189594880    2.792526803    3.731651503   12.273234561   10.612503204
   -1.999195325    2.792526803    5.730791561    8.233067161   13.123058141
   -1.808795770    2.792526803    6.849718482    3.858247643   16.336280633
   -1.618396215    2.792526803    7.471459766    3.613104975   20.022907150
   -1.427996661    2.792526803    8.643537746    9.750571952   23.626344706
   -1.237597106    2.792526803   11.558351087   21.536852420   26.480211797
   -1.047197551    2.792526803   17.016970821   35.761646086   28.072089271
   -0.856797996    2.792526803   25.079939609   48.165658051   28.190877229
   -0.666398442    2.792526803   35.020157753   54.930499825   26.878878358
   -0.475998887    2.792526803   45.510628890   53.674844658   24.294479280
   -0.285599332    2.792526803   54.936029928   43.815766781   20.595964719
   -0.095199777    2.792526803   61.742980563   26.556351116   15.894179155
    0.095199777    2.792526803   64.785855335    4.935669324   10.311097636
    0.285599332    2.792526803   63.665961064  -16.294224794    4.076476097
    0.475998887    2.792526803   58.985259954  -31.503343133   -2.362351567
    0.666398442    2.792526803   52.374551746  -35.944655203   -8.334929481
    0.856797996    2.792526803   46.125075445  -27.776576124  -13.083351792
    1.047197551    2.792526803   42.480413709   -9.346008744  -16.011616502
    1.237597106    2.792526803   42.843639028   13.104696172  -16.942918584
    1.427996661    2.792526803   47.228044576   31.600546242  -16.175399334
    1.618396215    2.792526803   54.205168674   39.484998648  -14.335607032
    1.808795770    2.792526803   61.396779097   33.719991288  -12.099697130
    1.999195325    2.792526803   66.258561022   15.585477509   -9.950328836
    2.189594880    2.792526803   66.844696940  -10.193153255   -8.074343653
    2.379994435    2.792526803   62.307347830  -37.095444056   -6.410079338
    2.570393989    2.792526803   53.060064863  -58.684320428   -4.776120221
    2.760793544    2.792526803   40.613492496  -70.092505563   -3.004921322
    2.951193099    2.792526803   27.168183194  -69.089109536   -1.026342518
