#! FIELDS phi psi file.free der_phi der_psi
#! SET min_phi -pi
#! SET max_phi pi
#! SET nbins_phi  33
#! SET periodic_phi true
#! SET min_psi -pi
#! SET max_psi pi
#! SET nbins_psi  18
#! SET periodic_psi true
   -3.141592654   -3.141592654   19.436634795  -54.996107973   12.233603194
   -2.951193099   -3.141592654   10.513825419  -37.751591683   14.851330950
   -2.760793544   -3.141592654    5.307557793  -16.904643487   16.989653279
   -2.570393989   -3.141592654    3.922367222    1.449698853   18.584542005
   -2.379994435   -3.141592654    5.410856371   12.788787263   19.812643146
   -2.189594880   -3.141592654    8.262748957   15.903892008   21.034306219
   -1.999195325   -3.141592654   11.091465571   13.184625783   22.595051016
   -1.808795770   -3.141592654   13.199543012    9.144527134   24.585461707
   -1.618396215   -3.141592654   14.769529647    8.128958464   26.698904209
   -1.427996661   -3.141592654   16.634029737   12.361235972   28.303765002
   -1.237597106   -3.141592654   19.773383988   21.151455142   28.714344816
   -1.047197551   -3.141592654   24.795003096   31.483689969   27.507290355
   -0.856797996   -3.141592654   31.625975440   39.503028291   24.704071836
   -0.666398442   -3.141592654   39.505929700   42.085813358   20.709620053
   -0.475998887   -3.141592654   47.235307211   37.836572641   16.092493761
   -0.285599332   -3.141592654   53.524967726   27.189239876   11.333651087
   -0.095199777   -3.141592654   57.312257845   11.990535197    6.665574846
    0.095199777   -3.141592654   57.992935303   -4.888267347    2.098346443
    0.285599332   -3.141592654   55.589503289  -19.770606411   -2.425292351
    0.475998887   -3.141592654   50.859591259  -28.665977992   -6.805470118
    0.666398442   -3.141592654   45.265341723  -28.468625536  -10.674172658
    0.856797996   -3.141592654   40.661552281  -18.438798857  -13.465155985
    1.047197551   -3.141592654   38.724725787   -1.173242235  -14.665945456
    1.237597106   -3.141592654   40.337969501   17.827222828  -14.110267569
    1.427996661   -3.141592654   45.219530318   32.180647915  -12.084132913
    1.618396215   -3.141592654   51.991593398   37.154994799   -9.196922927
    1.808795770   -3.141592654   58.665266966   31.154617088   -6.102277394
    1.999195325   -3.141592654   63.251430076   15.698052999   -3.236881198
    2.189594880   -3.141592654   64.262551375   -5.709261980   -0.714733157
    2.379994435   -3.141592654   60.978489879  -28.653324807    1.609656849
    2.570393989   -3.141592654   53.543644038  -48.560029117    3.978973867
    2.760793544   -3.141592654   42.948042912  -61.222714726    6.567545599
    2.951193099   -3.141592654   30.888545503  -63.613753222    9.379478030

   -3.141592654   -2.792526803   25.069703951  -49.697316399   19.063799340
   -2.951193099   -2.792526803   17.039507668  -33.761652014   21.851092733
   -2.760793544   -2.792526803   12.448012554  -14.435264399   23.616969093
   -2.570393989   -2.792526803   11.409047159    2.708684283   24.419600694
   -2.379994435   -2.792526803   13.079284429   13.587522869   24.632929606
   -2.189594880   -2.792526803   16.110123464   17.118825855   24.796046960
   -1.999195325   -2.792526803   19.259277852   15.382251555   25.352995642
   -1.808795770   -2.792526803   21.877598400   12.225084103   26.406813121
   -1.618396215   -2.792526803   24.056662664   11.257273203   27.620393524
   -1.427996661   -2.792526803   26.420886716   14.262087151   28.337451924
   -1.237597106   -2.792526803   29.706887556   20.635687245   27.873987288
   -1.047197551   -2.792526803   34.344376105   27.937604290   25.827879549
   -0.856797996   -2.792526803   40.217306976   33.078521642   22.243726451
   -0.666398442   -2.792526803   46.656804885   33.546125401   17.545733992
   -0.475998887   -2.792526803   52.636819817   28.175509600   12.320054099
   -0.285599332   -2.792526803   57.048692740   17.248323328    7.070674851
   -0.095199777   -2.792526803   58.959459223    2.286193142    2.065272477
    0.095199777   -2.792526803   57.836169762  -14.094470040   -2.637781275
    0.285599332   -2.792526803   53.746756156  -28.202442401   -7.038675257
    0.475998887   -2.792526803   47.523698280  -35.798351387  -10.997643498
    0.666398442   -2.792526803   40.757020422  -33.501943497  -14.158508489
    0.856797996   -2.792526803   35.457061590  -20.600094252  -16.036728496
    1.047197551   -2.792526803   33.410013286   -0.161441470  -16.261761755
    1.237597106   -2.792526803   35.488992909   21.584867672  -14.817928597
    1.427996661   -2.792526803   41.268488417   37.662079014  -12.094775509
    1.618396215   -2.792526803   49.153144301   43.183033255   -8.709427777
    1.808795770   -2.792526803   56.955652985   36.893036840   -5.228681870
    1.999195325   -2.792526803   62.582654302   20.900379268   -1.942154424
    2.189594880   -2.792526803   64.552166096   -0.774947538    1.182862309
    2.379994435   -2.792526803   62.219254196  -23.523895915    4.373895965
    2.570393989   -2.792526803   55.806842786  -42.928147235    7.848310792
    2.760793544   -2.792526803   46.329588773  -55.160689491   11.636153360
    2.951193099   -2.792526803   35.431500080  -57.593096167   15.513674934

   -3.141592654   -2.443460953   31.864799324  -44.102018203   18.562445529
   -2.951193099   -2.443460953   24.731022987  -30.024954149   20.842869073
   -2.760793544   -2.443460953   20.657812091  -12.704380537   22.090762009
   -2.570393989   -2.443460953   19.789680397    2.893072236   22.439952203
   -2.379994435   -2.443460953   21.416160283   13.106746026   22.279472862
   -2.189594880   -2.443460953   24.365870743   16.875306018   22.078821210
   -1.999195325   -2.443460953   27.534257112   15.853655106   22.159081984
   -1.808795770   -2.443460953   30.298888096   13.194750926   22.515305641
   -1.618396215   -2.443460953   32.646022902   11.876429186   22.790133116
   -1.427996661   -2.443460953   35.006403227   13.427610388   22.427201211
   -1.237597106   -2.443460953   37.922441706   17.493445289   20.932995891
   -1.047197551   -2.443460953   41.716872004   22.260002332   18.114992160
   -0.856797996   -2.443460953   46.298645100   25.329962999   14.170722306
   -0.666398442   -2.443460953   51.136486901   24.650027056    9.577361760
   -0.475998887   -2.443460953   55.392626166   19.127993572    4.872841977
   -0.285599332   -2.443460953   58.126823878    8.769506480    0.446528128
   -0.095199777   -2.443460953   58.505316595   -5.301422492   -3.562840891
    0.095199777   -2.443460953   56.025664799  -20.754317491   -7.202329527
    0.285599332   -2.443460953   50.756127413  -33.909895154  -10.537428718
    0.475998887   -2.443460953   43.553708262  -40.307118416  -13.474786499
    0.666398442   -2.443460953   36.081496088  -36.300931635  -15.711080157
    0.856797996   -2.443460953   30.453624710  -21.164033571  -16.828387254
    1.047197551   -2.443460953   28.529282582    1.691052723  -16.515704484
    1.237597106   -2.443460953   31.165385063   25.482721455  -14.773111467
    1.427996661   -2.443460953   37.820119197   42.810051076  -11.949675004
    1.618396215   -2.443460953   46.734211043   48.721530589   -8.578524304
    1.808795770   -2.443460953   55.582825073   42.292614982   -5.135939943
    1.999195325   -2.443460953   62.218807508   26.130953571   -1.850640994
    2.189594880   -2.443460953   65.194570858    4.633294372    1.325051125
    2.379994435   -2.443460953   63.942322483  -17.529750951    4.586193932
    2.570393989   -2.443460953   58.741492197  -36.211839070    8.086992913
    2.760793544   -2.443460953   50.590750735  -48.039773641   11.787815918
    2.951193099   -2.443460953   41.032409518  -50.797040043   15.417668859

   -3.141592654   -2.094395102   37.284365516  -40.050211364   13.004893773
   -2.951193099   -2.094395102   30.782383870  -27.481973639   14.399075121
   -2.760793544   -2.094395102   27.048999699  -11.639752576   15.071665736
   -2.570393989   -2.094395102   26.274888002    2.915306536   15.149310614
   -2.379994435   -2.094395102   27.856828637   12.722505836   14.875081937
   -2.189594880   -2.094395102   30.737540936   16.591709220   14.478103799
   -1.999195325   -2.094395102   33.872259124   15.752889620   14.047052442
   -1.808795770   -2.094395102   36.603577356   12.833377367   13.472635760
   -1.618396215   -2.094395102   38.794936999   10.460373217   12.501756549
   -1.427996661   -2.094395102   40.722526884   10.200795468   10.880945835
   -1.237597106   -2.094395102   42.821515835   12.145955368    8.506805318
   -1.047197551   -2.094395102   45.417019404   15.137549573    5.502664697
   -0.856797996   -2.094395102   48.541086121   17.324420831    2.179154548
   -0.666398442   -2.094395102   51.855633244   16.827106081   -1.105749555
   -0.475998887   -2.094395102   54.706645530   12.295480276   -4.092620233
   -0.285599332   -2.094395102   56.259923113    3.205059868   -6.703612643
   -0.095199777   -2.094395102   55.684938779   -9.816155455   -9.034636577
    0.095199777   -2.094395102   52.411258945  -24.644695043  -11.251884492
    0.285599332   -2.094395102   46.435642082  -37.438982715  -13.444376444
    0.475998887   -2.094395102   38.603661077  -43.321767083  -15.506828386
    0.666398442   -2.094395102   30.649303742  -38.230467462  -17.125474156
    0.856797996   -2.094395102   24.812021277  -21.322396385  -17.874641721
    1.047197551   -2.094395102   23.060309438    3.695538268  -17.415289443
    1.237597106   -2.094395102   26.275356754   29.483402259  -15.677114307
    1.427996661   -2.094395102   33.832482310   48.148615783  -12.919142334
    1.618396215   -2.094395102   43.824315132   54.567887116   -9.603644068
    1.808795770   -2.094395102   53.783109330   48.032413726   -6.194383609
    1.999195325   -2.094395102   61.484069962   31.578812048   -2.973993609
    2.189594880   -2.094395102   65.481993984    9.962990101    0.009612553
    2.379994435   -2.094395102   65.256263866  -12.043150941    2.855016981
    2.570393989   -2.094395102   61.124817391  -30.481016078    5.662516198
    2.760793544   -2.094395102   54.071871174  -42.314588464    8.413559948
    2.951193099   -2.094395102   45.562968402  -45.610872468   10.942587842

   -3.141592654   -1.745329252   40.428628166  -38.100985708    6.281720758
   -2.951193099   -1.745329252   34.197654051  -26.598802359    6.693874465
   -2.760793544   -1.745329252   30.536332490  -11.738284970    6.693642486
   -2.570393989   -1.745329252   29.669849815    2.093762057    6.363570055
   -2.379994435   -1.745329252   31.048703474   11.444506717    5.790800208
   -2.189594880   -1.745329252   33.651560927   14.943595423    5.002152389
   -1.999195325   -1.745329252   36.424803014   13.555310479    3.937192636
   -1.808795770   -1.745329252   38.658510378    9.746544910    2.479806126
   -1.618396215   -1.745329252   40.155430073    6.235524544    0.543745242
   -1.427996661   -1.745329252   41.173905350    4.929433197   -1.833074470
   -1.237597106   -1.745329252   42.206675647    6.337975205   -4.451009341
   -1.047197551   -1.745329252   43.704813505    9.563811514   -6.992961387
   -0.856797996   -1.745329252   45.849543697   12.716339822   -9.135248079
   -0.666398442   -1.745329252   48.413745353   13.582796078  -10.680733452
   -0.475998887   -1.745329252   50.774513566   10.345875935  -11.634290138
   -0.285599332   -1.745329252   52.044035043    2.077276476  -12.195742487
   -0.095199777   -1.745329252   51.281628458  -10.763682090  -12.674770873
    0.095199777   -1.745329252   47.801331929  -25.926947418  -13.359029419
    0.285599332   -1.745329252   41.533309106  -39.207349686  -14.377095649
    0.475998887   -1.745329252   33.339734352  -45.259329653  -15.617898969
    0.666398442   -1.745329252   25.054461725  -39.632221896  -16.745928136
    0.856797996   -1.745329252   19.065505623  -21.391908777  -17.303578713
    1.047197551   -1.745329252   17.472953374    5.486328827  -16.901784939
    1.237597106   -1.745329252   21.211095887   33.131178036  -15.388363894
    1.427996661   -1.745329252   29.602804895   53.143459839  -12.928503556
    1.618396215   -1.745329252   40.613746815   60.139978785   -9.914255994
    1.808795770   -1.745329252   51.633035731   53.502709420   -6.794603781
    1.999195325   -1.745329252   60.335292991   36.593788142   -3.904092385
    2.189594880   -1.745329252   65.241145207   14.494880945   -1.384303315
    2.379994435   -1.745329252   65.843022664   -7.863545995    0.771593221
    2.570393989   -1.745329252   62.481347752  -26.579072473    2.622234856
    2.760793544   -1.745329252   56.138344640  -38.796515882    4.189910731
    2.951193099   -1.745329252   48.243470313  -42.735481362    5.433107206

   -3.141592654   -1.396263402   40.030753278  -39.137151907    3.697321434
   -2.951193099   -1.396263402   33.579221157  -27.842437544    3.410964291
   -2.760793544   -1.396263402   29.683054517  -12.932256700    2.699178010
   -2.570393989   -1.396263402   28.605802639    1.077214153    1.630040427
   -2.379994435   -1.396263402   29.801524145   10.494812106    0.257368052
   -2.189594880   -1.396263402   32.202624309   13.696195272   -1.425362464
   -1.999195325   -1.396263402   34.670606886   11.516189239   -3.479818406
   -1.808795770   -1.396263402   36.409217293    6.550323199   -5.949331439
   -1.618396215   -1.396263402   37.185610940    1.912794254   -8.755232717
   -1.427996661   -1.396263402   37.313442309    0.029668589  -11.633812014
   -1.237597106   -1.396263402   37.431133821    1.801484148  -14.178615168
   -1.047197551   -1.396263402   38.179140503    6.372414163  -15.973211714
   -0.856797996   -1.396263402   39.898822773   11.500310677  -16.750110232
   -0.666398442   -1.396263402   42.426716672   14.363281114  -16.503065138
   -0.475998887   -1.396263402   45.083089679   12.526670461  -15.490082048
   -0.285599332   -1.396263402   46.824731342    4.676188364  -14.145473317
   -0.095199777   -1.396263402   46.514393163   -8.773362822  -12.936713339
    0.095199777   -1.396263402   43.293417806  -25.278845576  -12.210641194
    0.285599332   -1.396263402   36.999508465  -40.108431063  -12.079416919
    0.475998887   -1.396263402   28.514485005  -47.304720293  -12.389283116
    0.666398442   -1.396263402   19.801618350  -41.897288272  -12.787924323
    0.856797996   -1.396263402   13.450897070  -22.749773146  -12.851743794
    1.047197551   -1.396263402   11.762684550    5.946424295  -12.264035343
    1.237597106   -1.396263402   15.793426848   35.726364957  -10.923664029
    1.427996661   -1.396263402   24.859238879   57.507184662   -8.979348964
    1.618396215   -1.396263402   36.804203476   65.416921089   -6.728244488
    1.808795770   -1.396263402   48.838225376   58.728988907   -4.478804410
    1.999195325   -1.396263402   58.470258854   41.039663911   -2.439215078
    2.189594880   -1.396263402   64.117152329   17.799059492   -0.684323833
    2.379994435   -1.396263402   65.234187548   -5.749199247    0.793213606
    2.570393989   -1.396263402   62.170764179  -25.534550351    2.010916155
    2.760793544   -1.396263402   55.938324009  -38.651904378    2.945942570
    2.951193099   -1.396263402   48.000991321  -43.294602589    3.531548254

   -3.141592654   -1.047197551   38.856789661  -41.192659379    3.149442689
   -2.951193099   -1.047197551   31.992138511  -30.104502730    2.039844059
   -2.760793544   -1.047197551   27.655575371  -15.288354699    0.305846161
   -2.570393989   -1.047197551   26.119388702   -1.407331395   -1.890798576
   -2.379994435   -1.047197551   26.816341976    7.698946008   -4.388572303
   -2.189594880   -1.047197551   28.634699496   10.328742062   -7.108027382
   -1.999195325   -1.047197551   30.392070369    7.410935046  -10.044931848
   -1.808795770   -1.047197551   31.286170487    1.840558091  -13.166717095
   -1.618396215   -1.047197551   31.148289238   -2.855169585  -16.286357394
   -1.427996661   -1.047197551   30.430615407   -3.923261309  -19.019493869
   -1.237597106   -1.047197551   29.946854076   -0.425216331  -20.884622569
   -1.047197551   -1.047197551   30.485324543    6.456234771  -21.492823215
   -0.856797996   -1.047197551   32.447652680   13.911122354  -20.721173296
   -0.666398442   -1.047197551   35.614356600   18.518777131  -18.782341597
   -0.475998887   -1.047197551   39.151197286   17.435333912  -16.155345705
   -0.285599332   -1.047197551   41.811695946    9.243653250  -13.430315984
   -0.095199777   -1.047197551   42.267119096   -5.414183901  -11.120487081
    0.095199777   -1.047197551   39.534548066  -23.532864035   -9.509184495
    0.285599332   -1.047197551   33.426609539  -39.834819479   -8.584564774
    0.475998887   -1.047197551   24.899337478  -47.901484256   -8.090955261
    0.666398442   -1.047197551   16.057090768  -42.521757301   -7.675245918
    0.856797996   -1.047197551    9.648551151  -22.640090665   -7.038326941
    1.047197551   -1.047197551    8.089938231    7.226150281   -6.062978557
    1.237597106   -1.047197551   12.478174493   38.151502504   -4.807313388
    1.427996661   -1.047197551   22.086610315   60.685217867   -3.446803994
    1.618396215   -1.047197551   34.664186796   68.781429058   -2.151019451
    1.808795770   -1.047197551   47.314339951   61.756235859   -1.003382292
    1.999195325   -1.047197551   57.461299011   43.376965283    0.012448302
    2.189594880   -1.047197551   63.472718125   19.273328100    0.964782099
    2.379994435   -1.047197551   64.784337941   -5.179920791    1.892989534
    2.570393989   -1.047197551   61.745918285  -25.829196774    2.747239849
    2.760793544   -1.047197551   55.382653215  -39.711501434    3.376132020
    2.951193099   -1.047197551   47.183669785  -44.952213041    3.570078151

   -3.141592654   -0.698131701   38.776959269  -44.041396446    2.574625990
   -2.951193099   -0.698131701   31.265945160  -33.998505953    1.077743114
   -2.760793544   -0.698131701   26.115807624  -19.872012594   -1.141001143
   -2.570393989   -0.698131701   23.670887552   -6.316314745   -3.913380829
   -2.379994435   -0.698131701   23.419935111    2.667491684   -7.042455863
   -2.189594880   -0.698131701   24.271356857    5.198836351  -10.387560070
   -1.999195325   -0.698131701   25.043088946    2.205523665  -13.851183799
   -1.808795770   -0.698131701   24.957857667   -3.164002447  -17.265431413
   -1.618396215   -0.698131701   23.934476349   -7.016850417  -20.284462617
   -1.427996661   -0.698131701   22.572201533   -6.389135149  -22.402723284
   -1.237597106   -0.698131701   21.839071402   -0.490285643  -23.133027883
   -1.047197551   -0.698131701   22.614592605    8.997786610  -22.237077303
   -0.856797996   -0.698131701   25.279703536   18.628696442  -19.865923282
   -0.666398442   -0.698131701   29.479088436   24.459127255  -16.523663876
   -0.475998887   -0.698131701   34.169583091   23.412793794  -12.882132117
   -0.285599332   -0.698131701   37.885460293   14.197498727   -9.549419996
   -0.095199777   -0.698131701   39.133220763   -2.108067606   -6.873723255
    0.095199777   -0.698131701   36.866765976  -21.899724196   -4.857384761
    0.285599332   -0.698131701   30.948824684  -39.351684860   -3.217801497
    0.475998887   -0.698131701   22.468900168  -47.756491392   -1.584385142
    0.666398442   -0.698131701   13.684914055  -41.960237184    0.259556774
    0.856797996   -0.698131701    7.458799666  -21.277108090    2.240096774
    1.047197551   -0.698131701    6.235935595    9.339731535    4.014340420
    1.237597106   -0.698131701   11.069915726   40.633447978    5.193810338
    1.427996661   -0.698131701   21.150485434   63.086945635    5.560947630
    1.618396215   -0.698131701   34.152664787   70.805155383    5.194596316
    1.808795770   -0.698131701   47.145384403   63.335755100    4.419222772
    1.999195325   -0.698131701   57.558069854   44.611301368    3.635913777
    2.189594880   -0.698131701   63.780883512   20.270795707    3.147299254
    2.379994435   -0.698131701   65.259221556   -4.445751216    3.054615513
    2.570393989   -0.698131701   62.320276512  -25.567189940    3.243981106
    2.760793544   -0.698131701   55.935863984  -40.256984990    3.443054455
    2.951193099   -0.698131701   47.531956487  -46.595518421    3.314494875

   -3.141592654   -0.349065850   39.294155287  -46.469884733    1.772883051
   -2.951193099   -0.349065850   31.195277084  -37.717148959   -0.087881627
   -2.760793544   -0.349065850   25.230161562  -24.650000085   -2.638894649
   -2.570393989   -0.349065850   21.803075513  -11.793150750   -5.666363670
   -2.379994435   -0.349065850   20.467552929   -3.208101529   -8.941176553
   -2.189594880   -0.349065850   20.178292008   -0.877176052  -12.306302324
   -1.999195325   -0.349065850   19.793455022   -3.802382294  -15.637009605
   -1.808795770   -0.349065850   18.613669697   -8.522808211  -18.700391034
   -1.618396215   -0.349065850   16.704092094  -10.789850599  -21.058605246
   -1.427996661   -0.349065850   14.855759546   -7.573688503  -22.149131754
   -1.237597106   -0.349065850   14.194580905    1.488179736  -21.540364632
   -1.047197551   -0.349065850   15.637054649   13.915839135  -19.194615559
   -0.856797996   -0.349065850   19.442490665   25.467973826  -15.558947253
   -0.666398442   -0.349065850   25.012965333   31.775917742  -11.402705453
   -0.475998887   -0.349065850   31.032716847   29.870010046   -7.510247730
   -0.285599332   -0.349065850   35.829776631   19.025979800   -4.387221865
   -0.095199777   -0.349065850   37.837475447    1.106823653   -2.092583355
    0.095199777   -0.349065850   36.081314465  -19.601082504   -0.270241169
    0.285599332   -0.349065850   30.592097835  -36.991095333    1.638544363
    0.475998887   -0.349065850   22.629748746  -44.619589037    4.064753031
    0.666398442   -0.349065850   14.526533417  -38.016446936    7.025100925
    0.856797996   -0.349065850    9.077663559  -17.243596611   10.051128702
    1.047197551   -0.349065850    8.548491925   12.409116124   12.381625958
    1.237597106   -0.349065850   13.805663589   41.913015352   13.373162607
    1.427996661   -0.349065850   23.941518009   62.421251431   12.817482216
    1.618396215   -0.349065850   36.671001373   68.741207432   11.032629217
    1.808795770   -0.349065850   49.209775111   60.793976841    8.682089067
    1.999195325   -0.349065850   59.162698844   42.441026056    6.461756949
    2.189594880   -0.349065850   65.047873837   18.933129312    4.836610657
    2.379994435   -0.349065850   66.352424062   -4.974836261    3.932627293
    2.570393989   -0.349065850   63.359094182  -25.703113516    3.565806152
    2.760793544   -0.349065850   56.937322896  -40.627182225    3.356535255
    2.951193099   -0.349065850   48.391755898  -47.797998610    2.871218494

   -3.141592654    0.000000000   39.684792687  -48.878999610    0.356147772
   -2.951193099    0.000000000   31.014358565  -41.282099829   -1.294582004
   -2.760793544    0.000000000   24.274133897  -29.164427620   -3.399419480
   -2.570393989    0.000000000   19.924350490  -16.908556190   -5.814361790
   -2.379994435    0.000000000   17.582647723   -8.617024306   -8.404358281
   -2.189594880    0.000000000   16.255359289   -6.326491920  -11.082706357
   -1.999195325    0.000000000   14.857441472   -8.905562785  -13.732180677
   -1.808795770    0.000000000   12.793388987  -12.555924023  -16.067898922
   -1.618396215    0.000000000   10.296512626  -12.751731674  -17.592176541
   -1.427996661    0.000000000    8.344634489   -6.595137042  -17.748259543
   -1.237597106    0.000000000    8.172755590    5.607044571  -16.218957853
   -1.047197551    0.000000000   10.647362300   20.438729748  -13.167612503
   -0.856797996    0.000000000   15.811280086   32.942079427   -9.242280728
   -0.666398442    0.000000000   22.767244699   38.620621249   -5.299641464
   -0.475998887    0.000000000   29.938862522   35.009239658   -2.030953429
   -0.285599332    0.000000000   35.530621874   22.278372647    0.323302183
   -0.095199777    0.000000000   38.028968886    3.180147662    2.055536534
    0.095199777    0.000000000   36.652162157  -17.472142179    3.821228057
    0.285599332    0.000000000   31.668631782  -33.664117402    6.302888386
    0.475998887    0.000000000   24.496064871  -39.672926437    9.807585539
    0.666398442    0.000000000   17.447710937  -32.081462872   14.010290676
    0.856797996    0.000000000   13.110771816  -11.806080240   17.999213534
    1.047197551    0.000000000   13.438876991   15.730462472   20.647085713
    1.237597106    0.000000000   19.041894719   42.148276933   21.162712741
    1.427996661    0.000000000   28.929586912   59.691752651   19.451528459
    1.618396215    0.000000000   40.937119829   64.120569411   16.122673567
    1.808795770    0.000000000   52.530954017   55.731389748   12.166272088
    1.999195325    0.000000000   61.577435142   38.141535503    8.516661683
    2.189594880    0.000000000   66.769362393   15.996221395    5.740199431
    2.379994435    0.000000000   67.645259187   -6.594679746    3.956216831
    2.570393989    0.000000000   64.430830251  -26.518496533    2.932164782
    2.760793544    0.000000000   57.873046059  -41.370074045    2.255085807
    2.951193099    0.000000000   49.136897432  -49.149146510    1.497776172

   -3.141592654    0.349065850   40.730470893  -50.223204218   -0.444859670
   -2.951193099    0.349065850   31.710197048  -43.594462163   -1.484742878
   -2.760793544    0.349065850   24.442057184  -32.351506739   -2.709655755
   -2.570393989    0.349065850   19.420553881  -20.729300668   -4.083990246
   -2.379994435    0.349065850   16.310362101  -12.828659215   -5.594746901
   -2.189594880    0.349065850   14.163186124  -10.675853076   -7.244306139
   -1.999195325    0.349065850   11.955873060  -12.960753679   -8.954862774
   -1.808795770    0.349065850    9.204468513  -15.570752289  -10.459929378
   -1.618396215    0.349065850    6.306544750  -13.799376842  -11.306109151
   -1.427996661    0.349065850    4.400326754   -5.006549183  -11.031110191
   -1.237597106    0.349065850    4.783708450    9.762381999   -9.436086119
   -1.047197551    0.349065850    8.224909764   26.211448006   -6.762593368
   -0.856797996    0.349065850   14.526311426   38.866419333   -3.631627829
   -0.666398442    0.349065850   22.515638767   43.385141725   -0.737886901
   -0.475998887    0.349065850   30.432204508   38.056640329    1.491669393
   -0.285599332    0.349065850   36.468350573   24.047505748    3.103916433
   -0.095199777    0.349065850   39.275383306    4.892928357    4.600984619
    0.095199777    0.349065850   38.336563307  -14.359238371    6.685291648
    0.285599332    0.349065850   34.162365623  -28.197521316    9.897870380
    0.475998887    0.349065850   28.253170320  -32.010040711   14.258861668
    0.666398442    0.349065850   22.767370324  -23.669232468   19.118961632
    0.856797996    0.349065850   19.927962262   -4.901705067   23.320341168
    1.047197551    0.349065850   21.256613874   19.053619024   25.656123809
    1.237597106    0.349065850   27.063395910   40.936983769   25.423357472
    1.427996661    0.349065850   36.320973013   54.497321065   22.724588173
    1.618396215    0.349065850   47.090146395   56.649797468   18.375458266
    1.808795770    0.349065850   57.207679961   48.021211172   13.507693217
    1.999195325    0.349065850   64.895116614   31.777921517    9.107899392
    2.189594880    0.349065850   69.069292631   11.720489975    5.729355862
    2.379994435    0.349065850   69.329374210   -8.856583725    3.459741846
    2.570393989    0.349065850   65.829539837  -27.388795266    2.061111021
    2.760793544    0.349065850   59.171634515  -41.698243259    1.159973522
    2.951193099    0.349065850   50.360161228  -49.717516930    0.403042178

   -3.141592654    0.698131701   41.514586099  -51.067275483   -1.800705109
   -2.951193099    0.698131701   32.279073562  -44.988740108   -2.191244575
   -2.760793544    0.698131701   24.697521819  -34.213989737   -2.467382594
   -2.570393989    0.698131701   19.288953846  -22.902094639   -2.696856521
   -2.379994435    0.698131701   15.745165105  -15.193648051   -2.986131635
   -2.189594880    0.698131701   13.137134325  -13.126740476   -3.440116660
   -1.999195325    0.698131701   10.472339758  -15.254842619   -4.069266202
   -1.808795770    0.698131701    7.335610414  -17.224702042   -4.718006478
   -1.618396215    0.698131701    4.232686676  -14.202896575   -5.085015003
   -1.427996661    0.698131701    2.404339191   -3.756821709   -4.861770406
   -1.237597106    0.698131701    3.177748043   12.530609548   -3.914169290
   -1.047197551    0.698131701    7.237958176   29.783190096   -2.381709444
   -0.856797996    0.698131701   14.218902790   42.283493184   -0.613217684
   -0.666398442    0.698131701   22.785584751   45.973747785    1.053649123
   -0.475998887    0.698131701   31.111152470   39.827844506    2.502625810
   -0.285599332    0.698131701   37.462355084   25.761363897    3.934306013
   -0.095199777    0.698131701   40.682913342    7.724128210    5.799277315
    0.095199777    0.698131701   40.475932090   -9.373473142    8.562208767
    0.285599332    0.698131701   37.487168730  -20.775504596   12.424617223
    0.475998887    0.698131701   33.164970196  -23.001635288   17.086169121
    0.666398442    0.698131701   29.400081657  -14.981739772   21.721515371
    0.856797996    0.698131701   28.000729556    1.157350700   25.203554725
    1.047197551    0.698131701   30.086380246   20.746327537   26.545415525
    1.237597106    0.698131701   35.754238934   37.849745961   25.335187644
    1.427996661    0.698131701   44.041165356   47.667706775   21.909060033
    1.618396215    0.698131701   53.306227557   48.041796281   17.170170885
    1.808795770    0.698131701   61.779988461   39.668788123   12.187895036
    1.999195325    0.698131701   68.020731994   25.100445291    7.802149114
    2.189594880    0.698131701   71.132855675    7.263442866    4.422929962
    2.379994435    0.698131701   70.744851384  -11.287454673    2.062014832
    2.570393989    0.698131701   66.926962825  -28.425032861    0.499582838
    2.760793544    0.698131701   60.143808269  -42.100287344   -0.538421691
    2.951193099    0.698131701   51.261914294  -50.136714746   -1.266159805

   -3.141592654    1.047197551   39.898814284  -51.982732372   -5.088381593
   -2.951193099    1.047197551   30.565066104  -45.082831201   -4.804640132
   -2.760793544    1.047197551   23.038299958  -33.569605212   -4.057287991
   -2.570393989    1.047197551   17.800382020  -21.814003697   -3.080697152
   -2.379994435    1.047197551   14.472803893  -14.082423944   -2.140105805
   -2.189594880    1.047197551   12.048098713  -12.356618146   -1.446927401
   -1.999195325    1.047197551    9.484866896  -14.952736591   -1.087901109
   -1.808795770    1.047197551    6.372958388  -17.214751821   -1.010831542
   -1.618396215    1.047197551    3.273099646  -14.116659593   -1.063578569
   -1.427996661    1.047197551    1.496315485   -3.265004409   -1.071099157
   -1.237597106    1.047197551    2.411990917   13.518386627   -0.905081930
   -1.047197551    1.047197551    6.696407537   31.095910241   -0.514026465
   -0.856797996    1.047197551   13.938258156   43.676773263    0.103445100
   -0.666398442    1.047197551   22.771110876   47.395610888    0.980823340
   -0.475998887    1.047197551   31.392380603   41.589419713    2.240091637
   -0.285599332    1.047197551   38.160185939   28.495644020    4.096041491
   -0.095199777    1.047197551   42.048004445   12.090375763    6.789994127
    0.095199777    1.047197551   42.856006070   -3.078036871   10.435571088
    0.285599332    1.047197551   41.222698374  -12.978826970   14.861989843
    0.475998887    1.047197551   38.434568943  -14.947142017   19.509455166
    0.666398442    1.047197551   36.086871273   -8.463541160   23.504282385
    0.856797996    1.047197551   35.643725049    4.444072208   25.895684244
    1.047197551    1.047197551   37.967560438   19.901736831   26.025832262
    1.237597106    1.047197551   43.093981164   33.155560106   23.810265091
    1.427996661    1.047197551   50.217230824   40.414007675   19.784867940
    1.618396215    1.047197551   57.993553920   39.939744462   14.857932358
    1.808795770    1.047197551   64.963236941   32.163295759    9.942366214
    1.999195325    1.047197551   69.898692277   18.962396561    5.653267511
    2.189594880    1.047197551   71.983258754    2.577749921    2.215348405
    2.379994435    1.047197551   70.818075057  -14.833680361   -0.429589228
    2.570393989    1.047197551   66.402785585  -31.205407975   -2.431856596
    2.760793544    1.047197551   59.144684791  -44.318052282   -3.885313872
    2.951193099    1.047197551   49.893036657  -51.774816373   -4.785297394

   -3.141592654    1.396263402   36.082061289  -52.912223125  -10.119558841
   -2.951193099    1.396263402   26.742512455  -44.214126810   -9.966300125
   -2.760793544    1.396263402   19.532268622  -31.193536863   -8.914274849
   -2.570393989    1.396263402   14.841981084  -18.555389407   -7.221357063
   -2.379994435    1.396263402   12.160445168  -10.672222891   -5.240263308
   -2.189594880    1.396263402   10.349630369   -9.399779490   -3.297186919
   -1.999195325    1.396263402    8.276004956  -12.803080222   -1.614207293
   -1.808795770    1.396263402    5.487325682  -15.965960195   -0.308954208
   -1.618396215    1.396263402    2.547571428  -13.653726319    0.572036980
   -1.427996661    1.396263402    0.804249789   -3.328356329    1.033832126
   -1.237597106    1.396263402    1.686251362   13.285048600    1.154093005
   -1.047197551    1.396263402    5.943246994   31.097685476    1.105546685
   -0.856797996    1.396263402   13.241293172   44.328437251    1.146815264
   -0.666398442    1.396263402   22.291613016   49.087005630    1.582552177
   -0.475998887    1.396263402   31.361163640   44.647444735    2.689400776
   -0.285599332    1.396263402   38.858838837   33.120467040    4.648867556
   -0.095199777    1.396263402   43.773693501   18.212311830    7.492693548
    0.095199777    1.396263402   45.855699352    4.063151187   11.038668052
    0.285599332    1.396263402   45.607107352   -5.777621173   14.854413436
    0.475998887    1.396263402   44.093329537   -8.987004302   18.287456212
    0.666398442    1.396263402   42.655803365   -5.052278182   20.617695286
    0.856797996    1.396263402   42.548260091    4.487245806   21.268368132
    1.047197551    1.396263402   44.553271066   16.582304715   20.042783402
    1.237597106    1.396263402   48.789325100   27.318370695   17.201155731
    1.427996661    1.396263402   54.663454635   33.356615607   13.370199990
    1.618396215    1.396263402   61.079562383   32.878761729    9.270679549
    1.808795770    1.396263402   66.766340418   25.815392993    5.452335013
    1.999195325    1.396263402   70.574704853   13.450693905    2.145449980
    2.189594880    1.396263402   71.669857005   -2.358170496   -0.703217246
    2.379994435    1.396263402   69.595680485  -19.475493701   -3.262904011
    2.570393989    1.396263402   64.320053700  -35.569933160   -5.633068341
    2.760793544    1.396263402   56.281190225  -48.063806364   -7.733558333
    2.951193099    1.396263402   46.417149319  -54.354468329   -9.321376894

   -3.141592654    1.745329252   30.943230483  -54.358640174  -15.120927968
   -2.951193099    1.745329252   21.546393261  -43.362399759  -15.328757742
   -2.760793544    1.745329252   14.699469729  -28.320744989  -14.220448760
   -2.570393989    1.745329252   10.693340385  -14.384179039  -12.019900993
   -2.379994435    1.745329252    8.860427897   -6.071439226   -9.116881851
   -2.189594880    1.745329252    7.905203200   -5.121212412   -5.909413438
   -1.999195325    1.745329252    6.571746163   -9.378179864   -2.713098140
   -1.808795770    1.745329252    4.326241607  -13.726545374    0.229383493
   -1.618396215    1.745329252    1.687489983  -12.739026484    2.703720547
   -1.427996661    1.745329252    0.000000000   -3.610517097    4.525499120
   -1.237597106    1.745329252    0.751026354   12.293241128    5.616410468
   -1.047197551    1.745329252    4.815415133   30.205411739    6.079258431
   -0.856797996    1.745329252   12.026594747   44.446244214    6.198220299
   -0.666398442    1.745329252   21.255490476   50.928918689    6.352021686
   -0.475998887    1.745329252   30.867828676   48.509216792    6.879484554
   -0.285599332    1.745329252   39.281581801   38.806040056    7.966961110
   -0.095199777    1.745329252   45.403125886   25.060382772    9.584054047
    0.095199777    1.745329252   48.820200225   11.042831539   11.464751571
    0.285599332    1.745329252   49.816758869    0.105465362   13.146954248
    0.475998887    1.745329252   49.224623325   -5.353991922   14.101570537
    0.666398442    1.745329252   48.199176058   -4.427400082   13.931261480
    0.856797996    1.745329252   47.912662263    2.046539149   12.526209452
    1.047197551    1.745329252   49.210301352   11.754083427   10.140858334
    1.237597106    1.745329252   52.391807984   21.280013956    7.268467332
    1.427996661    1.745329252   57.097551005   27.291317954    4.444345092
    1.618396215    1.745329252   62.420709208   27.536587991    2.010050059
    1.808795770    1.745329252   67.173283899   21.310589132    0.007236273
    1.999195325    1.745329252   70.174488170    9.384462486   -1.783782828
    2.189594880    1.745329252   70.491132773   -6.551872243   -3.690136611
    2.379994435    1.745329252   67.575640926  -24.136021819   -5.952578921
    2.570393989    1.745329252   61.374942011  -40.552684789   -8.582580107
    2.760793544    1.745329252   52.404053634  -52.721453426  -11.312042091
    2.951193099    1.745329252   41.753842835  -57.794819408  -13.662550587

   -3.141592654    2.094395102   24.836329978  -56.666867674  -15.928782491
   -2.951193099    2.094395102   15.246781902  -43.045958725  -16.140923414
   -2.760793544    2.094395102    8.708513147  -25.467175542  -14.932384886
   -2.570393989    2.094395102    5.441676747   -9.606280572  -12.495741090
   -2.379994435    2.094395102    4.636910477   -0.186169840   -9.203574050
   -2.189594880    2.094395102    4.847805267    1.134127856   -5.434438784
   -1.999195325    2.094395102    4.694728888   -3.318301693   -1.489640018
   -1.808795770    2.094395102    3.547375038   -8.325858808    2.368962895
   -1.618396215    2.094395102    1.841145756   -8.408907804    5.841836132
   -1.427996661    2.094395102    0.853046398   -0.620335980    8.592573618
   -1.237597106    2.094395102    2.046998675   13.988064937   10.367054745
   -1.047197551    2.094395102    6.342379830   31.023506217   11.132707194
   -0.856797996    2.094395102   13.677350088   45.031623971   11.123381316
   -0.666398442    2.094395102   23.044827244   51.872252057   10.743044035
   -0.475998887    2.094395102   32.897743625   50.101223607   10.389417555
   -0.285599332    2.094395102   41.670340067   40.921574057   10.295681126
   -0.095199777    2.094395102   48.204671555   27.165542768   10.438990487
    0.095199777    2.094395102   51.957892939   12.317928004   10.548781006
    0.285599332    2.094395102   53.052000197   -0.271836391   10.201753056
    0.475998887    2.094395102   52.189326716   -7.843246624    9.021250827
    0.666398442    2.094395102   50.497652309   -8.838815740    6.892262556
    0.856797996    2.094395102   49.253277678   -3.395628490    4.061841576
    1.047197551    2.094395102   49.514627108    6.519586795    1.083167284
    1.237597106    2.094395102   51.808641720   17.329633156   -1.445015756
    1.427996661    2.094395102   55.924675061   25.054955877   -3.130036947
    1.618396215    2.094395102   60.962592614   26.664986378   -3.961536030
    1.808795770    2.094395102   65.609268874   20.895661494   -4.283889408
    1.999195325    2.094395102   68.490172643    8.373279261   -4.623918895
    2.189594880    2.094395102   68.491758464   -8.934960858   -5.468051159
    2.379994435    2.094395102   64.968485741  -28.116193710   -7.076010601
    2.570393989    2.094395102   57.885871130  -45.709852288   -9.388395770
    2.760793544    2.094395102   47.893836806  -58.088694304  -12.030044035
    2.951193099    2.094395102   36.296838044  -62.168060579  -14.413342134

   -3.141592654    2.443460953   19.604566482  -58.558331356  -10.772198470
   -2.951193099    2.443460953    9.868933003  -42.659097487  -10.297193579
   -2.760793544    2.443460953    3.624299316  -22.824388485   -8.672883440
   -2.570393989    2.443460953    1.042040635   -5.160350179   -6.076860170
   -2.379994435    2.443460953    1.208586393    5.475799592   -2.800581368
   -2.189594880    2.443460953    2.573487463    7.524828205    0.904237913
   -1.999195325    2.443460953    3.676998251    3.429436994    4.862731264
   -1.808795770    2.443460953    3.816778602   -1.635966324    8.888171959
   -1.618396215    2.443460953    3.334835946   -2.347141528   12.664473099
   -1.427996661    2.443460953    3.390787019    4.187524093   15.742069325
   -1.237597106    2.443460953    5.345450581   17.128599372   17.692603392
   -1.047197551    2.443460953   10.077727013   32.505606928   18.312270514
   -0.856797996    2.443460953   17.567352914   45.257164430   17.724844706
   -0.666398442    2.443460953   26.903593604   51.401188226   16.302726989
   -0.475998887    2.443460953   36.637017570   49.358717241   14.476292740
   -0.285599332    2.443460953   45.252305221   39.986143513   12.542775511
   -0.095199777    2.443460953   51.568014650   25.729230037   10.550670359
    0.095199777    2.443460953   54.956211683    9.816947834    8.321227352
    0.285599332    2.443460953   55.432860181   -4.315181326    5.580978145
    0.475998887    2.443460953   53.646982873  -13.444440709    2.191982132
    0.666398442    2.443460953   50.787315071  -15.335397294   -1.653847810
    0.856797996    2.443460953   48.313647490   -9.568151450   -5.410554884
    1.047197551    2.443460953   47.533754783    1.943952573   -8.355063859
    1.237597106    2.443460953   49.176375087   15.131157083   -9.934342645
    1.427996661    2.443460953   53.100606301   25.158389012  -10.016643045
    1.618396215    2.443460953   58.312967806   28.208179729   -8.958430483
    1.808795770    2.443460953   63.291503582   22.627150118   -7.435040572
    1.999195325    2.443460953   66.424484309    9.126638896   -6.160325097
    2.189594880    2.443460953   66.414715597   -9.873932823   -5.644585432
    2.379994435    2.443460953   62.537598483  -30.853822057   -6.065901394
    2.570393989    2.443460953   54.796963730  -49.753302696   -7.265114392
    2.760793544    2.443460953   43.983147315  -62.489161833   -8.818136219
    2.951193099    2.443460953   31.603435829  -65.804979034  -10.163568379

   -3.141592654    2.792526803   17.178839712  -58.299092867    0.475955624
   -2.951193099    2.792526803    7.636076615  -40.896497432    2.155043213
   -2.760793544    2.792526803    1.866187638  -19.646207591    4.183316565
   -2.570393989    2.792526803    0.001898562   -0.855406104    6.392895937
   -2.379994435    2.792526803    1.073245621   10.640946715    8.688886464
   -2.189594880    2.792526803    3.491798312   13.410965810   11.120959037
   -1.999195325    2.792526803    5.775824461    9.909067546   13.809209012
   -1.808795770    2.792526803    7.179983321    5.073819625   16.766083298
   -1.618396215    2.792526803    7.942301944    3.863954505   19.737525425
   -1.427996661    2.792526803    9.059109086    8.966075537   22.208858802
   -1.237597106    2.792526803   11.724206911   19.721182611   23.604832587
   -1.047197551    2.792526803   16.718573767   32.678783469   23.557112406
   -0.856797996    2.792526803   24.033727765   43.340703789   22.068774415
   -0.666398442    2.792526803   32.857797832   48.048573775   19.467588249
   -0.475998887    2.792526803   41.866794155   45.183891874   16.216901852
   -0.285599332    2.792526803   49.635151145   35.279851594   12.702327216
   -0.095199777    2.792526803   54.999801402   20.411547223    9.088231500
    0.095199777    2.792526803   57.295242506    3.610635677    5.334489511
    0.285599332    2.792526803   56.493901853  -11.517664454    1.329826792
    0.475998887    2.792526803   53.268117403  -21.245798871   -2.890034102
    0.666398442    2.792526803   48.940869058  -22.738214056   -7.000187052
    0.856797996    2.792526803   45.198703967  -15.255032056  -10.416463558
    1.047197551    2.792526803   43.587140550   -0.971280147  -12.515412135
    1.237597106    2.792526803   44.969560345   15.293176992  -12.954269139
    1.427996661    2.792526803   49.175019381   27.788667666  -11.843713643
    1.618396215    2.792526803   55.026139096   32.058987056   -9.708183732
    1.808795770    2.792526803   60.743747066   26.334235976   -7.251817200
    1.999195325    2.792526803   64.483435253   11.668359327   -5.078289641
    2.189594880    2.792526803   64.806594021   -8.938843148   -3.510927007
    2.379994435    2.792526803   60.960054695  -31.401211727   -2.558481165
    2.570393989    2.792526803   53.014999899  -51.233220910   -1.995982774
    2.760793544    2.792526803   41.892138526  -64.116430882   -1.491499925
    2.951193099    2.792526803   29.252812133  -66.790302526   -0.730965590
