#! FIELDS phi psi file.free der_phi der_psi
#! SET min_phi -pi
#! SET max_phi pi
#! SET nbins_phi  33
#! SET periodic_phi true
#! SET min_psi -pi
#! SET max_psi pi
#! SET nbins_psi  18
#! SET periodic_psi true
   -3.141592654   -3.141592654   18.173106929  -53.302522115   16.393488472
   -2.951193099   -3.141592654    9.739292740  -34.618521992   18.762590749
   -2.760793544   -3.141592654    5.128743163  -14.099598364   20.301205194
   -2.570393989   -3.141592654    4.140961984    2.646344850   21.145564761
   -2.379994435   -3.141592654    5.680080410   12.160104347   21.689484901
   -2.189594880   -3.141592654    8.296885798   14.233942421   22.476849709
   -1.999195325   -3.141592654   10.808015404   11.714439889   23.973896212
   -1.808795770   -3.141592654   12.741694789    8.882583568   26.314994406
   -1.618396215   -3.141592654   14.417093669    9.496292889   29.160515055
   -1.427996661   -3.141592654   16.691338024   15.216868756   31.779558610
   -1.237597106   -3.141592654   20.490303453   25.139945674   33.329888334
   -1.047197551   -3.141592654   26.360588116   36.349485349   33.188689268
   -0.856797996   -3.141592654   34.193579835   45.123760783   31.156844023
   -0.666398442   -3.141592654   43.200216409   48.210611397   27.432517186
   -0.475998887   -3.141592654   52.092169446   43.729840753   22.450415181
   -0.285599332   -3.141592654   59.381371197   31.512451399   16.690760001
   -0.095199777   -3.141592654   63.713980970   13.109069000   10.544142726
    0.095199777   -3.141592654   64.198565001   -8.233981059    4.304480749
    0.285599332   -3.141592654   60.711501208  -27.751565385   -1.760915860
    0.475998887   -3.141592654   54.110194481  -40.043207609   -7.293107277
    0.666398442   -3.141592654   46.214651093  -40.811736624  -11.812642672
    0.856797996   -3.141592654   39.401612168  -28.843429275  -14.811684374
    1.047197551   -3.141592654   35.872291030   -7.200302821  -15.958430520
    1.237597106   -3.141592654   36.861435372   17.336408736  -15.287996330
    1.427996661   -3.141592654   42.146132856   36.644606490  -13.206100271
    1.618396215   -3.141592654   50.080479265   44.406671445  -10.305621444
    1.808795770   -3.141592654   58.166790465   38.220456934   -7.107471412
    1.999195325   -3.141592654   63.862618475   19.929705626   -3.887319924
    2.189594880   -3.141592654   65.297693057   -5.547348097   -0.665456497
    2.379994435   -3.141592654   61.693837899  -31.927744261    2.665166957
    2.570393989   -3.141592654   53.466661299  -53.205421225    6.178030314
    2.760793544   -3.141592654   42.052895338  -64.826633903    9.802800043
    2.951193099   -3.141592654   29.544052776  -64.606473771   13.313449814

   -3.141592654   -2.792526803   25.464709753  -48.880731138   24.541176724
   -2.951193099   -2.792526803   17.692861700  -32.115507249   26.726309954
   -2.760793544   -2.792526803   13.386371069  -13.339057671   27.674389877
   -2.570393989   -2.792526803   12.429085692    2.356699063   27.673020411
   -2.379994435   -2.792526803   13.895373521   11.874429672   27.284419968
   -2.189594880   -2.792526803   16.546033108   15.035051284   27.164868454
   -1.999195325   -2.792526803   19.371762232   14.273653943   27.805255702
   -1.808795770   -2.792526803   21.958886468   13.095750205   29.290992075
   -1.618396215   -2.792526803   24.522631022   14.394342642   31.206819265
   -1.427996661   -2.792526803   27.672714446   19.244037387   32.757584371
   -1.237597106   -2.792526803   32.024922273   26.693911738   33.071220452
   -1.047197551   -2.792526803   37.860830963   34.327116906   31.536594267
   -0.856797996   -2.792526803   44.935600393   39.206889762   28.015863965
   -0.666398442   -2.792526803   52.474691043   38.847860518   22.826450590
   -0.475998887   -2.792526803   59.329323116   31.893467514   16.571035917
   -0.285599332   -2.792526803   64.222073715   18.385314085    9.915411427
   -0.095199777   -2.792526803   66.024983684   -0.144241511    3.409589550
    0.095199777   -2.792526803   64.056630099  -20.582680182   -2.562026227
    0.285599332   -2.792526803   58.376922132  -38.281872673   -7.735020879
    0.475998887   -2.792526803   50.009107097  -47.936962849  -11.861061284
    0.666398442   -2.792526803   40.915999748  -45.403026154  -14.669719024
    0.856797996   -2.792526803   33.570268668  -29.823820678  -15.916940330
    1.047197551   -2.792526803   30.179959098   -4.838532400  -15.523837040
    1.237597106   -2.792526803   31.872160095   22.192625189  -13.686713856
    1.427996661   -2.792526803   38.228475443   42.864709817  -10.839365894
    1.618396215   -2.792526803   47.395242666   51.012365238   -7.466201212
    1.808795770   -2.792526803   56.731620553   44.715713610   -3.901598218
    1.999195325   -2.792526803   63.651944206   26.332322734   -0.230756872
    2.189594880   -2.792526803   66.319911251    1.046877446    3.649170288
    2.379994435   -2.792526803   64.007704224  -24.946636353    7.860726535
    2.570393989   -2.792526803   57.139221583  -45.974981898   12.381579922
    2.760793544   -2.792526803   47.089417392  -57.846907653   16.962673448
    2.951193099   -2.792526803   35.831402695  -58.583537854   21.174254714

   -3.141592654   -2.443460953   33.911949628  -44.217757895   22.527352155
   -2.951193099   -2.443460953   26.814765643  -29.712963942   24.250293991
   -2.760793544   -2.443460953   22.764143253  -12.968337154   24.896905422
   -2.570393989   -2.443460953   21.741837720    1.467625435   24.761668996
   -2.379994435   -2.443460953   23.003291110   10.795836392   24.325383000
   -2.189594880   -2.443460953   25.510797270   14.742178888   24.079253423
   -1.999195325   -2.443460953   28.397531560   15.222758889   24.321341623
   -1.808795770   -2.443460953   31.264044137   14.962069269   24.996239584
   -1.618396215   -2.443460953   34.190081632   16.115419845   25.671066842
   -1.427996661   -2.443460953   37.540756231   19.398853637   25.675035762
   -1.237597106   -2.443460953   41.670851355   24.054614346   24.369632775
   -1.047197551   -2.443460953   46.685740383   28.335502032   21.417028966
   -0.856797996   -2.443460953   52.315948210   30.152057490   16.923233000
   -0.666398442   -2.443460953   57.913783365   27.727761051   11.372410397
   -0.475998887   -2.443460953   62.560019230   20.062364418    5.433469974
   -0.285599332   -2.443460953   65.236910733    7.145837732   -0.262701605
   -0.095199777   -2.443460953   65.036002251   -9.820873924   -5.281447276
    0.095199777   -2.443460953   61.419540783  -28.155867719   -9.410745020
    0.285599332   -2.443460953   54.514710104  -43.553684599  -12.589631312
    0.475998887   -2.443460953   45.364025589  -50.887863504  -14.792791660
    0.666398442   -2.443460953   35.926934960  -46.069774393  -15.966693362
    0.856797996   -2.443460953   28.661422785  -28.337494658  -16.032612143
    1.047197551   -2.443460953   25.733181366   -1.529640151  -14.974535882
    1.237597106   -2.443460953   28.185517149   26.770535444  -12.921972380
    1.427996661   -2.443460953   35.484906332   48.103907559  -10.149059754
    1.618396215   -2.443460953   45.675604631   56.486228217   -6.960552529
    1.808795770   -2.443460953   56.067687083   50.347502869   -3.568516139
    1.999195325   -2.443460953   64.092760965   32.353541245   -0.027811289
    2.189594880   -2.443460953   67.970150199    7.762038539    3.721151519
    2.379994435   -2.443460953   67.012790800  -17.450971078    7.729792360
    2.570393989   -2.443460953   61.624485661  -38.017361271   11.923286956
    2.760793544   -2.443460953   53.080732725  -50.133924198   16.046181713
    2.951193099   -2.443460953   43.198172251  -52.010163238   19.711722715

   -3.141592654   -2.094395102   40.102133576  -40.773120388   14.260080296
   -2.951193099   -2.094395102   33.514379055  -27.805970714   15.384957741
   -2.760793544   -2.094395102   29.696480744  -12.365807266   15.891298982
   -2.570393989   -2.094395102   28.704650657    1.289351574   15.945716563
   -2.379994435   -2.094395102   29.907118795   10.449850642   15.759092602
   -2.189594880   -2.094395102   32.369552351   14.657018829   15.484741957
   -1.999195325   -2.094395102   35.268616842   15.392428620   15.136578439
   -1.808795770   -2.094395102   38.152664143   14.850634706   14.555878188
   -1.618396215   -2.094395102   40.957939819   14.791407386   13.463273086
   -1.427996661   -2.094395102   43.862948491   15.910585746   11.572951191
   -1.237597106   -2.094395102   47.075409283   17.880031054    8.738172336
   -1.047197551   -2.094395102   50.668593273   19.692722142    5.046064167
   -0.856797996   -2.094395102   54.488673760   19.995046795    0.822188719
   -0.666398442   -2.094395102   58.115521341   17.423834762   -3.478863399
   -0.475998887   -2.094395102   60.891820699   10.923792311   -7.416315708
   -0.285599332   -2.094395102   62.011699149    0.031167467  -10.683117902
   -0.095199777   -2.094395102   60.673290968  -14.658258008  -13.164830890
    0.095199777   -2.094395102   56.335530126  -30.959177460  -14.915953266
    0.285599332   -2.094395102   49.051864995  -44.801216832  -16.074919213
    0.475998887   -2.094395102   39.776370577  -51.001499084  -16.761963047
    0.666398442   -2.094395102   30.408748414  -45.232294775  -17.006360114
    0.856797996   -2.094395102   23.393470961  -26.522390248  -16.721682071
    1.047197551   -2.094395102   20.908840029    1.333315379  -15.774816114
    1.237597106   -2.094395102   24.003047520   30.627730661  -14.086185921
    1.427996661   -2.094395102   32.116850196   52.754782840  -11.712979531
    1.618396215   -2.094395102   43.248088199   61.669103663   -8.826492118
    1.808795770   -2.094395102   54.662104341   55.870782566   -5.645857271
    1.999195325   -2.094395102   63.766661252   38.160125925   -2.353773014
    2.189594880   -2.094395102   68.778348014   13.860390162    0.939238859
    2.379994435   -2.094395102   69.006713229  -11.124203911    4.167547209
    2.570393989   -2.094395102   64.827230953  -31.711586245    7.255865409
    2.760793544   -2.094395102   57.448631527  -44.293035828   10.078295645
    2.951193099   -2.094395102   48.592962752  -47.158160588   12.466055577

   -3.141592654   -1.745329252   43.104057341  -38.855280682    5.470862238
   -2.951193099   -1.745329252   36.802254044  -26.725147243    5.942217760
   -2.760793544   -1.745329252   33.115307350  -12.056259376    6.200366727
   -2.570393989   -1.745329252   32.119036215    0.954896145    6.253164349
   -2.379994435   -1.745329252   33.203646241    9.547116346    6.048141555
   -2.189594880   -1.745329252   35.434999924   13.099891399    5.459231803
   -1.999195325   -1.745329252   37.954042226   12.898040397    4.317745389
   -1.808795770   -1.745329252   40.243667943   11.046141608    2.478046873
   -1.618396215   -1.745329252   42.177115800    9.421736604   -0.099507258
   -1.427996661   -1.745329252   43.914288822    9.067323454   -3.298435492
   -1.237597106   -1.745329252   45.722782478   10.105982370   -6.839265677
   -1.047197551   -1.745329252   47.816283210   11.892733715  -10.335235126
   -0.856797996   -1.745329252   50.230152684   13.189627462  -13.381160370
   -0.666398442   -1.745329252   52.723900775   12.433595448  -15.665637956
   -0.475998887   -1.745329252   54.756920088    8.133144607  -17.044717814
   -0.285599332   -1.745329252   55.547639728   -0.692111046  -17.569008583
   -0.095199777   -1.745329252   54.227384897  -13.860169370  -17.455630620
    0.095199777   -1.745329252   50.127759717  -29.378399979  -17.016847993
    0.285599332   -1.745329252   43.162721741  -43.123203707  -16.555128946
    0.475998887   -1.745329252   34.180582605  -49.632726778  -16.261923890
    0.666398442   -1.745329252   25.041065413  -44.171305016  -16.147835156
    0.856797996   -1.745329252   18.224410528  -25.418053192  -16.017792257
    1.047197551   -1.745329252   15.993969200    2.983307468  -15.557680308
    1.237597106   -1.745329252   19.487330102   33.204230696  -14.470963445
    1.427996661   -1.745329252   28.191599127   56.360099053  -12.635574450
    1.618396215   -1.745329252   40.094098097   66.101204064  -10.149087751
    1.808795770   -1.745329252   52.402273001   60.753087321   -7.287436311
    1.999195325   -1.745329252   62.449438460   43.113515548   -4.387843260
    2.189594880   -1.745329252   68.388970267   18.609983680   -1.729605304
    2.379994435   -1.745329252   69.489749296   -6.735130691    0.525928913
    2.570393989   -1.745329252   66.104624872  -27.774951831    2.333104121
    2.760793544   -1.745329252   59.425173272  -40.907617336    3.721493572
    2.951193099   -1.745329252   51.152415959  -44.446682325    4.748100285

   -3.141592654   -1.396263402   41.877857670  -39.581598865    2.594059258
   -2.951193099   -1.396263402   35.458920856  -27.205576937    2.442147416
   -2.760793544   -1.396263402   31.713537685  -12.201966513    2.141315634
   -2.570393989   -1.396263402   30.710861638    0.981982603    1.646131131
   -2.379994435   -1.396263402   31.784330622    9.306825374    0.813048485
   -2.189594880   -1.396263402   33.894664536   11.953312554   -0.580723426
   -1.999195325   -1.396263402   36.056917015   10.204929294   -2.754420596
   -1.808795770   -1.396263402   37.654817369    6.457899720   -5.791053724
   -1.618396215   -1.396263402   38.543524083    3.119723697   -9.525110765
   -1.427996661   -1.396263402   38.976249749    1.844256962  -13.528583508
   -1.237597106   -1.396263402   39.417890117    3.195619162  -17.213425136
   -1.047197551   -1.396263402   40.330294461    6.603771203  -20.010596547
   -0.856797996   -1.396263402   41.973602354   10.498129937  -21.534393007
   -0.666398442   -1.396263402   44.235664475   12.686028552  -21.681785510
   -0.475998887   -1.396263402   46.573040078   10.958996601  -20.625749583
   -0.285599332   -1.396263402   48.075334385    3.764485142  -18.748023571
   -0.095199777   -1.396263402   47.661797879   -9.008585323  -16.532695895
    0.095199777   -1.396263402   44.426699360  -25.329223958  -14.446764183
    0.285599332   -1.396263402   38.083727327  -40.734028833  -12.828261414
    0.475998887   -1.396263402   29.371444938  -49.177377217  -11.812158322
    0.666398442   -1.396263402   20.163709511  -45.218127433  -11.313698408
    0.856797996   -1.396263402   13.082294975  -26.959863981  -11.056471379
    1.047197551   -1.396263402   10.609567657    2.171106889  -10.691258484
    1.237597106   -1.396263402   14.097851973   34.057572355   -9.913966583
    1.427996661   -1.396263402   23.153531936   59.169022352   -8.592184084
    1.618396215   -1.396263402   35.748201804   70.427927160   -6.785861904
    1.808795770   -1.396263402   48.954323835   65.675403783   -4.706219694
    1.999195325   -1.396263402   59.915324946   47.630227508   -2.624717483
    2.189594880   -1.396263402   66.615550032   21.991621799   -0.780077422
    2.379994435   -1.396263402   68.226017949   -4.778708510    0.676514213
    2.570393989   -1.396263402   65.085380888  -27.114917165    1.692711654
    2.760793544   -1.396263402   58.437374999  -41.160564312    2.299015837
    2.951193099   -1.396263402   50.067090084  -45.141792583    2.570334621

   -3.141592654   -1.047197551   39.560861608  -41.282189974    3.299955107
   -2.951193099   -1.047197551   32.852824527  -28.532718495    1.945326846
   -2.760793544   -1.047197551   28.888053176  -13.218236430    0.333712629
   -2.570393989   -1.047197551   27.694447101   -0.095573984   -1.451915733
   -2.379994435   -1.047197551   28.510307683    7.566651966   -3.451188574
   -2.189594880   -1.047197551   30.174889887    8.916757720   -5.837764004
   -1.999195325   -1.047197551   31.603256495    5.512421204   -8.815780178
   -1.808795770   -1.047197551   32.160472900    0.309972277  -12.432036528
   -1.618396215   -1.047197551   31.802831169   -3.632899867  -16.423590239
   -1.427996661   -1.047197551   30.994404517   -4.206981258  -20.220070497
   -1.237597106   -1.047197551   30.458818137   -0.818973861  -23.118596122
   -1.047197551   -1.047197551   30.877203464    5.528141199  -24.543734824
   -0.856797996   -1.047197551   32.618406737   12.567590151  -24.248482937
   -0.666398442   -1.047197551   35.539263839   17.396702151  -22.381553119
   -0.475998887   -1.047197551   38.946738950   17.289463452  -19.406730750
   -0.285599332   -1.047197551   41.709742860   10.462631636  -15.952187405
   -0.095199777   -1.047197551   42.511799642   -3.119349707  -12.628435139
    0.095199777   -1.047197551   40.250027164  -21.100858540   -9.871981567
    0.285599332   -1.047197551   34.520692357  -38.529590054   -7.854651307
    0.475998887   -1.047197551   26.046575470  -48.812863051   -6.493284993
    0.666398442   -1.047197551   16.783799071  -46.026566507   -5.550494752
    0.856797996   -1.047197551    9.510441102  -28.024055896   -4.747231960
    1.047197551   -1.047197551    6.883897653    1.738201000   -3.883002995
    1.237597106   -1.047197551   10.398302754   34.805739113   -2.855527186
    1.427996661   -1.047197551   19.719640844   61.168931123   -1.667235388
    1.618396215   -1.047197551   32.786528254   73.282551410   -0.371098237
    1.808795770   -1.047197551   46.565185992   68.703069221    0.958919799
    1.999195325   -1.047197551   58.062268816   50.121025692    2.238520224
    2.189594880   -1.047197551   65.142646159   23.431970743    3.369926679
    2.379994435   -1.047197551   66.909612659   -4.580206231    4.240784127
    2.570393989   -1.047197551   63.697812622  -28.011897949    4.734281282
    2.760793544   -1.047197551   56.803231600  -42.776352578    4.758418858
    2.951193099   -1.047197551   48.094464503  -47.002406928    4.270355500

   -3.141592654   -0.698131701   39.223597670  -45.185450287    3.124097997
   -2.951193099   -0.698131701   31.730567359  -32.803367087    1.037705775
   -2.760793544   -0.698131701   26.948436097  -17.486505085   -1.334361852
   -2.570393989   -0.698131701   24.953551178   -4.252221100   -3.860425463
   -2.379994435   -0.698131701   24.972345637    3.289052839   -6.525734543
   -2.189594880   -0.698131701   25.777862396    4.101404918   -9.448715325
   -1.999195325   -0.698131701   26.216023201   -0.074493181  -12.763052774
   -1.808795770   -0.698131701   25.655302397   -5.734936011  -16.405451531
   -1.618396215   -0.698131701   24.173992557   -9.187237142  -19.969892072
   -1.427996661   -0.698131701   22.456570051   -7.983268564  -22.766985261
   -1.237597106   -0.698131701   21.461479866   -1.728054035  -24.088772235
   -1.047197551   -0.698131701   22.019206705    7.905988033  -23.528174516
   -0.856797996   -0.698131701   24.500244176   17.825242865  -21.165155608
   -0.666398442   -0.698131701   28.614705282   24.455310163  -17.527882294
   -0.475998887   -0.698131701   33.426508732   24.737449177  -13.377661353
   -0.285599332   -0.698131701   37.536371816   16.958854978   -9.446800220
   -0.095199777   -0.698131701   39.408330234    1.514603708   -6.208207498
    0.095199777   -0.698131701   37.825980917  -18.583814680   -3.757564423
    0.285599332   -0.698131701   32.402353916  -37.719050944   -1.850047932
    0.475998887   -0.698131701   23.986911319  -48.856985599   -0.091992942
    0.666398442   -0.698131701   14.711039080  -45.986874031    1.801372864
    0.856797996   -0.698131701    7.510446225  -27.245880257    3.843990990
    1.047197551   -0.698131701    5.124692254    3.478932709    5.773056193
    1.237597106   -0.698131701    9.050469338   37.320021870    7.251194385
    1.427996661   -0.698131701   18.894231269   64.061701517    8.064733576
    1.618396215   -0.698131701   32.515794070   76.149724989    8.243406470
    1.808795770   -0.698131701   46.812998496   71.237425448    8.012882158
    1.999195325   -0.698131701   58.743375725   52.105898082    7.644934570
    2.189594880   -0.698131701   66.134159968   24.678306923    7.310045346
    2.379994435   -0.698131701   68.052137127   -4.274710259    7.012756557
    2.570393989   -0.698131701   64.794433619  -28.823295502    6.614610563
    2.760793544   -0.698131701   57.631017492  -44.790313184    5.921957077
    2.951193099   -0.698131701   48.431048924  -50.111574587    4.775348526

   -3.141592654   -0.349065850   39.892368231  -49.563378634    2.682229290
   -2.951193099   -0.349065850   31.506352999  -37.729809887   -0.089317097
   -2.760793544   -0.349065850   25.763945777  -22.582956881   -3.103143244
   -2.570393989   -0.349065850   22.800611651   -9.314951872   -6.151058883
   -2.379994435   -0.349065850   21.852905545   -1.836531834   -9.151450246
   -2.189594880   -0.349065850   21.655174981   -1.350994686  -12.169956990
   -1.999195325   -0.349065850   21.015944197   -5.904980155  -15.280686000
   -1.808795770   -0.349065850   19.346131879  -11.402175892  -18.338598371
   -1.618396215   -0.349065850   16.890461298  -13.518998514  -20.854387277
   -1.427996661   -0.349065850   14.586130048   -9.602497607  -22.116703570
   -1.237597106   -0.349065850   13.618410273    0.259053531  -21.532976409
   -1.047197551   -0.349065850   14.898295508   13.395847389  -18.975048715
   -0.856797996   -0.349065850   18.675185546   25.687784208  -14.909714257
   -0.666398442   -0.349065850   24.376956296   32.960857800  -10.219618723
   -0.475998887   -0.349065850   30.731724832   32.189226329   -5.847840021
   -0.285599332   -0.349065850   36.067940952   22.274315566   -2.448848724
   -0.095199777   -0.349065850   38.730148931    4.552230205   -0.168102710
    0.095199777   -0.349065850   37.564732459  -17.056073633    1.362355668
    0.285599332   -0.349065850   32.388000774  -36.432976793    2.817165415
    0.475998887   -0.349065850   24.289236892  -46.683579264    4.815369491
    0.666398442   -0.349065850   15.553531122  -42.501988405    7.573246778
    0.856797996   -0.349065850    9.111617378  -22.928667427   10.766489374
    1.047197551   -0.349065850    7.547723299    7.594472166   13.674914168
    1.237597106   -0.349065850   12.155111739   40.223887677   15.580697779
    1.427996661   -0.349065850   22.394222588   65.287891775   16.110500679
    1.618396215   -0.349065850   36.101323806   75.900783950   15.380136672
    1.808795770   -0.349065850   50.258095537   70.128387640   13.867973984
    1.999195325   -0.349065850   61.945350533   50.746469465   12.138644291
    2.189594880   -0.349065850   69.079629483   23.363411579   10.582845983
    2.379994435   -0.349065850   70.746556042   -5.641359419    9.300020848
    2.570393989   -0.349065850   67.197342163  -30.587552856    8.128348995
    2.760793544   -0.349065850   59.629373218  -47.332272885    6.780737274
    2.951193099   -0.349065850   49.854489322  -53.615488527    4.999179785

   -3.141592654    0.000000000   40.601955586  -54.175419365    1.111823010
   -2.951193099    0.000000000   31.281105917  -42.859115196   -1.453938039
   -2.760793544    0.000000000   24.542557587  -27.845576686   -4.061472180
   -2.570393989    0.000000000   20.586979409  -14.445162465   -6.582232950
   -2.379994435    0.000000000   18.678143683   -6.811999252   -9.003213034
   -2.189594880    0.000000000   17.539789406   -6.259853601  -11.407481081
   -1.999195325    0.000000000   15.980520893  -10.591532742  -13.817739803
   -1.808795770    0.000000000   13.490329550  -15.164215687  -16.000326755
   -1.618396215    0.000000000   10.497152855  -15.188877441  -17.410017097
   -1.427996661    0.000000000    8.165180442   -8.080975727  -17.386202572
   -1.237597106    0.000000000    7.825375393    5.300870131  -15.524322669
   -1.047197551    0.000000000   10.344596668   21.140258406  -11.979609532
   -0.856797996    0.000000000   15.719827320   34.396927710   -7.491795424
   -0.666398442    0.000000000   23.013010829   40.665273667   -3.074181225
   -0.475998887    0.000000000   30.619140012   37.465765675    0.421437591
   -0.285599332    0.000000000   36.692397760   24.775431170    2.650840888
   -0.095199777    0.000000000   39.623369102    5.086213380    3.902117081
    0.095199777    0.000000000   38.496615437  -16.886095719    4.940485006
    0.285599332    0.000000000   33.455011895  -34.941793587    6.652045577
    0.475998887    0.000000000   25.853155846  -42.893773603    9.591900706
    0.666398442    0.000000000   18.050144975  -36.649876051   13.660086031
    0.856797996    0.000000000   12.818050251  -16.389501407   18.076806318
    1.047197551    0.000000000   12.420612967   13.004725458   21.705608782
    1.237597106    0.000000000   17.832174501   43.100453574   23.594895087
    1.427996661    0.000000000   28.336417985   65.224810860   23.379591096
    1.618396215    0.000000000   41.793471488   73.506800806   21.369921741
    1.808795770    0.000000000   55.362214337   66.555766669   18.316526477
    1.999195325    0.000000000   66.345479964   47.077609925   15.030626635
    2.189594880    0.000000000   72.823235798   20.187032784   12.070061610
    2.379994435    0.000000000   73.936481181   -8.325758412    9.620393128
    2.570393989    0.000000000   69.892626927  -33.189555495    7.553291559
    2.760793544    0.000000000   61.795299064  -50.375074735    5.591118286
    2.951193099    0.000000000   51.369799081  -57.432661718    3.478997302

   -3.141592654    0.349065850   42.083241644  -57.457872629    0.207036860
   -2.951193099    0.349065850   32.090022447  -46.591061351   -1.443354043
   -2.760793544    0.349065850   24.611865103  -31.832988379   -2.977507238
   -2.570393989    0.349065850   19.886399317  -18.518199014   -4.397713888
   -2.379994435    0.349065850   17.198689570  -10.910989985   -5.781684577
   -2.189594880    0.349065850   15.281020565  -10.317059819   -7.233231098
   -1.999195325    0.349065850   12.976672081  -14.264485050   -8.744512633
   -1.808795770    0.349065850    9.882219229  -17.674003429  -10.065888244
   -1.618396215    0.349065850    6.603744768  -15.507069538  -10.715951239
   -1.427996661    0.349065850    4.483298399   -5.475476744  -10.190897126
   -1.237597106    0.349065850    4.914796524   10.686415428   -8.278990159
   -1.047197551    0.349065850    8.637030642   28.114451938   -5.264265223
   -0.856797996    0.349065850   15.349154853   41.152897960   -1.862222484
   -0.666398442    0.349065850   23.772995783   45.574416445    1.126310590
   -0.475998887    0.349065850   32.071445235   39.804216137    3.202967197
   -0.285599332    0.349065850   38.376132006   25.046473298    4.410700857
   -0.095199777    0.349065850   41.277840541    4.814626195    5.322509443
    0.095199777    0.349065850   40.201926621  -15.766744232    6.774782660
    0.285599332    0.349065850   35.632112303  -30.940398633    9.479766149
    0.475998887    0.349065850   29.103142848  -35.702859336   13.635312128
    0.666398442    0.349065850   22.890535406  -27.452483762   18.736861163
    0.856797996    0.349065850   19.425563763   -7.469648087   23.689223586
    1.047197551    0.349065850   20.505283368   19.239573734   27.225453761
    1.237597106    0.349065850   26.716063627   45.127388771   28.447496924
    1.427996661    0.349065850   37.186165836   62.953442525   27.171025505
    1.618396215    0.349065850   49.888353036   68.127081756   23.921079788
    1.808795770    0.349065850   62.277513571   59.855708692   19.629858288
    1.999195325    0.349065850   71.991396875   40.670673592   15.230177423
    2.189594880    0.349065850   77.357588831   15.007982749   11.352000052
    2.379994435    0.349065850   77.619722801  -12.122978430    8.227562129
    2.570393989    0.349065850   72.954033876  -36.029930186    5.772150611
    2.760793544    0.349065850   64.355143385  -52.916505964    3.750205002
    2.951193099    0.349065850   53.428455750  -60.217272878    1.934436365

   -3.141592654    0.698131701   43.396363376  -59.678114108   -1.009858014
   -2.951193099    0.698131701   32.960656701  -48.985419376   -1.502435154
   -2.760793544    0.698131701   25.016621293  -34.296325734   -1.766315193
   -2.570393989    0.698131701   19.823917402  -20.940089736   -1.939525232
   -2.379994435    0.698131701   16.682208330  -13.250623067   -2.175305824
   -2.189594880    0.698131701   14.328808382  -12.534293293   -2.589169416
   -1.999195325    0.698131701   11.627598346  -16.158416728   -3.176763640
   -1.808795770    0.698131701    8.237094580  -18.796989547   -3.768025005
   -1.618396215    0.698131701    4.862562038  -15.310769655   -4.069643509
   -1.427996661    0.698131701    2.932232283   -3.667180347   -3.806062237
   -1.237597106    0.698131701    3.843631545   13.815113678   -2.889104592
   -1.047197551    0.698131701    8.221434746   31.684688734   -1.494966453
   -0.856797996    0.698131701   15.569509322   44.102933417    0.019760964
   -0.666398442    0.698131701   24.437317002   47.240344982    1.351637021
   -0.475998887    0.698131701   32.936124555   40.339718931    2.452014969
   -0.285599332    0.698131701   39.309958855   25.458662640    3.600044120
   -0.095199777    0.698131701   42.394375118    6.572229542    5.309704627
    0.095199777    0.698131701   41.890198882  -11.346545389    8.084794200
    0.285599332    0.698131701   38.464732422  -23.354881993   12.149862232
    0.475998887    0.698131701   33.634622311  -25.670341801   17.229143754
    0.666398442    0.698131701   29.421480673  -16.875299570   22.524850633
    0.856797996    0.698131701   27.827217874    1.181894417   26.912147259
    1.047197551    0.698131701   30.198263482   23.881030447   29.341170248
    1.237597106    0.698131701   36.827483177   44.861799786   29.246067571
    1.427996661    0.698131701   46.811974022   58.325259267   26.746596534
    1.618396215    0.698131701   58.340978372   60.755918637   22.539748056
    1.808795770    0.698131701   69.221112392   51.689362046   17.581793945
    1.999195325    0.698131701   77.434495961   33.283016873   12.738684685
    2.189594880    0.698131701   81.540066020    9.223279865    8.565436636
    2.379994435    0.698131701   80.865125822  -16.223889522    5.270755012
    2.570393989    0.698131701   75.547645306  -38.875114082    2.814686518
    2.760793544    0.698131701   66.477838527  -55.118766120    1.046315931
    2.951193099    0.698131701   55.149624810  -62.291329109   -0.190475824

   -3.141592654    1.047197551   41.653933180  -60.217973073   -4.662895075
   -2.951193099    1.047197551   31.208248464  -48.565823036   -3.833008258
   -2.760793544    1.047197551   23.412622934  -33.207457316   -2.665090229
   -2.570393989    1.047197551   18.458760779  -19.585609243   -1.475568886
   -2.379994435    1.047197551   15.567477543  -12.031970754   -0.506979426
   -2.189594880    1.047197551   13.409942230  -11.719544998    0.121300578
   -1.999195325    1.047197551   10.819563142  -15.796490939    0.411064987
   -1.808795770    1.047197551    7.466149494  -18.732749544    0.437346433
   -1.618396215    1.047197551    4.094929287  -15.306388182    0.294592274
   -1.427996661    1.047197551    2.173977142   -3.563831351    0.064734489
   -1.237597106    1.047197551    3.114892995   13.999463607   -0.184390618
   -1.047197551    1.047197551    7.526314674   31.818665290   -0.375399090
   -0.856797996    1.047197551   14.890585840   44.150451271   -0.388949065
   -0.666398442    1.047197551   23.777390440   47.468296043   -0.019645214
   -0.475998887    1.047197551   32.385108784   41.380975152    1.011384184
   -0.285599332    1.047197551   39.101392511   28.155203473    2.999578814
   -0.095199777    1.047197551   42.914837511   11.615438197    6.160722313
    0.095199777    1.047197551   43.613043288   -3.792803642   10.495714113
    0.285599332    1.047197551   41.820780094  -13.937907172   15.687792045
    0.475998887    1.047197551   38.850296728  -15.847208340   21.060731975
    0.666398442    1.047197551   36.392186610   -8.597689786   25.688727502
    0.856797996    1.047197551   36.078673957    6.101764530   28.618378898
    1.047197551    1.047197551   38.977095918   24.416941499   29.195627540
    1.237597106    1.047197551   45.290770377   41.130348009   27.297457807
    1.427996661    1.047197551   54.240818327   51.439622694   23.375170700
    1.618396215    1.047197551   64.284937738   52.315116705   18.245008213
    1.808795770    1.047197551   73.530735450   43.171406162   12.783146723
    1.999195325    1.047197551   80.196491641   25.655002099    7.671770591
    2.189594880    1.047197551   82.969794483    2.881865904    3.305244766
    2.379994435    1.047197551   81.213577709  -21.257911613   -0.155636411
    2.570393989    1.047197551   75.052895795  -42.716246357   -2.668524533
    2.760793544    1.047197551   65.357847075  -57.846560314   -4.229367856
    2.951193099    1.047197551   53.613975144  -63.917618154   -4.862469574

   -3.141592654    1.396263402   37.163844954  -59.213040094  -10.237123138
   -2.951193099    1.396263402   27.073031889  -45.922642092   -9.064921069
   -2.760793544    1.396263402   19.883917980  -29.603010975   -7.349852406
   -2.570393989    1.396263402   15.647573717  -15.767214314   -5.420107082
   -2.379994435    1.396263402   13.454450707   -8.596379938   -3.530159826
   -2.189594880    1.396263402   11.884257001   -9.026240653   -1.813808777
   -1.999195325    1.396263402    9.720772183  -14.027226155   -0.327098835
   -1.808795770    1.396263402    6.607890661  -17.992739524    0.863987604
   -1.618396215    1.396263402    3.276170651  -15.636716480    1.639529351
   -1.427996661    1.396263402    1.198120497   -4.854143533    1.882957855
   -1.237597106    1.396263402    1.830737628   12.131026857    1.604154769
   -1.047197551    1.396263402    5.884916913   30.054761835    1.030966441
   -0.856797996    1.396263402   12.993041491   43.372849158    0.591219081
   -0.666398442    1.396263402   21.896179079   48.547495456    0.800201293
   -0.475998887    1.396263402   30.939142327   44.941206518    2.086899308
   -0.285599332    1.396263402   38.588037512   34.376030406    4.654733002
   -0.095199777    1.396263402   43.811393464   20.083838709    8.408910053
    0.095199777    1.396263402   46.259335082    5.900186899   12.937740206
    0.285599332    1.396263402   46.312629332   -4.530300497   17.562199203
    0.475998887    1.396263402   44.971466411   -8.405323172   21.456490945
    0.666398442    1.396263402   43.625058908   -4.548331273   23.852086086
    0.856797996    1.396263402   43.695422892    6.048290246   24.235347815
    1.047197551    1.396263402   46.203567999   20.479809972   22.525350464
    1.237597106    1.396263402   51.475387568   34.341811735   19.074344002
    1.427996661    1.396263402   58.971192977   43.182014551   14.543207738
    1.618396215    1.396263402   67.403704633   43.806948274    9.642526518
    1.808795770    1.396263402   75.068482279   35.144887957    4.922312275
    1.999195325    1.396263402   80.274548138   18.361501669    0.680848267
    2.189594880    1.396263402   81.730652962   -3.658237191   -2.981423352
    2.379994435    1.396263402   78.806485020  -26.952059464   -6.033303538
    2.570393989    1.396263402   71.663980199  -47.262982111   -8.404948060
    2.760793544    1.396263402   61.246885977  -60.797815496   -9.964993938
    2.951193099    1.396263402   49.121945373  -64.915396460  -10.583831037

   -3.141592654    1.745329252   31.210217657  -57.895933722  -16.291234552
   -2.951193099    1.745329252   21.546520561  -42.841117653  -15.342093442
   -2.760793544    1.745329252   15.059402909  -25.440080567  -13.527440019
   -2.570393989    1.745329252   11.658968859  -11.265315662  -11.116823451
   -2.379994435    1.745329252   10.308509377   -4.322436416   -8.359673789
   -2.189594880    1.745329252    9.501603520   -5.330176150   -5.420090229
   -1.999195325    1.745329252    7.966680823  -11.168348550   -2.419114774
   -1.808795770    1.745329252    5.295273432  -16.274567291    0.463731756
   -1.618396215    1.745329252    2.159364756  -15.339090657    2.943110851
   -1.427996661    1.745329252    0.000000000   -5.974200525    4.718167866
   -1.237597106    1.745329252    0.324605703   10.145044334    5.655359189
   -1.047197551    1.745329252    4.004358368   28.310349551    5.925796138
   -0.856797996    1.745329252   10.910023041   43.200734995    5.979836526
   -0.666398442    1.745329252   20.018863718   51.007024294    6.371636665
   -0.475998887    1.745329252   29.818284755   50.419115884    7.521591540
   -0.285599332    1.745329252   38.768933332   42.429403122    9.546490305
   -0.095199777    1.745329252   45.680894537   29.521536626   12.202353046
    0.095199777    1.745329252   49.926840392   15.045694081   14.935003247
    0.285599332    1.745329252   51.552694331    2.555017137   17.020644213
    0.475998887    1.745329252   51.247117273   -4.788870915   17.789057556
    0.666398442    1.745329252   50.198338704   -5.065285358   16.868033434
    0.856797996    1.745329252   49.792114336    1.698027511   14.313633215
    1.047197551    1.745329252   51.191214251   13.408429807   10.611023368
    1.237597106    1.745329252   54.977490356   26.056883641    6.452089763
    1.427996661    1.745329252   60.889302818   35.001924683    2.483215327
    1.618396215    1.745329252   67.838532944   36.467622304   -0.935011491
    1.808795770    1.745329252   74.197627825   28.736385206   -3.783723330
    1.999195325    1.745329252   78.249604273   12.588063634   -6.277064871
    2.189594880    1.745329252   78.641851899   -9.081985257   -8.663115954
    2.379994435    1.745329252   74.717368575  -31.988448744  -11.043715577
    2.570393989    1.745329252   66.683289366  -51.486450627  -13.299382055
    2.760793544    1.745329252   55.589021552  -63.566537926  -15.135388767
    2.951193099    1.745329252   43.117885545  -65.711069120  -16.210450512

   -3.141592654    2.094395102   24.360768252  -57.745886577  -18.214398520
   -2.951193099    2.094395102   14.913001141  -40.759952106  -17.332466419
   -2.760793544    2.094395102    8.982195550  -21.763714317  -15.489481173
   -2.570393989    2.094395102    6.394447827   -6.497599053  -12.890891193
   -2.379994435    2.094395102    6.019682380    1.092520135   -9.750941120
   -2.189594880    2.094395102    6.279472693    0.408781080   -6.211159449
   -1.999195325    2.094395102    5.844086345   -5.422908352   -2.376708782
   -1.808795770    2.094395102    4.232605412  -10.983230520    1.566058868
   -1.618396215    2.094395102    2.017289651  -11.056383652    5.274352146
   -1.427996661    2.094395102    0.544660880   -3.080366590    8.327633998
   -1.237597106    2.094395102    1.292908785   11.758357511   10.429424104
   -1.047197551    2.094395102    5.207981272   29.303737585   11.586240536
   -0.856797996    2.094395102   12.318068738   44.501768142   12.117204390
   -0.666398442    2.094395102   21.766312380   53.350943596   12.480625188
   -0.475998887    2.094395102   32.131056569   53.979256142   13.028600471
   -0.285599332    2.094395102   41.839943848   46.688966398   13.833085176
   -0.095199777    2.094395102   49.545827232   33.387780817   14.633343748
    0.095199777    2.094395102   54.382557065   17.153113401   14.922503745
    0.285599332    2.094395102   56.146737514    1.740795234   14.127962727
    0.475998887    2.094395102   55.362188520   -9.003204071   11.871984671
    0.666398442    2.094395102   53.217949871  -12.186455498    8.193615896
    0.856797996    2.094395102   51.283352784   -6.933752883    3.595287122
    1.047197551    2.094395102   51.035313234    5.023766626   -1.101696768
    1.237597106    2.094395102   53.369959915   19.375033167   -5.105945821
    1.427996661    2.094395102   58.226723420   30.616974701   -7.945191533
    1.618396215    2.094395102   64.537070340   34.016074733   -9.629358513
    1.808795770    2.094395102   70.536880443   27.227605903  -10.563977302
    1.999195325    2.094395102   74.303308514   10.942693522  -11.308863366
    2.189594880    2.094395102   74.310037643  -11.542875801  -12.312108848
    2.379994435    2.094395102   69.829724334  -35.310488512  -13.736887491
    2.570393989    2.094395102   61.119307049  -55.133005952  -15.431069399
    2.760793544    2.094395102   49.366912504  -66.669376777  -17.020166584
    2.951193099    2.094395102   36.423680400  -67.444833120  -18.062200669

   -3.141592654    2.443460953   18.259095146  -57.723170084  -12.524710034
   -2.951193099    2.443460953    8.971162695  -39.118420343  -11.270146355
   -2.760793544    2.443460953    3.498807900  -18.643418667   -9.289401792
   -2.570393989    2.443460953    1.624230072   -2.184980402   -6.730843703
   -2.379994435    2.443460953    2.164972463    6.363356252   -3.725608003
   -2.189594880    2.443460953    3.509627918    6.514038886   -0.307670324
   -1.999195325    2.443460953    4.305825796    1.365422498    3.535812783
   -1.808795770    2.443460953    4.024418224   -3.896479046    7.714854129
   -1.618396215    2.443460953    3.137030711   -4.322441258   11.915041591
   -1.427996661    2.443460953    2.856551722    2.601967553   15.640833782
   -1.237597106    2.443460953    4.552177571   15.993396967   18.413901331
   -1.047197551    2.443460953    9.140069904   32.183334180   19.993869997
   -0.856797996    2.443460953   16.703041234   46.459731138   20.454515841
   -0.666398442    2.443460953   26.473067695   54.818915427   20.065969352
   -0.475998887    2.443460953   37.082755678   55.058346582   19.091299824
   -0.285599332    2.443460953   46.934313268   47.003327568   17.629250146
   -0.095199777    2.443460953   54.568888752   32.183683245   15.559129443
    0.095199777    2.443460953   58.963988689   13.588317607   12.623273084
    0.285599332    2.443460953   59.783041485   -4.653966965    8.595675853
    0.475998887    2.443460953   57.527663328  -17.929761900    3.509416088
    0.666398442    2.443460953   53.530593103  -22.452185505   -2.195935692
    0.856797996    2.443460953   49.653202138  -16.739904825   -7.723195347
    1.047197551    2.443460953   47.722546641   -2.598680632  -12.163674310
    1.237597106    2.443460953   48.901467551   14.941648220  -14.881749823
    1.427996661    2.443460953   53.219260321   29.291582036  -15.753749551
    1.618396215    2.443460953   59.497224672   34.785659739  -15.194453528
    1.808795770    2.443460953   65.729481872   28.666293781  -13.936139024
    1.999195325    2.443460953   69.729539651   11.794364918  -12.713732310
    2.189594880    2.443460953   69.782437595  -11.958137410  -12.010722719
    2.379994435    2.443460953   65.096449126  -36.992881144  -11.954654867
    2.570393989    2.443460953   55.984218829  -57.540843750  -12.357632671
    2.760793544    2.443460953   43.768597177  -68.977511322  -12.845004836
    2.951193099    2.443460953   30.459742972  -68.862194020  -13.004386523

   -3.141592654    2.792526803   15.319792757  -56.580302548    1.249157725
   -2.951193099    2.792526803    6.338410785  -37.052169227    3.255404969
   -2.760793544    2.792526803    1.347523839  -15.675976299    5.201874078
   -2.570393989    2.792526803    0.119170982    1.621918359    7.022793226
   -2.379994435    2.792526803    1.466941116   11.047688299    8.811495778
   -2.189594880    2.792526803    3.798571229   12.218541971   10.829880360
   -1.999195325    2.792526803    5.784728148    8.143969695   13.373560802
   -1.808795770    2.792526803    6.876551948    3.655883030   16.551958068
   -1.618396215    2.792526803    7.444845319    3.259135186   20.121480157
   -1.427996661    2.792526803    8.532111141    9.220799824   23.514092168
   -1.237597106    2.792526803   11.326670815   20.806320338   26.055503370
   -1.047197551    2.792526803   16.623422664   34.792993658   27.244372283
   -0.856797996    2.792526803   24.473947530   46.901039286   26.912898234
   -0.666398442    2.792526803   34.140517044   53.325434000   25.184162387
   -0.475998887    2.792526803   44.295733704   51.788445391   22.316406366
   -0.285599332    2.792526803   53.352835241   41.902731028   18.552084199
   -0.095199777    2.792526803   59.827129395   25.070156863   14.031979916
    0.095199777    2.792526803   62.667919495    4.386554539    8.834649312
    0.285599332    2.792526803   61.560255134  -15.582593934    3.084613862
    0.475998887    2.792526803   57.133488186  -29.586321109   -2.897404902
    0.666398442    2.792526803   50.968091990  -33.279332796   -8.538486404
    0.856797996    2.792526803   45.242492327  -25.051432937  -13.112735224
    1.047197551    2.792526803   42.067237451   -7.229711791  -15.983966939
    1.237597106    2.792526803   42.738552461   14.190515094  -16.891562019
    1.427996661    2.792526803   47.223473324   31.600839884  -16.052204691
    1.618396215    2.792526803   54.119140068   38.714446496  -14.055288835
    1.808795770    2.792526803   61.133509947   32.742654454  -11.599375190
    1.999195325    2.792526803   65.836476248   14.986235345   -9.232553723
    2.189594880    2.792526803   66.375385495  -10.056233749   -7.213892536
    2.379994435    2.792526803   61.935171099  -36.247156482   -5.528903691
    2.570393989    2.792526803   52.889747373  -57.488070962   -4.000637350
    2.760793544    2.792526803   40.665003463  -69.029977869   -2.426891921
    2.951193099    2.792526803   27.379531002  -68.497904949   -0.678299366
