#! FIELDS phi psi file.free der_phi der_psi
#! SET min_phi -pi
#! SET max_phi pi
#! SET nbins_phi  33
#! SET periodic_phi true
#! SET min_psi -pi
#! SET max_psi pi
#! SET nbins_psi  18
#! SET periodic_psi true
   -3.141592654   -3.141592654   17.969317113  -53.387018174   16.843318256
   -2.951193099   -3.141592654    9.547430709  -34.464108932   19.251220559
   -2.760793544   -3.141592654    4.966013377  -13.991983676   20.760109802
   -2.570393989   -3.141592654    3.981863989    2.561274623   21.534358240
   -2.379994435   -3.141592654    5.488484299   11.920825419   22.005652884
   -2.189594880   -3.141592654    8.057481560   13.998055868   22.751977011
   -1.999195325   -3.141592654   10.539535423   11.670131980   24.260761667
   -1.808795770   -3.141592654   12.494939957    9.172908515   26.673273740
   -1.618396215   -3.141592654   14.263477456   10.179285069   29.646009234
   -1.427996661   -3.141592654   16.704923093   16.274354706   32.437583008
   -1.237597106   -3.141592654   20.735126564   26.487899010   34.191109383
   -1.047197551   -3.141592654   26.880703052   37.866460510   34.259609096
   -0.856797996   -3.141592654   35.009417553   46.689383667   32.408514699
   -0.666398442   -3.141592654   44.310919780   49.723004960   28.791018113
   -0.475998887   -3.141592654   53.478580266   45.092733666   23.799970517
   -0.285599332   -3.141592654   61.004046172   32.601709290   17.895552869
   -0.095199777   -3.141592654   65.506147597   13.766859262   11.486838858
    0.095199777   -3.141592654   66.063439968   -8.153886571    4.926550803
    0.285599332   -3.141592654   62.531924436  -28.299107099   -1.435600456
    0.475998887   -3.141592654   55.774628051  -41.105211276   -7.165868574
    0.666398442   -3.141592654   47.649010621  -42.116573087  -11.748156104
    0.856797996   -3.141592654   40.592151355  -30.047735792  -14.691242471
    1.047197551   -3.141592654   36.868008021   -8.006975519  -15.726144194
    1.237597106   -3.141592654   37.754541631   17.067371930  -14.967980476
    1.427996661   -3.141592654   43.035473778   36.838904050  -12.883088194
    1.618396215   -3.141592654   51.030080698   44.781583118  -10.077856236
    1.808795770   -3.141592654   59.173884528   38.378476256   -7.035208241
    1.999195325   -3.141592654   64.850972947   19.529676416   -3.962373587
    2.189594880   -3.141592654   66.145991209   -6.611696563   -0.815396978
    2.379994435   -3.141592654   62.290107129  -33.453914089    2.544341879
    2.570393989   -3.141592654   53.761282178  -54.772149157    6.179114182
    2.760793544   -3.141592654   42.080133106  -66.011506544    9.974901010
    2.951193099   -3.141592654   29.401271158  -65.202091748   13.650439033

   -3.141592654   -2.792526803   25.427047066  -48.976136065   25.234270842
   -2.951193099   -2.792526803   17.656069634  -32.059761704   27.406762701
   -2.760793544   -2.792526803   13.355359076  -13.367992108   28.302132171
   -2.570393989   -2.792526803   12.376499719    2.153044669   28.244105841
   -2.379994435   -2.792526803   13.793335980   11.581943748   27.828092672
   -2.189594880   -2.792526803   16.394984114   14.842852815   27.730345674
   -1.999195325   -2.792526803   19.210341570   14.382840632   28.445201226
   -1.808795770   -2.792526803   21.858607681   13.644696160   30.047687116
   -1.618396215   -2.792526803   24.573233781   15.419989182   32.103705179
   -1.427996661   -2.792526803   27.960842453   20.690570431   33.796357182
   -1.237597106   -2.792526803   32.618263891   28.418444554   34.232798418
   -1.047197551   -2.792526803   38.793957159   36.131288685   32.779008443
   -0.856797996   -2.792526803   46.203799036   40.885030943   29.273130269
   -0.666398442   -2.792526803   54.036757868   40.228853432   24.008934863
   -0.475998887   -2.792526803   61.116654697   32.860018647   17.576039280
   -0.285599332   -2.792526803   66.148466337   18.865453881   10.650571744
   -0.095199777   -2.792526803   67.994117380   -0.183084325    3.825021881
    0.095199777   -2.792526803   65.970543062  -21.121735483   -2.447520851
    0.285599332   -2.792526803   60.147906787  -39.224921499   -7.828759950
    0.475998887   -2.792526803   51.576650563  -49.098141824  -12.021035853
    0.666398442   -2.792526803   42.261302758  -46.539134788  -14.751650268
    0.856797996   -2.792526803   34.720714519  -30.706804995  -15.823718136
    1.047197551   -2.792526803   31.199102327   -5.324282150  -15.237221463
    1.237597106   -2.792526803   32.839077218   22.116666996  -13.265819661
    1.427996661   -2.792526803   39.211379689   43.073531834  -10.387403017
    1.618396215   -2.792526803   48.426740807   51.264391253   -7.080466860
    1.808795770   -2.792526803   57.792065292   44.717266537   -3.629218508
    1.999195325   -2.792526803   64.669490933   25.850748608   -0.050334054
    2.189594880   -2.792526803   67.194250980    0.035015696    3.812405991
    2.379994435   -2.792526803   64.652300428  -26.299473197    8.096973892
    2.570393989   -2.792526803   57.521573831  -47.315916962   12.755282886
    2.760793544   -2.792526803   47.245626621  -58.837939997   17.488061666
    2.951193099   -2.792526803   35.846302550  -59.078811428   21.815759271

   -3.141592654   -2.443460953   34.087481875  -44.350815046   23.016579534
   -2.951193099   -2.443460953   26.977220054  -29.756716138   24.720077765
   -2.760793544   -2.443460953   22.912365966  -13.096880542   25.342461827
   -2.570393989   -2.443460953   21.853977323    1.219064064   25.205745780
   -2.379994435   -2.443460953   23.065344895   10.544193211   24.806408614
   -2.189594880   -2.443460953   25.540196530   14.678840000   24.635885421
   -1.999195325   -2.443460953   28.447802974   15.526431840   24.980682356
   -1.808795770   -2.443460953   31.415736498   15.732470526   25.767006712
   -1.618396215   -2.443460953   34.533822856   17.343991837   26.540310384
   -1.427996661   -2.443460953   38.155211248   20.984525742   26.608200655
   -1.237597106   -2.443460953   42.607483303   25.811330226   25.313741567
   -1.047197551   -2.443460953   47.955180179   30.029686612   22.303645894
   -0.856797996   -2.443460953   53.883949768   31.554493638   17.675903316
   -0.666398442   -2.443460953   59.707184703   28.668286155   11.915556835
   -0.475998887   -2.443460953   64.481965375   20.463973075    5.707425402
   -0.285599332   -2.443460953   67.185078055    7.024166343   -0.282192505
   -0.095199777   -2.443460953   66.918485952  -10.374820479   -5.564777063
    0.095199777   -2.443460953   63.167047131  -28.998954852   -9.868751391
    0.285599332   -2.443460953   56.088138547  -44.513072944  -13.088755920
    0.475998887   -2.443460953   46.758571372  -51.783662791  -15.191603647
    0.666398442   -2.443460953   37.169730579  -46.751651495  -16.159983259
    0.856797996   -2.443460953   29.802379984  -28.723623244  -15.982820787
    1.047197551   -2.443460953   26.829691148   -1.620487614  -14.718501247
    1.237597106   -2.443460953   29.287416235   26.896997643  -12.549440324
    1.427996661   -2.443460953   36.621662861   48.314777005   -9.763996361
    1.618396215   -2.443460953   46.847332081   56.609917561   -6.641579778
    1.808795770   -2.443460953   57.240251415   50.201714894   -3.342862799
    1.999195325   -2.443460953   65.200945396   31.806801348    0.132103805
    2.189594880   -2.443460953   68.934919451    6.815112127    3.877891730
    2.379994435   -2.443460953   67.771407362  -18.630427186    7.948698887
    2.570393989   -2.443460953   62.158797060  -39.148411468   12.242187726
    2.760793544   -2.443460953   53.425712391  -50.961130771   16.461901243
    2.951193099   -2.443460953   43.424080461  -52.440831226   20.187683777

   -3.141592654   -2.094395102   40.359618021  -40.900662311   14.312958820
   -2.951193099   -2.094395102   33.759291524  -27.842671971   15.471112904
   -2.760793544   -2.094395102   29.931877421  -12.445955457   16.024502993
   -2.570393989   -2.094395102   28.918914594    1.151078664   16.150683961
   -2.379994435   -2.094395102   30.097915352   10.364303602   16.058236480
   -2.189594880   -2.094395102   32.562678634   14.789735145   15.885381119
   -1.999195325   -2.094395102   35.519792483   15.884573614   15.625934949
   -1.808795770   -2.094395102   38.537109318   15.759889588   15.102388003
   -1.618396215   -2.094395102   41.552783657   16.066329796   14.020739096
   -1.427996661   -2.094395102   44.725350546   17.411458612   12.085494396
   -1.237597106   -2.094395102   48.228988434   19.392346809    9.145736066
   -1.047197551   -2.094395102   52.092667806   20.979021536    5.289059540
   -0.856797996   -2.094395102   56.119976441   20.853536281    0.850253707
   -0.666398442   -2.094395102   59.860537952   17.748640103   -3.698185032
   -0.475998887   -2.094395102   62.648781653   10.734301172   -7.886304283
   -0.285599332   -2.094395102   63.693629027   -0.543959826  -11.367088062
   -0.095199777   -2.094395102   62.224652170  -15.426018294  -13.981212238
    0.095199777   -2.094395102   57.739016097  -31.719311761  -15.746857664
    0.285599332   -2.094395102   50.324652834  -45.396907118  -16.791155162
    0.475998887   -2.094395102   40.959547670  -51.344070371  -17.259715648
    0.666398442   -2.094395102   31.552501374  -45.312046100  -17.239757633
    0.856797996   -2.094395102   24.543177271  -26.399431276  -16.714432969
    1.047197551   -2.094395102   22.093881682    1.560960077  -15.607053675
    1.237597106   -2.094395102   25.233096723   30.853695697  -13.862486975
    1.427996661   -2.094395102   33.382422794   52.884117731  -11.527318373
    1.618396215   -2.094395102   44.522223038   61.612205426   -8.737776891
    1.808795770   -2.094395102   55.900814479   55.539287923   -5.668630370
    1.999195325   -2.094395102   64.911386062   37.496624932   -2.463408103
    2.189594880   -2.094395102   69.766985693   12.897776011    0.790542806
    2.379994435   -2.094395102   69.794933522  -12.234815169    4.030491279
    2.570393989   -2.094395102   65.408582668  -32.738630698    7.165621540
    2.760793544   -2.094395102   57.859495553  -45.034284502   10.045909121
    2.951193099   -2.094395102   48.896927524  -47.548298307   12.482939497

   -3.141592654   -1.745329252   43.281740284  -38.841105641    5.351341674
   -2.951193099   -1.745329252   36.996624374  -26.594608338    5.918844397
   -2.760793544   -1.745329252   33.334915948  -11.938794344    6.281905823
   -2.570393989   -1.745329252   32.357424107    1.035207821    6.442870277
   -2.379994435   -1.745329252   33.460268312    9.675190472    6.333667198
   -2.189594880   -1.745329252   35.731413549   13.406721795    5.806598026
   -1.999195325   -1.745329252   38.334963118   13.489069483    4.675447234
   -1.808795770   -1.745329252   40.767068429   11.948574936    2.787147947
   -1.618396215   -1.745329252   42.897790939   10.561933029    0.104771303
   -1.427996661   -1.745329252   44.863854137   10.296385934   -3.246332856
   -1.237597106   -1.745329252   46.899244491   11.217539165   -6.975757567
   -1.047197551   -1.745329252   49.177176578   12.684068636  -10.685702763
   -0.856797996   -1.745329252   51.699582664   13.518191910  -13.955221965
   -0.666398442   -1.745329252   54.209023906   12.272511057  -16.450822100
   -0.475998887   -1.745329252   56.172534815    7.588030475  -17.998374920
   -0.285599332   -1.745329252   56.839144623   -1.416347736  -18.613871179
   -0.095199777   -1.745329252   55.383531958  -14.525475440  -18.485210529
    0.095199777   -1.745329252   51.179302523  -29.792418154  -17.913942907
    0.285599332   -1.745329252   44.167325724  -43.202028920  -17.220787609
    0.475998887   -1.745329252   35.200729165  -49.411011173  -16.645787433
    0.666398442   -1.745329252   26.122740372  -43.775597398  -16.265079389
    0.856797996   -1.745329252   19.385661946  -25.008686017  -15.942594580
    1.047197551   -1.745329252   17.223917274    3.275925335  -15.396858897
    1.237597106   -1.745329252   20.755976880   33.309617708  -14.329696078
    1.427996661   -1.745329252   29.461067756   56.259169683  -12.590394892
    1.618396215   -1.745329252   41.324476650   65.785968899  -10.236734140
    1.808795770   -1.745329252   53.550638497   60.198252798   -7.507200550
    1.999195325   -1.745329252   63.467865576   42.298677465   -4.710822498
    2.189594880   -1.745329252   69.230621048   17.581087220   -2.110500628
    2.379994435   -1.745329252   70.126095364   -7.833950779    0.137045299
    2.570393989   -1.745329252   66.542298253  -28.732181157    1.979655329
    2.760793544   -1.745329252   59.709307401  -41.544508305    3.433095602
    2.951193099   -1.745329252   51.351453267  -44.713127047    4.540162747

   -3.141592654   -1.396263402   41.982626077  -39.369967085    2.652187063
   -2.951193099   -1.396263402   35.618545961  -26.873053460    2.597442846
   -2.760793544   -1.396263402   31.936336836  -11.891214779    2.391062875
   -2.570393989   -1.396263402   30.986630511    1.222863611    1.980106603
   -2.379994435   -1.396263402   32.103187338    9.528798899    1.202939853
   -2.189594880   -1.396263402   34.262110382   12.254197084   -0.185785449
   -1.999195325   -1.396263402   36.496326242   10.668573687   -2.419581491
   -1.808795770   -1.396263402   38.200570652    7.108991349   -5.580136298
   -1.618396215   -1.396263402   39.228095124    3.900562698   -9.486053874
   -1.427996661   -1.396263402   39.813379447    2.636677311  -13.686769593
   -1.237597106   -1.396263402   40.394716574    3.835157370  -17.573675575
   -1.047197551   -1.396263402   41.402562591    6.942630462  -20.562489777
   -0.856797996   -1.396263402   43.075069681   10.456762886  -22.253296283
   -0.666398442   -1.396263402   45.295414777   12.301954936  -22.526133701
   -0.475998887   -1.396263402   47.539189039   10.390954907  -21.533043714
   -0.285599332   -1.396263402   48.934456717    3.243898750  -19.635776162
   -0.095199777   -1.396263402   48.445132754   -9.258243891  -17.309794127
    0.095199777   -1.396263402   45.199927538  -25.180696338  -15.034032749
    0.285599332   -1.396263402   38.922505242  -40.214935004  -13.181523536
    0.475998887   -1.396263402   30.332552015  -48.453636705  -11.938360277
    0.666398442   -1.396263402   21.263669342  -44.526121283  -11.270552225
    0.856797996   -1.396263402   14.294354661  -26.506430857  -10.933841046
    1.047197551   -1.396263402   11.876719463    2.287967209  -10.582368970
    1.237597106   -1.396263402   15.356400697   33.859664374   -9.889261937
    1.427996661   -1.396263402   24.351696651   58.744530050   -8.685537950
    1.618396215   -1.396263402   36.850543314   69.849190148   -6.995966507
    1.808795770   -1.396263402   49.933468102   64.953171396   -5.006636636
    1.999195325   -1.396263402   60.742086480   46.744339661   -2.974888185
    2.189594880   -1.396263402   67.260061005   20.972705443   -1.134088790
    2.379994435   -1.396263402   68.673548113   -5.803017072    0.362614752
    2.570393989   -1.396263402   65.353416669  -27.947598650    1.453848827
    2.760793544   -1.396263402   58.579242797  -41.636742623    2.155677425
    2.951193099   -1.396263402   50.156810919  -45.224106267    2.528609263

   -3.141592654   -1.047197551   39.590218226  -40.848792483    3.712595110
   -2.951193099   -1.047197551   32.977732901  -27.996778630    2.374739157
   -2.760793544   -1.047197551   29.111994892  -12.737617124    0.789451823
   -2.570393989   -1.047197551   27.998544605    0.255062339   -0.963286720
   -2.379994435   -1.047197551   28.869721694    7.800263028   -2.942439363
   -2.189594880   -1.047197551   30.572974437    9.098249055   -5.348561721
   -1.999195325   -1.047197551   32.037274028    5.719222249   -8.404300274
   -1.808795770   -1.047197551   32.641105783    0.598367340  -12.157177281
   -1.618396215   -1.047197551   32.347938502   -3.259408600  -16.327339061
   -1.427996661   -1.047197551   31.615895270   -3.797005122  -20.317945657
   -1.237597106   -1.047197551   31.154216117   -0.480579432  -23.400882686
   -1.047197551   -1.047197551   31.621422535    5.683022721  -24.980700266
   -0.856797996   -1.047197551   33.369424112   12.476731076  -24.794544744
   -0.666398442   -1.047197551   36.252466573   17.102870530  -22.977534993
   -0.475998887   -1.047197551   39.596464358   16.945440559  -19.984019790
   -0.285599332   -1.047197551   42.306178362   10.276747736  -16.441766670
   -0.095199777   -1.047197551   43.103254338   -2.969527900  -12.975743462
    0.095199777   -1.047197551   40.908318895  -20.555439344  -10.051785704
    0.285599332   -1.047197551   35.313745938  -37.692323682   -7.879100723
    0.475998887   -1.047197551   27.009936472  -47.911441177   -6.408727814
    0.666398442   -1.047197551   17.904011606  -45.324383735   -5.422946997
    0.856797996   -1.047197551   10.729866546  -27.710049925   -4.641584852
    1.047197551   -1.047197551    8.121710899    1.619089680   -3.842957400
    1.237597106   -1.047197551   11.578712570   34.341441431   -2.892386173
    1.427996661   -1.047197551   20.790526262   60.501289831   -1.760042775
    1.618396215   -1.047197551   33.720042967   72.512801604   -0.477660807
    1.808795770   -1.047197551   47.344959514   67.851029445    0.886339985
    1.999195325   -1.047197551   58.671039310   49.169596396    2.239771726
    2.189594880   -1.047197551   65.563294374   22.417705765    3.468959011
    2.379994435   -1.047197551   67.141383956   -5.523576809    4.442461873
    2.570393989   -1.047197551   63.772447812  -28.692582469    5.025888210
    2.760793544   -1.047197551   56.785865764  -43.050029193    5.114850764
    2.951193099   -1.047197551   48.065995794  -46.860282952    4.663991321

   -3.141592654   -0.698131701   39.297895893  -44.792691873    3.740819539
   -2.951193099   -0.698131701   31.895699781  -32.273549762    1.562348948
   -2.760793544   -0.698131701   27.215060258  -16.977095908   -0.871212258
   -2.570393989   -0.698131701   25.306838172   -3.869615618   -3.424369152
   -2.379994435   -0.698131701   25.383332961    3.506883850   -6.103365527
   -2.189594880   -0.698131701   26.216490910    4.178933769   -9.059946636
   -1.999195325   -0.698131701   26.661564435   -0.065954495  -12.452080971
   -1.808795770   -0.698131701   26.103226343   -5.704755278  -16.218494555
   -1.618396215   -0.698131701   24.636068624   -9.073557358  -19.932711345
   -1.427996661   -0.698131701   22.949977963   -7.778791283  -22.872936429
   -1.237597106   -0.698131701   21.997852094   -1.504987625  -24.302888765
   -1.047197551   -0.698131701   22.592167383    8.048097754  -23.798256711
   -0.856797996   -0.698131701   25.087085578   17.820024964  -21.434556825
   -0.666398442   -0.698131701   29.188295120   24.330065454  -17.744076337
   -0.475998887   -0.698131701   33.974578159   24.617688875  -13.499625457
   -0.285599332   -0.698131701   38.075869835   17.009952583   -9.452029732
   -0.095199777   -0.698131701   39.984831117    1.859190308   -6.100162490
    0.095199777   -0.698131701   38.498081943  -17.937915315   -3.568346066
    0.285599332   -0.698131701   33.216872424  -36.903468860   -1.634140913
    0.475998887   -0.698131701   24.956525429  -48.088718407    0.089226242
    0.666398442   -0.698131701   15.805078603  -45.482681868    1.899131589
    0.856797996   -0.698131701    8.665033564  -27.128794084    3.837951354
    1.047197551   -0.698131701    6.265301933    3.225017037    5.679413258
    1.237597106   -0.698131701   10.117203333   36.821058140    7.119088390
    1.427996661   -0.698131701   19.855112307   63.465616515    7.964223868
    1.618396215   -0.698131701   33.361445022   75.535011933    8.247572879
    1.808795770   -0.698131701   47.539303768   70.584053559    8.179512711
    1.999195325   -0.698131701   59.337179646   51.353444659    8.002880676
    2.189594880   -0.698131701   66.574802573   23.827027337    7.853100186
    2.379994435   -0.698131701   68.329570938   -5.113727241    7.700541257
    2.570393989   -0.698131701   64.928220473  -29.466073808    7.381749086
    2.760793544   -0.698131701   57.674347067  -45.082451586    6.693436947
    2.951193099   -0.698131701   48.456456880  -50.016996050    5.486778983

   -3.141592654   -0.349065850   40.139144677  -49.450791920    3.270351835
   -2.951193099   -0.349065850   31.793567750  -37.438439501    0.298871234
   -2.760793544   -0.349065850   26.114985543  -22.228794672   -2.849388570
   -2.570393989   -0.349065850   23.216157716   -9.016049447   -5.964201644
   -2.379994435   -0.349065850   22.312991141   -1.683835839   -8.990285018
   -2.189594880   -0.349065850   22.127579991   -1.376445679  -12.030730996
   -1.999195325   -0.349065850   21.469851631   -6.059874240  -15.185197315
   -1.808795770   -0.349065850   19.767274558  -11.569717850  -18.310774437
   -1.618396215   -0.349065850   17.289488554  -13.576443611  -20.899174701
   -1.427996661   -0.349065850   14.991471844   -9.480730520  -22.211167987
   -1.237597106   -0.349065850   14.062353774    0.522428662  -21.634608622
   -1.047197551   -0.349065850   15.398087770   13.696120696  -19.035544408
   -0.856797996   -0.349065850   19.227406758   25.921377511  -14.890304315
   -0.666398442   -0.349065850   24.964774926   33.099384247  -10.099363469
   -0.475998887   -0.349065850   31.341811328   32.297447618   -5.628144717
   -0.285599332   -0.349065850   36.704898212   22.461142704   -2.154047222
   -0.095199777   -0.349065850   39.417653151    4.898608458    0.155975555
    0.095199777   -0.349065850   38.333987751  -16.556683137    1.654934092
    0.285599332   -0.349065850   33.259210809  -35.888540209    3.015784486
    0.475998887   -0.349065850   25.256566468  -46.251356617    4.874591180
    0.666398442   -0.349065850   16.581534861  -42.318274232    7.482141701
    0.856797996   -0.349065850   10.146986927  -23.038185368   10.557251595
    1.047197551   -0.349065850    8.539587064    7.263206534   13.421032368
    1.237597106   -0.349065850   13.074675527   39.819753692   15.382569760
    1.427996661   -0.349065850   23.241765196   64.948216238   16.074256975
    1.618396215   -0.349065850   36.894946148   75.665367458   15.593249635
    1.808795770   -0.349065850   51.011706653   69.917978096   14.377487041
    1.999195325   -0.349065850   62.651239358   50.429754626   12.937666125
    2.189594880   -0.349065850   69.708835809   22.867979118   11.609605745
    2.379994435   -0.349065850   71.267729409   -6.264572426   10.448948623
    2.570393989   -0.349065850   67.599588444  -31.188868171    9.273090651
    2.760793544   -0.349065850   59.932640105  -47.750717754    7.802966870
    2.951193099   -0.349065850   50.103544052  -53.764241253    5.817269826

   -3.141592654    0.000000000   41.048735600  -54.566725339    1.577725995
   -2.951193099    0.000000000   31.681137693  -42.967599851   -1.225335611
   -2.760793544    0.000000000   24.943955164  -27.747029027   -3.987361437
   -2.570393989    0.000000000   21.016553958  -14.280229254   -6.582640617
   -2.379994435    0.000000000   19.133558896   -6.732747635   -9.028195070
   -2.189594880    0.000000000   17.994501400   -6.355045009  -11.444122378
   -1.999195325    0.000000000   16.401829115  -10.832353891  -13.875585707
   -1.808795770    0.000000000   13.862529460  -15.410521852  -16.088203809
   -1.618396215    0.000000000   10.836477089  -15.270789864  -17.518615130
   -1.427996661    0.000000000    8.514422597   -7.892482541  -17.484675297
   -1.237597106    0.000000000    8.235298006    5.728313641  -15.573531419
   -1.047197551    0.000000000   10.848623936   21.670473432  -11.947852689
   -0.856797996    0.000000000   16.322132293   34.872208965   -7.368460691
   -0.666398442    0.000000000   23.693401884   40.998608222   -2.871789555
   -0.475998887    0.000000000   31.350517343   37.674066542    0.671977691
   -0.285599332    0.000000000   37.458159316   24.937872703    2.908196898
   -0.095199777    0.000000000   40.422377724    5.276364841    4.120547544
    0.095199777    0.000000000   39.336390916  -16.655455848    5.074977825
    0.285599332    0.000000000   34.338650543  -34.728160110    6.665701746
    0.475998887    0.000000000   26.769826510  -42.779572195    9.467984762
    0.666398442    0.000000000   18.974870739  -36.688328970   13.414653757
    0.856797996    0.000000000   13.722655621  -16.556324988   17.764668142
    1.047197551    0.000000000   13.289742108   12.817789756   21.416695005
    1.237597106    0.000000000   18.675825590   43.040389834   23.437810128
    1.427996661    0.000000000   29.189738121   65.390463680   23.458325632
    1.618396215    0.000000000   42.699181808   73.869684830   21.758842891
    1.808795770    0.000000000   56.343701435   66.947477571   19.040077236
    1.999195325    0.000000000   67.386390208   47.268570500   16.053046211
    2.189594880    0.000000000   73.867762111   20.013712345   13.298771048
    2.379994435    0.000000000   74.911429516   -8.873638346   10.921979573
    2.570393989    0.000000000   70.737977979  -33.975417513    8.781523957
    2.760793544    0.000000000   62.485116972  -51.190452085    6.619754000
    2.951193099    0.000000000   51.917220164  -58.091708065    4.231551014

   -3.141592654    0.349065850   42.666765164  -58.354684748    0.540352618
   -2.951193099    0.349065850   32.541733505  -47.077906718   -1.317662122
   -2.760793544    0.349065850   25.007786602  -31.957214612   -2.975518110
   -2.570393989    0.349065850   20.281029426  -18.447979998   -4.446984554
   -2.379994435    0.349065850   17.608898303  -10.853793635   -5.840443265
   -2.189594880    0.349065850   15.689327241  -10.407282915   -7.289819123
   -1.999195325    0.349065850   13.353779404  -14.485930558   -8.801777615
   -1.808795770    0.349065850   10.216482102  -17.869182141  -10.123342427
   -1.618396215    0.349065850    6.919781822  -15.481516244  -10.760706815
   -1.427996661    0.349065850    4.835606106   -5.119201384  -10.201285889
   -1.237597106    0.349065850    5.363493003   11.315201647   -8.239047668
   -1.047197551    0.349065850    9.217261026   28.826490319   -5.174519740
   -0.856797996    0.349065850   16.055944032   41.734907961   -1.743762965
   -0.666398442    0.349065850   24.567996331   45.903107299    1.241278476
   -0.475998887    0.349065850   32.905263096   39.890661463    3.285185836
   -0.285599332    0.349065850   39.211459367   24.990606170    4.444321346
   -0.095199777    0.349065850   42.098361291    4.724941489    5.304846729
    0.095199777    0.349065850   41.007262911  -15.837393275    6.708098303
    0.285599332    0.349065850   36.425474542  -31.004129833    9.363864746
    0.475998887    0.349065850   29.883017944  -35.790959173   13.470106859
    0.666398442    0.349065850   23.651496688  -27.563967280   18.534485914
    0.856797996    0.349065850   20.168446642   -7.536175237   23.486576829
    1.047197551    0.349065850   21.249956678   19.343908402   27.089065023
    1.237597106    0.349065850   27.507708595   45.531095618   28.463330357
    1.427996661    0.349065850   38.088060572   63.700735579   27.422938158
    1.618396215    0.349065850   50.958267057   69.108436307   24.465119391
    1.808795770    0.349065850   63.537069407   60.809564540   20.473249744
    1.999195325    0.349065850   73.404793883   41.277829090   16.321963017
    2.189594880    0.349065850   78.834124133   15.033855358   12.589188995
    2.379994435    0.349065850   79.040758476  -12.724619928    9.474982222
    2.570393989    0.349065850   74.211605088  -37.111552574    6.892909595
    2.760793544    0.349065850   65.382550549  -54.205640723    4.637963117
    2.951193099    0.349065850   54.214465924  -61.423267206    2.538503822

   -3.141592654    0.698131701   44.124150747  -61.036853739   -0.813731752
   -2.951193099    0.698131701   33.481416806  -49.794021151   -1.424357896
   -2.760793544    0.698131701   25.434924837  -34.591911632   -1.742437226
   -2.570393989    0.698131701   20.220273042  -20.922937371   -1.922936819
   -2.379994435    0.698131701   17.091621758  -13.173136899   -2.142065748
   -2.189594880    0.698131701   14.744338268  -12.563455752   -2.531670307
   -1.999195325    0.698131701   12.026203837  -16.291857391   -3.093637824
   -1.808795770    0.698131701    8.611639803  -18.883961720   -3.658393698
   -1.618396215    0.698131701    5.240127466  -15.172855201   -3.934939251
   -1.427996661    0.698131701    3.365210586   -3.228763394   -3.656680730
   -1.237597106    0.698131701    4.382338261   14.453910143   -2.750641066
   -1.047197551    0.698131701    8.883908625   32.301205147   -1.404501147
   -0.856797996    0.698131701   16.329799025   44.480865719    0.025215384
   -0.666398442    0.698131701   25.239186571   47.291886527    1.253868056
   -0.475998887    0.698131701   33.722086938   40.140450070    2.265456011
   -0.285599332    0.698131701   40.047784664   25.177179966    3.371385271
   -0.095199777    0.698131701   43.083935115    6.361033625    5.100270176
    0.095199777    0.698131701   42.552055546  -11.429976445    7.944193635
    0.285599332    0.698131701   39.120691754  -23.347964520   12.095941696
    0.475998887    0.698131701   34.295855498  -25.636280695   17.247579455
    0.666398442    0.698131701   30.090711958  -16.826579538   22.587782606
    0.856797996    0.698131701   28.513313768    1.326722156   27.003712377
    1.047197551    0.698131701   30.933510274   24.276868753   29.475819320
    1.237597106    0.698131701   37.674740352   45.659222236   29.468633206
    1.427996661    0.698131701   47.853835004   59.560539054   27.114642124
    1.618396215    0.698131701   59.649133235   62.270238253   23.096924396
    1.808795770    0.698131701   70.818138239   53.136418837   18.333822342
    1.999195325    0.698131701   79.267685842   34.245565925   13.642162339
    2.189594880    0.698131701   83.484262897    9.385346897    9.534527259
    2.379994435    0.698131701   82.755580671  -16.944692303    6.198941449
    2.570393989    0.698131701   77.229037647  -40.307424429    3.604297453
    2.760793544    0.698131701   67.846392298  -56.908226617    1.635100812
    2.951193099    0.698131701   56.176300610  -64.032698380    0.185040228

   -3.141592654    1.047197551   42.361222930  -61.794045753   -4.441490589
   -2.951193099    1.047197551   31.678911790  -49.468463452   -3.620983709
   -2.760793544    1.047197551   23.773302473  -33.494117396   -2.450049886
   -2.570393989    1.047197551   18.805931841  -19.495770654   -1.259775210
   -2.379994435    1.047197551   15.944729577  -11.852235017   -0.295621462
   -2.189594880    1.047197551   13.813815770  -11.637692622    0.331110316
   -1.999195325    1.047197551   11.227398202  -15.823954154    0.629939826
   -1.808795770    1.047197551    7.868051422  -18.739611001    0.673355592
   -1.618396215    1.047197551    4.509954521  -15.148226123    0.540332018
   -1.427996661    1.047197551    2.639334177   -3.205238741    0.290875799
   -1.237597106    1.047197551    3.659027162   14.433417679   -0.023913382
   -1.047197551    1.047197551    8.143778587   32.115385525   -0.325673201
   -0.856797996    1.047197551   15.538328722   44.152026404   -0.473071686
   -0.666398442    1.047197551   24.397308394   47.185471404   -0.220911662
   -0.475998887    1.047197551   32.938106780   40.996513047    0.753776166
   -0.285599332    1.047197551   39.591359625   27.909039467    2.776295091
   -0.095199777    1.047197551   43.384806543   11.658836000    6.062992988
    0.095199777    1.047197551   44.118942101   -3.481262555   10.582532777
    0.285599332    1.047197551   42.399757239  -13.517978421   15.964628018
    0.475998887    1.047197551   39.505636576  -15.494108746   21.481564294
    0.666398442    1.047197551   37.102507135   -8.376909455   26.179838756
    0.856797996    1.047197551   36.825784904    6.293491160   29.111854012
    1.047197551    1.047197551   39.776196143   24.811305573   29.656731662
    1.237597106    1.047197551   46.204100669   41.965551169   27.733175591
    1.427996661    1.047197551   55.364356555   52.805149276   23.820970553
    1.618396215    1.047197551   65.708297764   54.044670402   18.738682082
    1.808795770    1.047197551   75.287298362   44.854034686   13.339313083
    1.999195325    1.047197551   82.228846006   26.782197708    8.270027696
    2.189594880    1.047197551   85.131435033    3.061585784    3.897633104
    2.379994435    1.047197551   83.308225512  -22.134969338    0.377001203
    2.570393989    1.047197551   76.894449850  -44.444184391   -2.231625640
    2.760793544    1.047197551   66.823205345  -59.989851070   -3.892736178
    2.951193099    1.047197551   54.671981935  -65.978225231   -4.601803387

   -3.141592654    1.396263402   37.735769350  -60.612544945  -10.172592573
   -2.951193099    1.396263402   27.445160435  -46.628031566   -8.949713908
   -2.760793544    1.396263402   20.180125593  -29.737085627   -7.202019635
   -2.570393989    1.396263402   15.952921823  -15.592346073   -5.269886079
   -2.379994435    1.396263402   13.800897171   -8.379712144   -3.396893045
   -2.189594880    1.396263402   12.262441445   -8.922460560   -1.692354371
   -1.999195325    1.396263402   10.107184967  -14.032262641   -0.195377100
   -1.808795770    1.396263402    6.991509802  -17.994553123    1.023498323
   -1.618396215    1.396263402    3.669009585  -15.532611168    1.819664114
   -1.427996661    1.396263402    1.622341686   -4.645325574    2.047169418
   -1.237597106    1.396263402    2.295586148   12.317199287    1.700961544
   -1.047197551    1.396263402    6.369835663   30.051041906    1.021246933
   -0.856797996    1.396263402   13.452735929   43.108484576    0.472533598
   -0.666398442    1.396263402   22.288805017   48.135044338    0.618002308
   -0.475998887    1.396263402   31.259649314   44.640802773    1.926323824
   -0.285599332    1.396263402   38.883868649   34.445248135    4.614707517
   -0.095199777    1.396263402   44.165273814   20.615813594    8.568456518
    0.095199777    1.396263402   46.749563165    6.754450353   13.327283470
    0.285599332    1.396263402   46.973464675   -3.650160522   18.151346955
    0.475998887    1.396263402   45.779709732   -7.777807109   22.164478506
    0.666398442    1.396263402   44.519661845   -4.270599532   24.576370502
    0.856797996    1.396263402   44.619939882    6.123631801   24.886110140
    1.047197551    1.396263402   47.148500459   20.675866693   23.052004973
    1.237597106    1.396263402   52.496387908   34.986304784   19.474097677
    1.427996661    1.396263402   60.170890417   44.409164506   14.848825772
    1.618396215    1.396263402   68.881061306   45.434627436    9.897577773
    1.808795770    1.396263402   76.858917948   36.707441169    5.156188098
    1.999195325    1.396263402   82.312070598   19.301618715    0.895839071
    2.189594880    1.396263402   83.854834288   -3.734576658   -2.804469877
    2.379994435    1.396263402   80.812259424  -28.100187811   -5.915394181
    2.570393989    1.396263402   73.370191783  -49.193634343   -8.348540255
    2.760793544    1.396263402   62.550357176  -63.009340330   -9.945520020
    2.951193099    1.396263402   50.019272345  -66.898016561  -10.559722680

   -3.141592654    1.745329252   31.662708057  -59.032612375  -16.589368251
   -2.951193099    1.745329252   21.846312206  -43.328335107  -15.519708071
   -2.760793544    1.745329252   15.315395069  -25.460199399  -13.632081523
   -2.570393989    1.745329252   11.935452632  -11.080656203  -11.206512189
   -2.379994435    1.745329252   10.621678904   -4.151311269   -8.470742611
   -2.189594880    1.745329252    9.837136369   -5.272070405   -5.551642308
   -1.999195325    1.745329252    8.303981216  -11.196187863   -2.544242308
   -1.808795770    1.745329252    5.626225915  -16.297611703    0.372131019
   -1.618396215    1.745329252    2.492152454  -15.298654389    2.891002275
   -1.427996661    1.745329252    0.345504004   -5.899888687    4.686991640
   -1.237597106    1.745329252    0.679422772   10.143619622    5.618988293
   -1.047197551    1.745329252    4.343381397   28.130984961    5.875300530
   -0.856797996    1.745329252   11.198570120   42.861586571    5.939902046
   -0.666398442    1.745329252   20.241838275   50.694970448    6.399415654
   -0.475998887    1.745329252   30.007418360   50.419700758    7.688027280
   -0.285599332    1.745329252   39.007206123   42.961057053    9.907767164
   -0.095199777    1.745329252   46.073392322   30.581882472   12.774991192
    0.095199777    1.745329252   50.552922020   16.372146962   15.684582257
    0.285599332    1.745329252   52.425120919    3.743652004   17.868121948
    0.475998887    1.745329252   52.304912373   -4.075105089   18.632076281
    0.666398442    1.745329252   51.337806947   -4.916000427   17.608616562
    0.856797996    1.745329252   50.921303923    1.493759479   14.881875339
    1.047197551    1.745329252   52.280300687   13.263592085   10.976874893
    1.237597106    1.745329252   56.078403887   26.377042508    6.623267381
    1.427996661    1.745329252   62.112234406   35.959729845    2.490406854
    1.618396215    1.745329252   69.292859157   37.874294611   -1.057207409
    1.808795770    1.745329252   75.925069971   30.094049990   -4.012094474
    1.999195325    1.745329252   80.184537002   13.315202902   -6.603728545
    2.189594880    1.745329252   80.622582922   -9.368827058   -9.085596162
    2.379994435    1.745329252   76.543358999  -33.297196813  -11.546801788
    2.570393989    1.745329252   68.188734951  -53.467233660  -13.842019684
    2.760793544    1.745329252   56.695701254  -65.684001508  -15.653189707
    2.951193099    1.745329252   43.848738127  -67.477556468  -16.637398963

   -3.141592654    2.094395102   24.646603812  -58.564083129  -18.825275915
   -2.951193099    2.094395102   15.099960812  -41.014323542  -17.790756351
   -2.760793544    2.094395102    9.156603947  -21.692064389  -15.856173962
   -2.570393989    2.094395102    6.594003885   -6.348282453  -13.237039260
   -2.379994435    2.094395102    6.242271804    1.168929665  -10.124497553
   -2.189594880    2.094395102    6.506888604    0.387045089   -6.620945186
   -1.999195325    2.094395102    6.063085248   -5.476339267   -2.801203592
   -1.808795770    2.094395102    4.445338607  -10.983909322    1.158160300
   -1.618396215    2.094395102    2.238340227  -10.975711683    4.907999362
   -1.427996661    2.094395102    0.786221614   -2.965290981    8.019335754
   -1.237597106    2.094395102    1.552731510   11.815501010   10.199148048
   -1.047197551    2.094395102    5.468363929   29.245805897   11.469657155
   -0.856797996    2.094395102   12.560893072   44.392928672   12.166330282
   -0.666398442    2.094395102   21.999208086   53.392398079   12.748615843
   -0.475998887    2.094395102   32.406687451   54.420893043   13.545353595
   -0.285599332    2.094395102   42.250922624   47.669075762   14.583449121
   -0.095199777    2.094395102   50.189282258   34.805169692   15.550976750
    0.095199777    2.094395102   55.312056056   18.662221485   15.903116279
    0.285599332    2.094395102   57.337193428    2.897656359   15.056627228
    0.475998887    2.094395102   56.712080418   -8.523566205   12.652519314
    0.666398442    2.094395102   54.589750838  -12.418799403    8.768215369
    0.856797996    2.094395102   52.564038344   -7.592744648    3.947376434
    1.047197551    2.094395102   52.188087909    4.421576988   -0.959806962
    1.237597106    2.094395102   54.451318418   19.283181182   -5.151183202
    1.427996661    2.094395102   59.357799932   31.227876084   -8.159582404
    1.618396215    2.094395102   65.839452291   35.136201958  -10.006224128
    1.808795770    2.094395102   72.062309042   28.343318572  -11.104498385
    1.999195325    2.094395102   75.993563217   11.464023707  -12.011769482
    2.189594880    2.094395102   76.011158412  -11.985346839  -13.160331516
    2.379994435    2.094395102   71.354020162  -36.687478969  -14.686190249
    2.570393989    2.094395102   62.321817123  -57.052259068  -16.408856574
    2.760793544    2.094395102   50.196094744  -68.582355228  -17.938410227
    2.951193099    2.094395102   36.926752594  -68.904964044  -18.844537212

   -3.141592654    2.443460953   18.295628478  -58.215425582  -13.228869178
   -2.951193099    2.443460953    8.962279646  -39.149012651  -11.808344428
   -2.760793544    2.443460953    3.506430254  -18.491669940   -9.731404786
   -2.570393989    2.443460953    1.659888931   -2.077350370   -7.151597153
   -2.379994435    2.443460953    2.209193203    6.341806214   -4.174843050
   -2.189594880    2.443460953    3.540342033    6.406203381   -0.796282415
   -1.999195325    2.443460953    4.316587023    1.280147106    3.029314664
   -1.808795770    2.443460953    4.029188253   -3.862058928    7.229698181
   -1.618396215    2.443460953    3.163304598   -4.138476977   11.497114216
   -1.427996661    2.443460953    2.930354406    2.900471983   15.339096951
   -1.237597106    2.443460953    4.688829592   16.339496124   18.283448947
   -1.047197551    2.443460953    9.344156847   32.540072849   20.093131338
   -0.856797996    2.443460953   16.979887771   46.879063572   20.832449983
   -0.666398442    2.443460953   26.846757921   55.439785694   20.740346105
   -0.475998887    2.443460953   37.606256849   56.025789808   20.028716426
   -0.285599332    2.443460953   47.678853037   48.339793216   18.738458242
   -0.095199777    2.443460953   55.590565835   33.704344971   16.706659899
    0.095199777    2.443460953   60.265286563   14.929546671   13.667813481
    0.285599332    2.443460953   61.291327374   -3.882274192    9.428037731
    0.475998887    2.443460953   59.109241909  -17.950833094    4.080316547
    0.666398442    2.443460953   55.036373427  -23.194093298   -1.872731591
    0.856797996    2.443460953   50.976028987  -17.846937995   -7.593621005
    1.047197551    2.443460953   48.839771546   -3.570648312  -12.170599355
    1.237597106    2.443460953   49.882459004   14.531668476  -14.996867411
    1.427996661    2.443460953   54.191183015   29.597017349  -15.990050421
    1.618396215    2.443460953   60.581439895   35.590222340  -15.594001722
    1.808795770    2.443460953   66.976016887   29.464047612  -14.542447158
    1.999195325    2.443460953   71.082747613   12.031299253  -13.543207863
    2.189594880    2.443460953   71.099515152  -12.599443231  -13.035310086
    2.379994435    2.443460953   66.211023679  -38.432854754  -13.100482413
    2.570393989    2.443460953   56.780499135  -59.358070737  -13.520380586
    2.760793544    2.443460953   44.225917052  -70.637797174  -13.916781154
    2.951193099    2.443460953   30.648616646  -69.984037262  -13.905617971

   -3.141592654    2.792526803   15.160174262  -56.819244847    1.010987063
   -2.951193099    2.792526803    6.171136805  -36.946965213    3.161460125
   -2.760793544    2.792526803    1.209715904  -15.521152338    5.167989195
   -2.570393989    2.792526803    0.000000000    1.637605485    6.973142794
   -2.379994435    2.792526803    1.334959787   10.905000663    8.704092279
   -2.189594880    2.792526803    3.632433749   12.022817965   10.664738368
   -1.999195325    2.792526803    5.588717237    8.046832160   13.184074039
   -1.808795770    2.792526803    6.681572177    3.779053459   16.390937287
   -1.618396215    2.792526803    7.299305835    3.649697442   20.050473414
   -1.427996661    2.792526803    8.486053061    9.860701182   23.597390407
   -1.237597106    2.792526803   11.422015745   21.634985608   26.356914511
   -1.047197551    2.792526803   16.889984407   35.749716416   27.815920312
   -0.856797996    2.792526803   24.933500586   47.967529887   27.776434426
   -0.666398442    2.792526803   34.815675718   54.525142028   26.310623874
   -0.475998887    2.792526803   45.213753154   53.132949103   23.615663459
   -0.285599332    2.792526803   54.535731523   43.310243514   19.883512630
   -0.095199777    2.792526803   61.268558157   26.327345366   15.238631713
    0.095199777    2.792526803   64.311715482    5.198728970    9.789690557
    0.285599332    2.792526803   63.296272749  -15.459065892    3.731126363
    0.475998887    2.792526803   58.821603817  -30.205840168   -2.532386951
    0.666398442    2.792526803   52.481697462  -34.445668133   -8.363600767
    0.856797996    2.792526803   46.512375536  -26.375800578  -13.018114667
    1.047197551    2.792526803   43.105619821   -8.273020337  -15.893596658
    1.237597106    2.792526803   43.631980082   13.739641691  -16.796823764
    1.427996661    2.792526803   48.094101064   31.789174658  -16.011519693
    1.618396215    2.792526803   55.068178593   39.279479978  -14.160095312
    1.808795770    2.792526803   62.189410504   33.209141683  -11.924925630
    1.999195325    2.792526803   66.933757850   14.886675508   -9.797882375
    2.189594880    2.792526803   67.379928500  -10.939042675   -7.968380948
    2.379994435    2.792526803   62.706313126  -37.761794588   -6.367290887
    2.570393989    2.792526803   53.346135315  -59.195638036   -4.797282554
    2.760793544    2.792526803   40.817784563  -70.440406672   -3.074529471
    2.951193099    2.792526803   27.317987386  -69.318725613   -1.118879150
