#! FIELDS phi psi file.free der_phi der_psi
#! SET min_phi -pi
#! SET max_phi pi
#! SET nbins_phi  33
#! SET periodic_phi true
#! SET min_psi -pi
#! SET max_psi pi
#! SET nbins_psi  18
#! SET periodic_psi true
   -3.141592654   -3.141592654   18.815299635  -54.747901009   15.415902309
   -2.951193099   -3.141592654   10.086745311  -36.180340405   17.858908246
   -2.760793544   -3.141592654    5.201943227  -15.346353917   19.539531103
   -2.570393989   -3.141592654    4.027829136    1.964317970   20.546863242
   -2.379994435   -3.141592654    5.490342818   12.020530337   21.228842272
   -2.189594880   -3.141592654    8.113638279   14.397983895   22.094063444
   -1.999195325   -3.141592654   10.658620095   11.861756000   23.586776534
   -1.808795770   -3.141592654   12.596217421    8.749701665   25.832582062
   -1.618396215   -3.141592654   14.208233169    8.959556793   28.495609912
   -1.427996661   -3.141592654   16.342003426   14.303721526   30.861425002
   -1.237597106   -3.141592654   19.939337309   23.966137588   32.116723460
   -1.047197551   -3.141592654   25.572073549   35.059280545   31.681356894
   -0.856797996   -3.141592654   33.158662074   43.853691158   29.410797732
   -0.666398442   -3.141592654   41.936291785   47.107191148   25.563909806
   -0.475998887   -3.141592654   50.649954002   43.008205566   20.629852932
   -0.285599332   -3.141592654   57.861385309   31.479335180   15.117198495
   -0.095199777   -3.141592654   62.279217667   14.093033092    9.399255611
    0.095199777   -3.141592654   63.064665893   -6.038882096    3.697473913
    0.285599332   -3.141592654   60.104751504  -24.448706583   -1.836750520
    0.475998887   -3.141592654   54.203398348  -36.091251617   -6.967390064
    0.666398442   -3.141592654   47.066159944  -36.922897820  -11.295680898
    0.856797996   -3.141592654   40.927477588  -25.754187819  -14.315137239
    1.047197551   -3.141592654   37.865145953   -5.438388553  -15.615341539
    1.237597106   -3.141592654   39.046545140   17.604071188  -15.116792561
    1.427996661   -3.141592654   44.254853452   35.647445856  -13.136827010
    1.618396215   -3.141592654   51.919396170   42.682232772  -10.250987555
    1.808795770   -3.141592654   59.660861879   36.437586938   -7.033180028
    1.999195325   -3.141592654   65.057825937   18.650226958   -3.839335924
    2.189594880   -3.141592654   66.319094413   -6.086803794   -0.743706196
    2.379994435   -3.141592654   62.671913716  -31.902189970    2.364161480
    2.570393989   -3.141592654   54.466540972  -53.087757840    5.611518800
    2.760793544   -3.141592654   43.042641024  -65.112939072    9.001184474
    2.951193099   -3.141592654   30.418058187  -65.536667094   12.366502039

   -3.141592654   -2.792526803   25.737177556  -49.997320077   23.303285220
   -2.951193099   -2.792526803   17.743589525  -33.257022315   25.702575165
   -2.760793544   -2.792526803   13.244075950  -14.167308188   26.882515970
   -2.570393989   -2.792526803   12.174376782    2.023191913   27.082612975
   -2.379994435   -2.792526803   13.620436239   11.974294212   26.835520059
   -2.189594880   -2.792526803   16.310728885   15.305607965   26.783022806
   -1.999195325   -2.792526803   19.176412302   14.375811236   27.409578905
   -1.808795770   -2.792526803   21.743355797   12.752488999   28.799812404
   -1.618396215   -2.792526803   24.188159695   13.486458484   30.547295835
   -1.427996661   -2.792526803   27.114503688   17.835218569   31.881808761
   -1.237597106   -2.792526803   31.164996768   24.980658706   31.971513255
   -1.047197551   -2.792526803   36.665752148   32.573321797   30.257868927
   -0.856797996   -2.792526803   43.424135253   37.688129976   26.656089976
   -0.666398442   -2.792526803   50.717417938   37.833177494   21.524980571
   -0.475998887   -2.792526803   57.448339744   31.658910074   15.483755322
   -0.285599332   -2.792526803   62.391719889   19.197512778    9.178602646
   -0.095199777   -2.792526803   64.463574231    1.889970331    3.098881740
    0.095199777   -2.792526803   62.997008214  -17.370740768   -2.464315409
    0.285599332   -2.792526803   58.014584897  -34.246175056   -7.348212646
    0.475998887   -2.792526803   50.444514971  -43.707272664  -11.377607129
    0.666398442   -2.792526803   42.116436941  -41.710233984  -14.292864061
    0.856797996   -2.792526803   35.372748914  -27.263535697  -15.788508965
    1.047197551   -2.792526803   32.335174069   -3.708113593  -15.676655829
    1.237597106   -2.792526803   34.106842028   21.932971879  -14.051124828
    1.427996661   -2.792526803   40.304453008   41.531875157  -11.300082133
    1.618396215   -2.792526803   49.152487205   49.090301461   -7.938821076
    1.808795770   -2.792526803   58.109372679   42.742447027   -4.384193041
    1.999195325   -2.792526803   64.686121657   24.761646668   -0.800673928
    2.189594880   -2.792526803   67.113498579    0.104717669    2.887872619
    2.379994435   -2.792526803   64.677250217  -25.344696072    6.844961811
    2.570393989   -2.792526803   57.758497174  -46.168170561   11.131960032
    2.760793544   -2.792526803   47.658629355  -58.228904300   15.580354645
    2.951193099   -2.792526803   36.289555628  -59.370794502   19.800260068

   -3.141592654   -2.443460953   33.863113244  -44.929481263   21.789390544
   -2.951193099   -2.443460953   26.625237161  -30.426660414   23.744684984
   -2.760793544   -2.443460953   22.458224631  -13.430602260   24.598578405
   -2.570393989   -2.443460953   21.383615180    1.395139993   24.616692866
   -2.379994435   -2.443460953   22.663572029   11.041152587   24.274838631
   -2.189594880   -2.443460953   25.227268675   15.041885690   24.069297945
   -1.999195325   -2.443460953   28.148309429   15.236742086   24.301352542
   -1.808795770   -2.443460953   30.967187566   14.419875885   24.915265684
   -1.618396215   -2.443460953   33.728269093   14.930528219   25.482927523
   -1.427996661   -2.443460953   36.800149577   17.700560463   25.355340686
   -1.237597106   -2.443460953   40.579648632   22.134231956   23.932032939
   -1.047197551   -2.443460953   45.235558242   26.552964537   20.924605285
   -0.856797996   -2.443460953   50.566672618   28.850866080   16.481702021
   -0.666398442   -2.443460953   55.984998620   27.187644539   11.107990567
   -0.475998887   -2.443460953   60.618054660   20.497892131    5.457488088
   -0.285599332   -2.443460953   63.481812556    8.692315482    0.107407162
   -0.095199777   -2.443460953   63.682192572   -7.160944018   -4.592113779
    0.095199777   -2.443460953   60.662631882  -24.594924904   -8.521121506
    0.285599332   -2.443460953   54.486085520  -39.550205276  -11.685952983
    0.475998887   -2.443460953   46.090020294  -47.067038532  -14.073112018
    0.666398442   -2.443460953   37.313355862  -43.037850419  -15.573353586
    0.856797996   -2.443460953   30.515732077  -26.489363718  -16.003900655
    1.047197551   -2.443460953   27.815682077   -0.969173695  -15.239625508
    1.237597106   -2.443460953   30.261756169   26.186303718  -13.346032005
    1.427996661   -2.443460953   37.362883791   46.665254645  -10.603938987
    1.618396215   -2.443460953   47.225772460   54.548177767   -7.385841558
    1.808795770   -2.443460953   57.231789251   48.299197463   -3.992331733
    1.999195325   -2.443460953   64.885955487   30.566506635   -0.537601016
    2.189594880   -2.443460953   68.469485887    6.491358568    3.039169614
    2.379994435   -2.443460953   67.323914717  -18.169742933    6.848472913
    2.570393989   -2.443460953   61.836225334  -38.384629622   10.899077195
    2.760793544   -2.443460953   53.230363699  -50.460911403   14.998338739
    2.951193099   -2.443460953   43.268786560  -52.524699723   18.772090478

   -3.141592654   -2.094395102   39.973582475  -41.132826191   14.294515618
   -2.951193099   -2.094395102   33.308509884  -28.219829596   15.592732492
   -2.760793544   -2.094395102   29.422254094  -12.626102339   16.214781029
   -2.570393989   -2.094395102   28.407493426    1.327605778   16.326945816
   -2.379994435   -2.094395102   29.643286654   10.744897346   16.163421364
   -2.189594880   -2.094395102   32.167278791   14.965749999   15.902784211
   -1.999195325   -2.094395102   35.098526924   15.374075539   15.570414430
   -1.808795770   -2.094395102   37.924442468   14.229266204   15.004048878
   -1.618396215   -2.094395102   40.546406608   13.498506558   13.917448290
   -1.427996661   -2.094395102   43.153318970   14.127586815   12.030627717
   -1.237597106   -2.094395102   46.007561543   15.978758207    9.216719591
   -1.047197551   -2.094395102   49.261376820   18.106988856    5.593231168
   -0.856797996   -2.094395102   52.839672800   19.099173763    1.506757793
   -0.666398442   -2.094395102   56.381414796   17.456211966   -2.590594694
   -0.475998887   -2.094395102   59.260656730   11.981645794   -6.294499036
   -0.285599332   -2.094395102   60.677350972    2.079824978   -9.363634124
   -0.095199777   -2.094395102   59.810676904  -11.785307240  -11.761524584
    0.095199777   -2.094395102   56.073618787  -27.580170963  -13.602842597
    0.285599332   -2.094395102   49.445757885  -41.363924908  -15.038597185
    0.475998887   -2.094395102   40.790496376  -47.993036632  -16.137859361
    0.666398442   -2.094395102   31.922618722  -43.035853180  -16.825624889
    0.856797996   -2.094395102   25.231820353  -25.313582883  -16.898535318
    1.047197551   -2.094395102   22.883362138    1.575300619  -16.142855888
    1.237597106   -2.094395102   25.941070643   30.029669473  -14.469574738
    1.427996661   -2.094395102   33.872853535   51.471960560  -11.995259893
    1.618396215   -2.094395102   44.707805193   59.878005342   -8.985461060
    1.808795770   -2.094395102   55.751705673   53.829346675   -5.742184231
    1.999195325   -2.094395102   64.470079430   36.212057734   -2.482515573
    2.189594880   -2.094395102   69.146744738   12.339151991    0.707825342
    2.379994435   -2.094395102   69.141245606  -12.047480436    3.829112063
    2.570393989   -2.094395102   64.837483265  -32.120968298    6.876888718
    2.760793544   -2.094395102   57.408007706  -44.460967089    9.763065475
    2.951193099   -2.094395102   48.519204349  -47.364900298   12.306118473

   -3.141592654   -1.745329252   43.092007217  -39.006705597    5.988476346
   -2.951193099   -1.745329252   36.745707827  -27.008420908    6.539206145
   -2.760793544   -1.745329252   33.007502420  -12.261771387    6.803803790
   -2.570393989   -1.745329252   31.995089389    1.019526124    6.816457288
   -2.379994435   -1.745329252   33.119917820    9.895351996    6.572286973
   -2.189594880   -1.745329252   35.427873278   13.515624873    5.987989570
   -1.999195325   -1.745329252   38.004027540   13.031211748    4.913981203
   -1.808795770   -1.745329252   40.266798120   10.597307417    3.195853014
   -1.618396215   -1.745329252   42.050907713    8.314172342    0.768570186
   -1.427996661   -1.745329252   43.527856715    7.500721696   -2.273851718
   -1.237597106   -1.745329252   45.025112316    8.488740089   -5.663425071
   -1.047197551   -1.745329252   46.841675343   10.679615807   -9.009934846
   -0.856797996   -1.745329252   49.091718707   12.731783018  -11.905198962
   -0.666398442   -1.745329252   51.583863467   12.886471395  -14.047640745
   -0.475998887   -1.745329252   53.788201731    9.465212472  -15.327284040
   -0.285599332   -1.745329252   54.902917488    1.346497968  -15.847481235
   -0.095199777   -1.745329252   54.017479705  -11.373334760  -15.878770915
    0.095199777   -1.745329252   50.408616564  -26.757078030  -15.757247105
    0.285599332   -1.745329252   43.928821967  -40.688848184  -15.755017380
    0.475998887   -1.745329252   35.369814232  -47.648824544  -15.974812069
    0.666398442   -1.745329252   26.552748171  -42.774559067  -16.305481489
    0.856797996   -1.745329252   19.944185182  -24.614020803  -16.447550011
    1.047197551   -1.745329252   17.813698635    3.240109767  -16.045386735
    1.237597106   -1.745329252   21.304479099   32.917638870  -14.840468993
    1.427996661   -1.745329252   29.898260201   55.482768585  -12.804067225
    1.618396215   -1.745329252   41.575054568   64.621293833  -10.134409278
    1.808795770   -1.745329252   53.554647545   58.830921355   -7.171435282
    1.999195325   -1.745329252   63.220295458   41.107426249   -4.259496538
    2.189594880   -1.745329252   68.804191264   16.951436809   -1.636608358
    2.379994435   -1.745329252   69.647152184   -7.752750679    0.597125791
    2.570393989   -1.745329252   66.130882843  -28.153784921    2.444675629
    2.760793544   -1.745329252   59.419411267  -40.914093972    3.945851866
    2.951193099   -1.745329252   51.152134742  -44.424606145    5.126007614

   -3.141592654   -1.396263402   42.159162778  -39.725186881    3.035645835
   -2.951193099   -1.396263402   35.685973030  -27.596135169    2.942236456
   -2.760793544   -1.396263402   31.861220078  -12.582894133    2.619783819
   -2.570393989   -1.396263402   30.809013277    0.886506288    2.052772068
   -2.379994435   -1.396263402   31.900410400    9.592416431    1.152356862
   -2.189594880   -1.396263402   34.088920347   12.453758919   -0.249522694
   -1.999195325   -1.396263402   36.339227961   10.576639546   -2.339206927
   -1.808795770   -1.396263402   37.968334674    6.372834954   -5.200553058
   -1.618396215   -1.396263402   38.785342852    2.456436521   -8.697398526
   -1.427996661   -1.396263402   39.046295907    0.754381786  -12.443042197
   -1.237597106   -1.396263402   39.266997930    2.044939394  -15.888751087
   -1.047197551   -1.396263402   39.986755007    5.801613146  -18.489221433
   -0.856797996   -1.396263402   41.534914524   10.340871525  -19.873269707
   -0.666398442   -1.396263402   43.836582238   13.258196906  -19.951253350
   -0.475998887   -1.396263402   46.344666828   12.153492536  -18.920439186
   -0.285599332   -1.396263402   48.115589742    5.353127087  -17.195322872
   -0.095199777   -1.396263402   48.020965093   -7.282096363  -15.286318430
    0.095199777   -1.396263402   45.108640326  -23.688900710  -13.654313566
    0.285599332   -1.396263402   39.056916299  -39.320432398  -12.580939977
    0.475998887   -1.396263402   30.587718312  -48.025294195  -12.099056255
    0.666398442   -1.396263402   21.578135554  -44.270327826  -12.007512521
    0.856797996   -1.396263402   14.662774893  -26.148515404  -11.947993556
    1.047197551   -1.396263402   12.329500536    2.810489717  -11.559793838
    1.237597106   -1.396263402   15.908574234   34.331962831  -10.599959509
    1.427996661   -1.396263402   24.959885719   58.813490118   -9.037220721
    1.618396215   -1.396263402   37.411908441   69.285049293   -7.024536256
    1.808795770   -1.396263402   50.332669079   63.876142141   -4.822550752
    1.999195325   -1.396263402   60.920156283   45.603799806   -2.698913172
    2.189594880   -1.396263402   67.256173486   20.282739225   -0.849927240
    2.379994435   -1.396263402   68.604005500   -5.784757049    0.626901081
    2.570393989   -1.396263402   65.342962421  -27.394321079    1.717545810
    2.760793544   -1.396263402   58.687361720  -41.022766872    2.455675373
    2.951193099   -1.396263402   50.348154473  -45.010199989    2.883130620

   -3.141592654   -1.047197551   40.197473541  -41.425236302    3.250230230
   -2.951193099   -1.047197551   33.421371736  -29.067535923    2.068008191
   -2.760793544   -1.047197551   29.338589002  -13.849120817    0.521440318
   -2.570393989   -1.047197551   28.044411233   -0.460085866   -1.291892116
   -2.379994435   -1.047197551   28.833537911    7.668349452   -3.356505863
   -2.189594880   -1.047197551   30.556309678    9.401983627   -5.776175992
   -1.999195325   -1.047197551   32.088919027    6.069862917   -8.699359397
   -1.808795770   -1.047197551   32.730123094    0.584394491  -12.154448048
   -1.618396215   -1.047197551   32.380043731   -3.837028683  -15.900965215
   -1.427996661   -1.047197551   31.489270558   -4.832538185  -19.419316037
   -1.237597106   -1.047197551   30.814630090   -1.584655450  -22.065675444
   -1.047197551   -1.047197551   31.101031652    4.970386326  -23.309040781
   -0.856797996   -1.047197551   32.777025356   12.476073953  -22.927881878
   -0.666398442   -1.047197551   35.730620891   17.826574342  -21.080085949
   -0.475998887   -1.047197551   39.259829957   18.108560758  -18.234685835
   -0.285599332   -1.047197551   42.196740468   11.432360230  -15.024517944
   -0.095199777   -1.047197551   43.178761966   -2.222982222  -12.058292238
    0.095199777   -1.047197551   41.068907494  -20.402487808   -9.748278731
    0.285599332   -1.047197551   35.453544288  -38.005586409   -8.208791697
    0.475998887   -1.047197551   27.073021086  -48.312038827   -7.272015906
    0.666398442   -1.047197551   17.918619115  -45.355023190   -6.614716635
    0.856797996   -1.047197551   10.797402456  -27.088541673   -5.908514054
    1.047197551   -1.047197551    8.365235019    2.806784426   -4.965826493
    1.237597106   -1.047197551   12.067839898   35.644378177   -3.755322383
    1.427996661   -1.047197551   21.491637317   61.348835033   -2.376863825
    1.618396215   -1.047197551   34.506716876   72.550640746   -0.964107219
    1.808795770   -1.047197551   48.064869615   67.179470092    0.376691190
    1.999195325   -1.047197551   59.231559848   48.283383503    1.584198816
    2.189594880   -1.047197551   65.980565404   21.889438239    2.623514202
    2.379994435   -1.047197551   67.518169416   -5.398007160    3.455295016
    2.570393989   -1.047197551   64.224533993  -28.077746382    4.014706304
    2.760793544   -1.047197551   57.362873113  -42.437003718    4.216544970
    2.951193099   -1.047197551   48.717763399  -46.742055900    3.975827261

   -3.141592654   -0.698131701   39.891992598  -44.849309857    2.979242538
   -2.951193099   -0.698131701   32.406754254  -33.035244982    1.151883878
   -2.760793544   -0.698131701   27.543595020  -18.029539108   -1.090373391
   -2.570393989   -0.698131701   25.448239430   -4.686904029   -3.611650651
   -2.379994435   -0.698131701   25.421411730    3.285494514   -6.344945540
   -2.189594880   -0.698131701   26.272341232    4.577290460   -9.333518294
   -1.999195325   -0.698131701   26.829112969    0.648979399  -12.645685671
   -1.808795770   -0.698131701   26.401064702   -5.124129643  -16.191250769
   -1.618396215   -0.698131701   25.001124691   -8.971951978  -19.583461890
   -1.427996661   -0.698131701   23.279024926   -8.235114716  -22.186904628
   -1.237597106   -0.698131701   22.202319329   -2.278823725  -23.356799316
   -1.047197551   -0.698131701   22.648747884    7.346423320  -22.730761125
   -0.856797996   -0.698131701   25.043615393   17.521685298  -20.403640690
   -0.666398442   -0.698131701   29.133889226   24.509032640  -16.891158443
   -0.475998887   -0.698131701   33.984557699   25.071039699  -12.931255974
   -0.285599332   -0.698131701   38.169052569   17.377482210   -9.235172484
   -0.095199777   -0.698131701   40.112744633    1.831998492   -6.262047493
    0.095199777   -0.698131701   38.573306443  -18.441077052   -4.093809107
    0.285599332   -0.698131701   33.165987106  -37.651352687   -2.461399905
    0.475998887   -0.698131701   24.773643019  -48.626757697   -0.934920840
    0.666398442   -0.698131701   15.577189602  -45.343453326    0.806856940
    0.856797996   -0.698131701    8.545930940  -26.110412339    2.793458607
    1.047197551   -0.698131701    6.407280454    4.880894402    4.742150770
    1.237597106   -0.698131701   10.586009554   38.480568934    6.267279368
    1.427996661   -0.698131701   20.581377220   64.417575800    7.101383160
    1.618396215   -0.698131701   34.164551059   75.379383765    7.242008764
    1.808795770   -0.698131701   48.214638464   69.484887993    6.919169129
    1.999195325   -0.698131701   59.760904053   49.955738005    6.442152526
    2.189594880   -0.698131701   66.764572890   22.887872245    6.037217905
    2.379994435   -0.698131701   68.422965328   -5.143795466    5.763041947
    2.570393989   -0.698131701   65.098031074  -28.682114843    5.514078084
    2.760793544   -0.698131701   58.029621417  -44.021247979    5.091875869
    2.951193099   -0.698131701   48.987364201  -49.318922886    4.289460374

   -3.141592654   -0.349065850   40.537073089  -48.517038070    2.417080812
   -2.951193099   -0.349065850   32.274745862  -37.472999645   -0.024221547
   -2.760793544   -0.349065850   26.517491715  -22.920739023   -2.849250838
   -2.570393989   -0.349065850   23.468528749   -9.783340157   -5.850771344
   -2.379994435   -0.349065850   22.455686663   -1.987141904   -8.898024776
   -2.189594880   -0.349065850   22.276441806   -0.989351451  -11.982623467
   -1.999195325   -0.349065850   21.745804277   -5.164125237  -15.114009445
   -1.808795770   -0.349065850   20.226154559  -10.631651451  -18.120655800
   -1.618396215   -0.349065850   17.890193148  -13.079488749  -20.532955224
   -1.427996661   -0.349065850   15.620546224   -9.686673497  -21.692952549
   -1.237597106   -0.349065850   14.589159906   -0.283966867  -21.065943713
   -1.047197551   -0.349065850   15.740284217   12.644797993  -18.557808407
   -0.856797996   -0.349065850   19.377910238   25.030580168  -14.631858905
   -0.666398442   -0.349065850   24.979353614   32.585924463  -10.135607939
   -0.475998887   -0.349065850   31.291912027   32.114989823   -5.966454255
   -0.285599332   -0.349065850   36.632684773   22.372457411   -2.743700955
   -0.095199777   -0.349065850   39.315990857    4.658172074   -0.599166914
    0.095199777   -0.349065850   38.162761022  -17.028741924    0.831020296
    0.285599332   -0.349065850   32.987355869  -36.412532786    2.212884123
    0.475998887   -0.349065850   24.907026829  -46.459509687    4.161300279
    0.666398442   -0.349065850   16.251224417  -41.851487587    6.890771766
    0.856797996   -0.349065850    9.978313048  -21.810393089   10.066904214
    1.047197551   -0.349065850    8.652314735    8.910094095   12.943764435
    1.237597106   -0.349065850   13.486503416   41.191869349   14.771160461
    1.427996661   -0.349065850   23.829665651   65.338813503   15.154797406
    1.618396215   -0.349065850   37.432202913   74.750312591   14.217559731
    1.808795770   -0.349065850   51.268032945   67.995292774   12.476160646
    1.999195325   -0.349065850   62.506445059   48.313079855   10.552649447
    2.189594880   -0.349065850   69.216860700   21.485051500    8.897339240
    2.379994435   -0.349065850   70.632052731   -6.331139177    7.655363558
    2.570393989   -0.349065850   67.077151885  -29.981889717    6.683319150
    2.760793544   -0.349065850   59.715879601  -45.872001606    5.675481335
    2.951193099   -0.349065850   50.241937703  -52.036809312    4.315476865

   -3.141592654    0.000000000   41.176919582  -52.385665080    0.916431624
   -2.951193099    0.000000000   32.101202916  -42.087343747   -1.362378078
   -2.760793544    0.000000000   25.418557782  -27.956836550   -3.809594904
   -2.570393989    0.000000000   21.395523304  -14.934414695   -6.290086115
   -2.379994435    0.000000000   19.403066958   -7.113159321   -8.748201388
   -2.189594880    0.000000000   18.253359138   -6.041870313  -11.208598944
   -1.999195325    0.000000000   16.783957995   -9.896683811  -13.646815743
   -1.808795770    0.000000000   14.445721025  -14.335852956  -15.813617062
   -1.618396215    0.000000000   11.587751400  -14.661825856  -17.183679876
   -1.427996661    0.000000000    9.301520335   -8.154151393  -17.138722291
   -1.237597106    0.000000000    8.886296106    4.614769480  -15.312575238
   -1.047197551    0.000000000   11.233946168   20.088632328  -11.873946127
   -0.856797996    0.000000000   16.402986886   33.355650588   -7.542153659
   -0.666398442    0.000000000   23.523797903   39.938854819   -3.286995222
   -0.475998887    0.000000000   31.032498678   37.177470893    0.084151032
   -0.285599332    0.000000000   37.087093670   24.846339419    2.251980307
   -0.095199777    0.000000000   40.050604810    5.330458214    3.501838733
    0.095199777    0.000000000   38.972581358  -16.628067573    4.575408053
    0.285599332    0.000000000   33.977838637  -34.688936444    6.330352942
    0.475998887    0.000000000   26.432460449  -42.513901719    9.298943938
    0.666398442    0.000000000   18.726965206  -35.977019302   13.363078146
    0.856797996    0.000000000   13.652364100  -15.418440324   17.722563310
    1.047197551    0.000000000   13.447314788   13.990061518   21.216915905
    1.237597106    0.000000000   19.006578283   43.574080141   22.880723501
    1.427996661    0.000000000   29.509593566   64.676695383   22.362862755
    1.618396215    0.000000000   42.745400957   71.747375024   20.022728730
    1.808795770    0.000000000   55.884935617   63.911891332   16.683466811
    1.999195325    0.000000000   66.339625258   44.331325562   13.225534078
    2.189594880    0.000000000   72.358851825   18.266546460   10.249892763
    2.379994435    0.000000000   73.241093268   -8.753336998    7.949969407
    2.570393989    0.000000000   69.269517307  -32.034090188    6.173636958
    2.760793544    0.000000000   61.505290597  -48.155677646    4.596729300
    2.951193099    0.000000000   51.534847228  -55.020776746    2.901882237

   -3.141592654    0.349065850   42.537206040  -55.036599228   -0.028799870
   -2.951193099    0.349065850   32.893864083  -45.358827562   -1.524039887
   -2.760793544    0.349065850   25.540663639  -31.678532898   -2.994985307
   -2.570393989    0.349065850   20.782015716  -18.903777157   -4.430362580
   -2.379994435    0.349065850   18.020441088  -11.201537704   -5.876241008
   -2.189594880    0.349065850   16.090390067  -10.113317666   -7.397100706
   -1.999195325    0.349065850   13.874007852  -13.575864302   -8.953872145
   -1.808795770    0.349065850   10.930331222  -16.857799148  -10.285167123
   -1.618396215    0.349065850    7.780645533  -15.043990359  -10.920263024
   -1.427996661    0.349065850    5.685435897   -5.704498117  -10.380102225
   -1.237597106    0.349065850    6.002613049    9.750199287   -8.473269251
   -1.047197551    0.349065850    9.500367597   26.769275206   -5.487790816
   -0.856797996    0.349065850   15.952962139   39.861207216   -2.122452875
   -0.666398442    0.349065850   24.167773277   44.726072453    0.847154102
   -0.475998887    0.349065850   32.361657919   39.565574603    2.940155905
   -0.285599332    0.349065850   38.672259005   25.317359766    4.198075137
   -0.095199777    0.349065850   41.653047815    5.331758536    5.175662192
    0.095199777    0.349065850   40.676875314  -15.262094778    6.685345635
    0.285599332    0.349065850   36.191422287  -30.551795772    9.421486206
    0.475998887    0.349065850   29.729818937  -35.350272805   13.571361069
    0.666398442    0.349065850   23.591728365  -26.996024135   18.619165766
    0.856797996    0.349065850   20.224228350   -6.912715935   23.451478503
    1.047197551    0.349065850   21.399401945   19.625811920   26.781736625
    1.237597106    0.349065850   27.630046266   44.869830135   27.710371442
    1.427996661    0.349065850   37.954979908   61.644785039   26.086595519
    1.618396215    0.349065850   50.298996457   65.712656634   22.503699054
    1.808795770    0.349065850   62.154489668   56.786700228   17.974477383
    1.999195325    0.349065850   71.287137194   37.802639512   13.491275076
    2.189594880    0.349065850   76.201517821   13.275827191    9.699397379
    2.379994435    0.349065850   76.294536576  -12.099267502    6.801425851
    2.570393989    0.349065850   71.806059975  -34.236925993    4.656008087
    2.760793544    0.349065850   63.672280374  -49.964531555    2.967332616
    2.951193099    0.349065850   53.341495880  -57.075335758    1.457082345

   -3.141592654    0.698131701   43.684198941  -56.948588686   -1.399496873
   -2.951193099    0.698131701   33.646014859  -47.561424338   -1.913051015
   -2.760793544    0.698131701   25.852530598  -34.062808280   -2.221527035
   -2.570393989    0.698131701   20.632637877  -21.336687952   -2.441471261
   -2.379994435    0.698131701   17.409216680  -13.606437373   -2.715478921
   -2.189594880    0.698131701   15.029190658  -12.411083547   -3.156167795
   -1.999195325    0.698131701   12.401804320  -15.535853310   -3.759255722
   -1.808795770    0.698131701    9.151959078  -18.020662012   -4.352632410
   -1.618396215    0.698131701    5.900864883  -14.865543341   -4.638140639
   -1.427996661    0.698131701    3.994019221   -3.896508496   -4.334498637
   -1.237597106    0.698131701    4.793233183   12.903323553   -3.347333540
   -1.047197551    0.698131701    8.955448892   30.413307920   -1.852111331
   -0.856797996    0.698131701   16.064922563   42.960761238   -0.212156399
   -0.666398442    0.698131701   24.760102745   46.623595698    1.250916737
   -0.475998887    0.698131701   33.204110916   40.384295153    2.462178775
   -0.285599332    0.698131701   39.637918837   26.002738160    3.675027682
   -0.095199777    0.698131701   42.846993617    7.284716440    5.391031821
    0.095199777    0.698131701   42.468583169  -10.768550867    8.121650083
    0.285599332    0.698131701   39.128889048  -23.024041517   12.114516733
    0.475998887    0.698131701   34.343696628  -25.493463448   17.115492674
    0.666398442    0.698131701   30.161213601  -16.703516074   22.328772750
    0.856797996    0.698131701   28.599531322    1.339864718   26.607289000
    1.047197551    0.698131701   30.978614970   23.748710105   28.870031651
    1.237597106    0.698131701   37.519358244   43.992847538   28.539463189
    1.427996661    0.698131701   47.239238342   56.389741443   25.763838800
    1.618396215    0.698131701   58.298309789   57.814631337   21.306433079
    1.808795770    0.698131701   68.562999921   48.303585803   16.200059505
    1.999195325    0.698131701   76.160095238   30.367792967   11.359491336
    2.189594880    0.698131701   79.829952579    7.699810984    7.335502035
    2.379994435    0.698131701   79.044449623  -15.809064902    4.281393981
    2.570393989    0.698131701   73.988271285  -36.605477521    2.078533317
    2.760793544    0.698131701   65.475309236  -51.692997481    0.509738592
    2.951193099    0.698131701   54.827849439  -58.740151825   -0.613189257

   -3.141592654    1.047197551   41.961332214  -57.784322951   -5.084895533
   -2.951193099    1.047197551   31.852369745  -47.466091673   -4.493344803
   -2.760793544    1.047197551   24.150124577  -33.240174958   -3.496908033
   -2.570393989    1.047197551   19.126965227  -20.157201251   -2.393173812
   -2.379994435    1.047197551   16.128403196  -12.487125640   -1.447229745
   -2.189594880    1.047197551   13.929925654  -11.655173105   -0.819402376
   -1.999195325    1.047197551   11.404085068  -15.214642629   -0.538342819
   -1.808795770    1.047197551    8.185528695  -17.971904997   -0.529759553
   -1.618396215    1.047197551    4.939861842  -14.815523676   -0.671135865
   -1.427996661    1.047197551    3.060581345   -3.639308645   -0.842424766
   -1.237597106    1.047197551    3.931395588   13.377424318   -0.949817846
   -1.047197551    1.047197551    8.194722421   30.960068158   -0.923852351
   -0.856797996    1.047197551   15.406084797   43.481027379   -0.688072759
   -0.666398442    1.047197551   24.208246309   47.284911260   -0.103186591
   -0.475998887    1.047197551   32.831570450   41.716380613    1.048331683
   -0.285599332    1.047197551   39.643976355   28.782474732    3.031686281
   -0.095199777    1.047197551   43.577690005   12.204785503    6.079338899
    0.095199777    1.047197551   44.363553296   -3.476943486   10.248464628
    0.285599332    1.047197551   42.601693150  -13.910868413   15.290743681
    0.475998887    1.047197551   39.620770125  -15.940291385   20.575903667
    0.666398442    1.047197551   37.146895168   -8.647010857   25.179073541
    0.856797996    1.047197551   36.825627262    6.047075620   28.108066138
    1.047197551    1.047197551   39.688052124   24.027536046   28.659144281
    1.237597106    1.047197551   45.858869775   39.951463439   26.685716296
    1.427996661    1.047197551   54.484745462   49.204694592   22.661215679
    1.618396215    1.047197551   64.011837962   49.198985053   17.461098640
    1.808795770    1.047197551   72.629203495   39.836740237   12.024183600
    1.999195325    1.047197551   78.712431863   23.039347586    7.058377116
    2.189594880    1.047197551   81.124755989    1.822180230    2.923568736
    2.379994435    1.047197551   79.349676858  -20.372694528   -0.304273126
    2.570393989    1.047197551   73.527524662  -40.128036012   -2.678173450
    2.760793544    1.047197551   64.427667525  -54.343639414   -4.251968235
    2.951193099    1.047197551   53.356357563  -60.520143657   -5.043666754

   -3.141592654    1.396263402   37.525865985  -57.513115495  -10.568897778
   -2.951193099    1.396263402   27.641441923  -45.429492085   -9.824134990
   -2.760793544    1.396263402   20.452192461  -30.002754954   -8.392310679
   -2.570393989    1.396263402   16.099842465  -16.472135953   -6.585078855
   -2.379994435    1.396263402   13.789295985   -9.044028690   -4.704268937
   -2.189594880    1.396263402   12.184381831   -8.920374400   -2.959025350
   -1.999195325    1.396263402   10.091689310  -13.423681923   -1.463303299
   -1.808795770    1.396263402    7.117313165  -17.203429935   -0.294272558
   -1.618396215    1.396263402    3.923624572  -15.025899571    0.462510351
   -1.427996661    1.396263402    1.925723643   -4.632868403    0.741632400
   -1.237597106    1.396263402    2.563909688   12.002901640    0.587076959
   -1.047197551    1.396263402    6.577474558   29.810545537    0.213751110
   -0.856797996    1.396263402   13.648882635   43.277616461   -0.007840626
   -0.666398442    1.396263402   22.558263340   48.716141714    0.358140201
   -0.475998887    1.396263402   31.652006047   45.281437798    1.679370113
   -0.285599332    1.396263402   39.363438877   34.656177940    4.147314980
   -0.095199777    1.396263402   44.616458510   20.098358555    7.715549075
    0.095199777    1.396263402   47.036858803    5.616587823   12.061013372
    0.285599332    1.396263402   47.019945672   -4.934323417   16.592724852
    0.475998887    1.396263402   45.611341232   -8.660291163   20.531218043
    0.666398442    1.396263402   44.243035275   -4.514535590   23.092716990
    0.856797996    1.396263402   44.336194386    6.207137500   23.702202279
    1.047197551    1.396263402   46.850868230   20.305058409   22.209138837
    1.237597106    1.396263402   52.014671317   33.311127695   18.926942635
    1.427996661    1.396263402   59.209561506   41.055664282   14.524331710
    1.618396215    1.396263402   67.149173130   40.853961349    9.753003622
    1.808795770    1.396263402   74.229028153   32.114641462    5.204137608
    1.999195325    1.396263402   78.924853552   16.192071316    1.181880986
    2.189594880    1.396263402   80.110085283   -4.245554488   -2.260057278
    2.379994435    1.396263402   77.244784304  -25.756485476   -5.177281067
    2.570393989    1.396263402   70.470832876  -44.690119212   -7.586511430
    2.760793544    1.396263402   60.610058369  -57.683344009   -9.394040579
    2.951193099    1.396263402   49.055197459  -62.178779744  -10.431044931

   -3.141592654    1.745329252   31.660996315  -57.255257802  -16.383564425
   -2.951193099    1.745329252   22.022351749  -43.160764028  -15.929282371
   -2.760793544    1.745329252   15.414417944  -26.288007773  -14.426278130
   -2.570393989    1.745329252   11.845692261  -12.088009745  -12.138381305
   -2.379994435    1.745329252   10.375883216   -4.700627396   -9.380080705
   -2.189594880    1.745329252    9.552366497   -5.126061061   -6.407152858
   -1.999195325    1.745329252    8.101546470  -10.528902495   -3.407938555
   -1.808795770    1.745329252    5.569402127  -15.501927612   -0.573763419
   -1.618396215    1.745329252    2.569504900  -14.716022754    1.849017781
   -1.427996661    1.745329252    0.502335130   -5.625790636    3.615095486
   -1.237597106    1.745329252    0.869754155   10.276924370    4.624571838
   -1.047197551    1.745329252    4.565755786   28.384248377    5.030042206
   -0.856797996    1.745329252   11.489920025   43.340386066    5.219394419
   -0.666398442    1.745329252   20.630668656   51.191467177    5.670273736
   -0.475998887    1.745329252   30.457637290   50.499010016    6.757984805
   -0.285599332    1.745329252   39.399268645   42.239210728    8.614553505
   -0.095199777    1.745329252   46.244420389   29.027524488   11.072620321
    0.095199777    1.745329252   50.379069250   14.423474390   13.682800528
    0.285599332    1.745329252   51.899297783    2.134143574   15.805225383
    0.475998887    1.745329252   51.557292239   -4.708288715   16.793443783
    0.666398442    1.745329252   50.577451988   -4.437336542   16.229546844
    0.856797996    1.745329252   50.319486828    2.552207451   14.083259771
    1.047197551    1.745329252   51.855688832   13.892311343   10.757844126
    1.237597106    1.745329252   55.650377461   25.588888416    6.904212225
    1.427996661    1.745329252   61.360641097   33.366144865    3.176831044
    1.618396215    1.745329252   67.908512974   33.996042760   -0.026460854
    1.808795770    1.745329252   73.776720733   26.212983934   -2.654005796
    1.999195325    1.745329252   77.414537665   10.905999504   -4.922324544
    2.189594880    1.745329252   77.617067910   -9.331577140   -7.129693371
    2.379994435    1.745329252   73.788372721  -30.770498060   -9.460857931
    2.570393989    1.745329252   66.087343513  -49.320266148  -11.872192627
    2.760793544    1.745329252   55.431137817  -61.272077144  -14.090031109
    2.951193099    1.745329252   43.346716598  -64.042553431  -15.713040667

   -3.141592654    2.094395102   24.869577303  -58.159516348  -17.894180207
   -2.951193099    2.094395102   15.271207052  -41.844904505  -17.475450134
   -2.760793544    2.094395102    9.108483685  -23.013776351  -15.923238052
   -2.570393989    2.094395102    6.305934058   -7.427320839  -13.448435268
   -2.379994435    2.094395102    5.807483507    0.749016167  -10.330917624
   -2.189594880    2.094395102    6.058660757    0.643813568   -6.795916713
   -1.999195325    2.094395102    5.706721421   -4.822542181   -3.007215418
   -1.808795770    2.094395102    4.221829682  -10.291878485    0.839137850
   -1.618396215    2.094395102    2.129265711  -10.476661967    4.431390527
   -1.427996661    2.094395102    0.749588083   -2.672496728    7.390803384
   -1.237597106    2.094395102    1.561722075   12.043475955    9.443699181
   -1.047197551    2.094395102    5.524669672   29.537163561   10.580515277
   -0.856797996    2.094395102   12.674363898   44.682209334   11.078230145
   -0.666398442    2.094395102   22.143502067   53.370328861   11.354761367
   -0.475998887    2.094395102   32.484816652   53.699777165   11.758131640
   -0.285599332    2.094395102   42.107167812   46.073176334   12.407067887
   -0.095199777    2.094395102   49.674491792   32.600356767   13.126351171
    0.095199777    2.094395102   54.371701104   16.551598677   13.494102645
    0.285599332    2.094395102   56.071435378    1.733251318   12.977778762
    0.475998887    2.094395102   55.362869297   -8.176977164   11.170215418
    0.666398442    2.094395102   53.448780242  -10.643156971    8.021892307
    0.856797996    2.094395102   51.838489683   -5.173085981    3.931708406
    1.047197551    2.094395102   51.889405800    6.289576108   -0.349394286
    1.237597106    2.094395102   54.366938428   19.541191411   -4.042481323
    1.427996661    2.094395102   59.131803046   29.508661787   -6.640588262
    1.618396215    2.094395102   65.135291395   32.015781077   -8.106464024
    1.808795770    2.094395102   70.729820247   25.128136593   -8.821033528
    1.999195325    2.094395102   74.154287209    9.579516650   -9.361449334
    2.189594880    2.094395102   74.013366527  -11.691666429  -10.232588603
    2.379994435    2.094395102   69.617472994  -34.331970409  -11.670881507
    2.570393989    2.094395102   61.156639604  -53.607100006  -13.579265972
    2.760793544    2.094395102   49.685804617  -65.357080139  -15.584377304
    2.951193099    2.094395102   36.923447921  -66.917240565  -17.176013150

   -3.141592654    2.443460953   18.910054100  -58.927491072  -12.225273198
   -2.951193099    2.443460953    9.342460303  -40.752074037  -11.280797164
   -2.760793544    2.443460953    3.560419508  -20.165536936   -9.471048883
   -2.570393989    2.443460953    1.440499936   -3.181898003   -6.962170661
   -2.379994435    2.443460953    1.854119549    6.029837450   -3.943854913
   -2.189594880    2.443460953    3.189853152    6.721932779   -0.517320849
   -1.999195325    2.443460953    4.056012500    1.850568443    3.283001346
   -1.808795770    2.443460953    3.871672727   -3.391264312    7.354716324
   -1.618396215    2.443460953    3.069017410   -3.946322753   11.398994787
   -1.427996661    2.443460953    2.844579937    2.831156847   14.945083659
   -1.237597106    2.443460953    4.572451595   16.119660306   17.531933302
   -1.047197551    2.443460953    9.176237869   32.229558798   18.920061206
   -0.856797996    2.443460953   16.736026088   46.370413533   19.178957987
   -0.666398442    2.443460953   26.466734359   54.480563387   18.586720184
   -0.475998887    2.443460953   36.982060720   54.411144487   17.443225488
   -0.285599332    2.443460953   46.687852355   46.162203507   15.911019893
   -0.095199777    2.443460953   54.167978246   31.479110717   13.938696486
    0.095199777    2.443460953   58.477258955   13.474230955   11.306632522
    0.285599332    2.443460953   59.361571169   -3.803963953    7.765862672
    0.475998887    2.443460953   57.368566873  -16.038803460    3.262870637
    0.666398442    2.443460953   53.806720632  -19.856078692   -1.881152555
    0.856797996    2.443460953   50.438379162  -14.113019717   -6.965699925
    1.047197551    2.443460953   48.947909087   -0.715757662  -11.115289898
    1.237597106    2.443460953   50.366626595   15.523547537  -13.660125943
    1.427996661    2.443460953   54.660221180   28.495179206  -14.408124131
    1.618396215    2.443460953   60.687314042   33.068903375  -13.718611762
    1.808795770    2.443460953   66.566950460   26.830823200  -12.312340546
    1.999195325    2.443460953   70.269155182   10.614793849  -10.958336697
    2.189594880    2.443460953   70.193947038  -12.103901177  -10.199239573
    2.379994435    2.443460953   65.568280609  -36.283745587  -10.217099653
    2.570393989    2.443460953   56.625418085  -56.587070123  -10.849334028
    2.760793544    2.443460953   44.557940538  -68.474451758  -11.700866792
    2.951193099    2.443460953   31.264872057  -69.227776321  -12.293238278

   -3.141592654    2.792526803   16.088989402  -58.113377473    0.955489240
   -2.951193099    2.792526803    6.782044263  -38.838039394    2.855709429
   -2.760793544    2.792526803    1.467392929  -17.204332764    4.802510639
   -2.570393989    2.792526803    0.000000000    0.680693452    6.695907439
   -2.379994435    2.792526803    1.229239963   10.734893743    8.576355722
   -2.189594880    2.792526803    3.546483925   12.341347883   10.654262242
   -1.999195325    2.792526803    5.573933037    8.414158825   13.188719987
   -1.808795770    2.792526803    6.710445454    3.831151628   16.273827964
   -1.618396215    2.792526803    7.292164737    3.221093059   19.669084721
   -1.427996661    2.792526803    8.350588590    8.975855488   22.821383728
   -1.237597106    2.792526803   11.082393340   20.410017020   25.077712953
   -1.047197551    2.792526803   16.291963536   34.283311491   25.962349476
   -0.856797996    2.792526803   24.033498953   46.267033387   25.342065498
   -0.666398442    2.792526803   33.565170690   52.547285388   23.387582815
   -0.475998887    2.792526803   43.562780477   50.940391523   20.417456208
   -0.285599332    2.792526803   52.469439268   41.232415673   16.732588052
   -0.095199777    2.792526803   58.863343727   24.975264322   12.505530918
    0.095199777    2.792526803   61.773029653    5.267760497    7.793347065
    0.285599332    2.792526803   60.943147805  -13.534322926    2.636147565
    0.475998887    2.792526803   57.006056988  -26.549719644   -2.771908864
    0.666398442    2.792526803   51.470520499  -29.813841145   -7.978259680
    0.856797996    2.792526803   46.384289610  -21.927841866  -12.317903462
    1.047197551    2.792526803   43.711877269   -5.164626638  -15.130864559
    1.237597106    2.792526803   44.639874667   14.796751794  -16.069884569
    1.427996661    2.792526803   49.102919264   30.824261744  -15.256817723
    1.618396215    2.792526803   55.757498500   37.082152518  -13.231597057
    1.808795770    2.792526803   62.439706945   31.024074306  -10.708212104
    1.999195325    2.792526803   66.863135509   13.863537466   -8.293996526
    2.189594880    2.792526803   67.271816886  -10.293464743   -6.310352788
    2.379994435    2.792526803   62.856902615  -35.816531259   -4.773313944
    2.570393989    2.792526803   53.911907968  -56.970072069   -3.493406238
    2.760793544    2.792526803   41.743809778  -69.033057121   -2.220032708
    2.951193099    2.792526803   28.379746819  -69.328585538   -0.758195791
