#! FIELDS phi psi file.free der_phi der_psi
#! SET min_phi -pi
#! SET max_phi pi
#! SET nbins_phi  33
#! SET periodic_phi true
#! SET min_psi -pi
#! SET max_psi pi
#! SET nbins_psi  18
#! SET periodic_psi true
   -3.141592654   -3.141592654   20.385671452  -49.987471900   11.668722128
   -2.951193099   -3.141592654   12.037818923  -36.654166558   14.156402649
   -2.760793544   -3.141592654    6.723295120  -18.884597697   16.274364813
   -2.570393989   -3.141592654    4.794983970   -1.960267448   17.948619092
   -2.379994435   -3.141592654    5.635935991    9.656444598   19.291831166
   -2.189594880   -3.141592654    8.015419911   14.198856222   20.567868971
   -1.999195325   -3.141592654   10.687536838   13.225585520   22.031130101
   -1.808795770   -3.141592654   12.938240871   10.471557601   23.717920817
   -1.618396215   -3.141592654   14.810081087    9.788587519   25.326946280
   -1.427996661   -3.141592654   16.936125597   13.283031244   26.293632683
   -1.237597106   -3.141592654   20.110142378   20.508657835   26.045997966
   -1.047197551   -3.141592654   24.827221818   28.934881789   24.292402488
   -0.856797996   -3.141592654   31.005362489   35.300804083   21.168298925
   -0.666398442   -3.141592654   37.984502745   37.004890029   17.145868338
   -0.475998887   -3.141592654   44.750400930   33.016197199   12.801471672
   -0.285599332   -3.141592654   50.247841804   23.916059141    8.568829371
   -0.095199777   -3.141592654   53.653114075   11.426411545    4.595407918
    0.095199777   -3.141592654   54.546228153   -2.021831015    0.792108592
    0.285599332   -3.141592654   53.015762006  -13.551242807   -2.989756896
    0.475998887   -3.141592654   49.707838284  -20.213859661   -6.721174833
    0.666398442   -3.141592654   45.774481606  -19.879505316  -10.076970678
    0.856797996   -3.141592654   42.612680080  -12.297718502  -12.506336489
    1.047197551   -3.141592654   41.425981657    0.287201505  -13.493158977
    1.237597106   -3.141592654   42.778928444   13.621568225  -12.858495798
    1.427996661   -3.141592654   46.368115931   23.101455538  -10.871816936
    1.618396215   -3.141592654   51.130229609   25.634999600   -8.120135784
    1.808795770   -3.141592654   55.635952634   20.469536101   -5.222886644
    1.999195325   -3.141592654   58.513665251    8.864816112   -2.575877892
    2.189594880   -3.141592654   58.745383349   -6.900883303   -0.261657326
    2.379994435   -3.141592654   55.788642025  -24.170261949    1.871772894
    2.570393989   -3.141592654   49.627661748  -40.045819327    4.051408540
    2.760793544   -3.141592654   40.826255846  -51.373301330    6.431177819
    2.951193099   -3.141592654   30.542693332  -55.218543804    9.018523913

   -3.141592654   -2.792526803   25.481155975  -44.867755618   17.484152746
   -2.951193099   -2.792526803   18.021317825  -32.533417934   20.196000330
   -2.760793544   -2.792526803   13.372445936  -16.028163477   22.042367816
   -2.570393989   -2.792526803   11.876110576   -0.219291917   23.030794693
   -2.379994435   -2.792526803   12.982407945   10.813796370   23.433314037
   -2.189594880   -2.792526803   15.580933654   15.447307281   23.669941993
   -1.999195325   -2.792526803   18.538175103   15.006714761   24.095619830
   -1.808795770   -2.792526803   21.175403024   12.679312573   24.787615608
   -1.618396215   -2.792526803   23.455878815   11.715220934   25.463601113
   -1.427996661   -2.792526803   25.840021425   13.893868097   25.591796521
   -1.237597106   -2.792526803   28.930309771   18.913823839   24.648761872
   -1.047197551   -2.792526803   33.100506020   24.799323276   22.380745601
   -0.856797996   -2.792526803   38.270684080   28.958376134   18.922997792
   -0.666398442   -2.792526803   43.893402681   29.257019881   14.704338048
   -0.475998887   -2.792526803   49.120252544   24.742072759   10.233644428
   -0.285599332   -2.792526803   53.042731836   15.723701022    5.880669548
   -0.095199777   -2.792526803   54.915761998    3.539889599    1.758180706
    0.095199777   -2.792526803   54.334822981   -9.622227451   -2.214151956
    0.285599332   -2.792526803   51.386536727  -20.797745623   -6.128642144
    0.475998887   -2.792526803   46.762974082  -26.670582734   -9.873128818
    0.666398442   -2.792526803   41.739469590  -24.707631908  -13.049700928
    0.856797996   -2.792526803   37.886076695  -14.591145425  -15.080117693
    1.047197551   -2.792526803   36.544786388    0.987534999  -15.490274307
    1.237597106   -2.792526803   38.297070201   17.005157785  -14.193199434
    1.427996661   -2.792526803   42.711481934   28.193964891  -11.564438680
    1.618396215   -2.792526803   48.511025295   31.258505025   -8.255031568
    1.808795770   -2.792526803   54.065964194   25.773335882   -4.878836851
    1.999195325   -2.792526803   57.897944973   13.590615768   -1.756995783
    2.189594880   -2.792526803   58.992585990   -2.494049602    1.134516256
    2.379994435   -2.792526803   56.881290130  -19.622823242    4.030614984
    2.570393989   -2.792526803   51.628107168  -35.029562997    7.165866234
    2.760793544   -2.792526803   43.829460820  -45.892824321   10.599551181
    2.951193099   -2.792526803   34.608245523  -49.634482475   14.157119864

   -3.141592654   -2.443460953   31.742073268  -39.524536574   17.372272453
   -2.951193099   -2.443460953   25.156634816  -28.777593360   19.556931125
   -2.760793544   -2.443460953   21.052378917  -14.056962819   20.822477136
   -2.570393989   -2.443460953   19.782312913    0.278127138   21.263635422
   -2.379994435   -2.443460953   20.895581241   10.519740086   21.190884987
   -2.189594880   -2.443460953   23.422671182   15.097085772   20.983191619
   -1.999195325   -2.443460953   26.344367167   15.007951311   20.902417226
   -1.808795770   -2.443460953   29.007874040   12.880892827   20.944971153
   -1.618396215   -2.443460953   31.296639256   11.465108251   20.826662720
   -1.427996661   -2.443460953   33.523699469   12.367631973   20.117800328
   -1.237597106   -2.443460953   36.151726027   15.535274313   18.465987306
   -1.047197551   -2.443460953   39.493050375   19.527561037   15.785013199
   -0.856797996   -2.443460953   43.514317182   22.286098484   12.306271507
   -0.666398442   -2.443460953   47.794316444   21.965926818    8.450304875
   -0.475998887   -2.443460953   51.631885370   17.549880820    4.627359665
   -0.285599332   -2.443460953   54.226862903    9.010355432    1.064227171
   -0.095199777   -2.443460953   54.869358776   -2.690564788   -2.255118313
    0.095199777   -2.443460953   53.132931094  -15.553652811   -5.488403326
    0.285599332   -2.443460953   49.076614600  -26.473228923   -8.743718465
    0.475998887   -2.443460953   43.420875134  -31.734283079  -11.892178190
    0.666398442   -2.443460953   37.549768540  -28.392263040  -14.522066201
    0.856797996   -2.443460953   33.193695449  -16.056597577  -16.063792181
    1.047197551   -2.443460953   31.823370923    2.176499842  -16.070575854
    1.237597106   -2.443460953   34.038555058   20.576283174  -14.473963647
    1.427996661   -2.443460953   39.293582250   33.280250633  -11.646219137
    1.618396215   -2.443460953   46.122883112   36.831859589   -8.210151426
    1.808795770   -2.443460953   52.726064742   31.138765175   -4.739968583
    1.999195325   -2.443460953   57.545649761   18.622035130   -1.523485806
    2.189594880   -2.443460953   59.590879653    2.532701823    1.477889807
    2.379994435   -2.443460953   58.472552913  -14.158314679    4.484634535
    2.570393989   -2.443460953   54.321048035  -28.924460647    7.686615157
    2.760793544   -2.443460953   47.731789842  -39.372404308   11.079627900
    2.951193099   -2.443460953   39.745688764  -43.315597076   14.431691060

   -3.141592654   -2.094395102   36.982136202  -35.751593594   12.986982258
   -2.951193099   -2.094395102   30.983896918  -26.422701924   14.240308679
   -2.760793544   -2.094395102   27.193194181  -13.084369573   14.811778573
   -2.570393989   -2.094395102   26.005214413    0.256790848   14.833386253
   -2.379994435   -2.094395102   27.063116286   10.049392423   14.524942256
   -2.189594880   -2.094395102   29.494055205   14.604749768   14.071815198
   -1.999195325   -2.094395102   32.328712419   14.559980737   13.531161690
   -1.808795770   -2.094395102   34.885498209   12.118464632   12.799903158
   -1.618396215   -2.094395102   36.950608700    9.771460034   11.679701633
   -1.427996661   -2.094395102   38.720848721    9.200271985   10.005049359
   -1.237597106   -2.094395102   40.589043128   10.747950723    7.762470512
   -1.047197551   -2.094395102   42.889766726   13.502717224    5.129622117
   -0.856797996   -2.094395102   45.704589615   15.786437260    2.412319026
   -0.666398442   -2.094395102   48.767051368   15.796704856   -0.108183608
   -0.475998887   -2.094395102   51.503131187   12.200161272   -2.302476714
   -0.285599332   -2.094395102   53.160260362    4.475826037   -4.245757930
   -0.095199777   -2.094395102   52.987130836   -6.805601355   -6.169781995
    0.095199777   -2.094395102   50.468272873  -19.715811562   -8.320915973
    0.285599332   -2.094395102   45.597097240  -30.845100235  -10.787284973
    0.475998887   -2.094395102   39.114460341  -35.932868640  -13.375446246
    0.666398442   -2.094395102   32.527746478  -31.534370445  -15.615592512
    0.856797996   -2.094395102   27.753683203  -17.151741301  -16.903768903
    1.047197551   -2.094395102   26.420264711    3.706612365  -16.771207324
    1.237597106   -2.094395102   29.169421068   24.560555533  -15.113188346
    1.427996661   -2.094395102   35.354131963   38.882435308  -12.258037086
    1.618396215   -2.094395102   43.318454170   42.979389147   -8.794941301
    1.808795770   -2.094395102   51.076954570   37.033244133   -5.298564742
    1.999195325   -2.094395102   56.970949144   24.015251237   -2.098530973
    2.189594880   -2.094395102   60.010492969    7.638127036    0.774643726
    2.379994435   -2.094395102   59.865665785   -8.990595977    3.467410779
    2.570393989   -2.094395102   56.718697525  -23.547853377    6.116305302
    2.760793544   -2.094395102   51.158967614  -34.005011561    8.711904596
    2.951193099   -2.094395102   44.155747853  -38.464889735   11.083009503

   -3.141592654   -1.745329252   40.335378886  -34.081228931    7.407084598
   -2.951193099   -1.745329252   34.550551943  -25.856493105    7.670011898
   -2.760793544   -1.745329252   30.774103468  -13.462586369    7.488511169
   -2.570393989   -1.745329252   29.448179935   -0.757407115    6.992646599
   -2.379994435   -1.745329252   30.274388333    8.659394969    6.301166770
   -2.189594880   -1.745329252   32.411208243   12.892203264    5.443282808
   -1.999195325   -1.745329252   34.875157404   12.331093798    4.349915934
   -1.808795770   -1.745329252   36.934546901    9.078150469    2.905133743
   -1.618396215   -1.745329252   38.329396960    5.774183740    1.043709654
   -1.427996661   -1.745329252   39.260609289    4.455809787   -1.162514170
   -1.237597106   -1.745329252   40.197430927    5.833462832   -3.485409798
   -1.047197551   -1.745329252   41.603876240    9.155764213   -5.605996357
   -0.856797996   -1.745329252   43.693105915   12.580900517   -7.232022687
   -0.666398442   -1.745329252   46.269956858   13.883877313   -8.236690610
   -0.475998887   -1.745329252   48.740262186   11.231784878   -8.720197516
   -0.285599332   -1.745329252   50.248175247    3.748306806   -8.984838755
   -0.095199777   -1.745329252   49.898181797   -8.049404696   -9.421710813
    0.095199777   -1.745329252   47.051478113  -21.954319514  -10.348351428
    0.285599332   -1.745329252   41.657151015  -34.036549289  -11.851594254
    0.475998887   -1.745329252   34.522132893  -39.443426057  -13.707475234
    0.666398442   -1.745329252   27.319516145  -34.297143643  -15.425155687
    0.856797996   -1.745329252   22.179253476  -18.079276790  -16.398686439
    1.047197551   -1.745329252   20.900259959    5.254868634  -16.160577275
    1.237597106   -1.745329252   24.177994641   28.473745573  -14.577834063
    1.427996661   -1.745329252   31.275628167   44.384108079  -11.920072628
    1.618396215   -1.745329252   40.355312884   49.017619615   -8.710984036
    1.808795770   -1.745329252   49.244241785   42.761131057   -5.488338618
    1.999195325   -1.745329252   56.166765261   29.070411570   -2.598863824
    2.189594880   -1.745329252   60.108315977   12.089442663   -0.133971686
    2.379994435   -1.745329252   60.772370242   -4.913215307    1.977826307
    2.570393989   -1.745329252   58.376818579  -19.736573087    3.824818177
    2.760793544   -1.745329252   53.508200826  -30.602892976    5.408934454
    2.951193099   -1.745329252   47.090267118  -35.781855091    6.639302851

   -3.141592654   -1.396263402   40.706308430  -35.308202159    4.633074616
   -2.951193099   -1.396263402   34.640171742  -27.531333937    4.296001338
   -2.760793544   -1.396263402   30.534589472  -15.189044259    3.492690547
   -2.570393989   -1.396263402   28.898928859   -2.256515217    2.330223959
   -2.379994435   -1.396263402   29.462698443    7.369850776    0.901941312
   -2.189594880   -1.396263402   31.349470375   11.479236474   -0.777785192
   -1.999195325   -1.396263402   33.493722247   10.306865853   -2.761945593
   -1.808795770   -1.396263402   35.079265402    6.094479844   -5.089827737
   -1.618396215   -1.396263402   35.814930980    1.886743260   -7.677690962
   -1.427996661   -1.396263402   35.959773382    0.212687917  -10.261396204
   -1.237597106   -1.396263402   36.123203227    2.112896862  -12.447803968
   -1.047197551   -1.396263402   36.940504925    6.817994156  -13.855567372
   -0.856797996   -1.396263402   38.758079530   12.094961907  -14.267181958
   -0.666398442   -1.396263402   41.413242770   15.114227878  -13.738135842
   -0.475998887   -1.396263402   44.228017880   13.459912105  -12.587959331
   -0.285599332   -1.396263402   46.174011815    5.940305716  -11.301788817
   -0.095199777   -1.396263402   46.158257838   -6.871957280  -10.370543894
    0.095199777   -1.396263402   43.389264947  -22.363679025  -10.120741393
    0.285599332   -1.396263402   37.763795000  -35.989350653  -10.594007213
    0.475998887   -1.396263402   30.159494783  -42.264533212  -11.525911880
    0.666398442   -1.396263402   22.424153152  -36.869757286  -12.442589275
    0.856797996   -1.396263402   16.912265214  -19.244704938  -12.824102193
    1.047197551   -1.396263402   15.611282059    6.259931273  -12.320645929
    1.237597106   -1.396263402   19.298366848   31.703689683  -10.868705054
    1.427996661   -1.396263402   27.178157974   49.212661586   -8.708804434
    1.618396215   -1.396263402   37.251794328   54.453874325   -6.240942537
    1.808795770   -1.396263402   47.158184478   47.879092676   -3.841801369
    1.999195325   -1.396263402   54.977535583   33.314769054   -1.733292710
    2.189594880   -1.396263402   59.628916625   15.297454761    0.042721404
    2.379994435   -1.396263402   60.809227518   -2.684985062    1.541508640
    2.570393989   -1.396263402   58.751086829  -18.414254604    2.808626588
    2.760793544   -1.396263402   54.048843117  -30.182961439    3.814276134
    2.951193099   -1.396263402   47.625729194  -36.251459679    4.457798371

   -3.141592654   -1.047197551   40.254730572  -37.269100230    2.948494708
   -2.951193099   -1.047197551   33.768458768  -29.953857011    1.974029142
   -2.760793544   -1.047197551   29.174733308  -17.865909180    0.379301394
   -2.570393989   -1.047197551   27.015254137   -5.073954439   -1.683458966
   -2.379994435   -1.047197551   27.026513971    4.360737498   -4.048323495
   -2.189594880   -1.047197551   28.308475612    8.102154928   -6.627967495
   -1.999195325   -1.047197551   29.762088962    6.420980267   -9.407238736
   -1.808795770   -1.047197551   30.565372103    1.812170639  -12.341732141
   -1.618396215   -1.047197551   30.483317203   -2.307554187  -15.235679418
   -1.427996661   -1.047197551   29.898118503   -3.118457506  -17.707913593
   -1.237597106   -1.047197551   29.573583386    0.435174958  -19.299349533
   -1.047197551   -1.047197551   30.269816604    7.266831312  -19.662861370
   -0.856797996   -1.047197551   32.375301781   14.608537324  -18.721584335
   -0.666398442   -1.047197551   35.660942561   19.078760623  -16.726258771
   -0.475998887   -1.047197551   39.292073839   17.889939734  -14.174710946
   -0.285599332   -1.047197551   42.041505360    9.782845124  -11.655948172
   -0.095199777   -1.047197551   42.635872363   -4.405733227   -9.660802309
    0.095199777   -1.047197551   40.178274754  -21.559853597   -8.431630620
    0.285599332   -1.047197551   34.566255641  -36.559576354   -7.902402782
    0.475998887   -1.047197551   26.779823370  -43.467684376   -7.760416334
    0.666398442   -1.047197551   18.829342443  -37.781027077   -7.608206807
    0.856797996   -1.047197551   13.235481812  -19.111194768   -7.126187973
    1.047197551   -1.047197551   12.091011277    7.779003338   -6.207169783
    1.237597106   -1.047197551   16.190551315   34.443525821   -4.939668881
    1.427996661   -1.047197551   24.669683946   52.655856435   -3.539278425
    1.618396215   -1.047197551   35.416257430   57.976842248   -2.212138716
    1.808795770   -1.047197551   45.960145601   50.984520102   -1.066866307
    1.999195325   -1.047197551   54.308630577   35.741982914   -0.098378440
    2.189594880   -1.047197551   59.350935192   16.974472158    0.770191712
    2.379994435   -1.047197551   60.779666013   -1.750954537    1.604985846
    2.570393989   -1.047197551   58.828988135  -18.221256761    2.392087041
    2.760793544   -1.047197551   54.091316198  -30.753001395    3.010524963
    2.951193099   -1.047197551   47.488180380  -37.565709308    3.260641554

   -3.141592654   -0.698131701   40.088693852  -39.609660058    1.348529273
   -2.951193099   -0.698131701   33.060102881  -33.278057660    0.141891222
   -2.760793544   -0.698131701   27.760447221  -21.899464848   -1.760776685
   -2.570393989   -0.698131701   24.791679677   -9.490027955   -4.247592996
   -2.379994435   -0.698131701   23.943404510   -0.233460183   -7.144289561
   -2.189594880   -0.698131701   24.338064677    3.375294688  -10.301335214
   -1.999195325   -0.698131701   24.880890420    1.600512901  -13.593771353
   -1.808795770   -0.698131701   24.776445351   -2.827898747  -16.827915290
   -1.618396215   -0.698131701   23.874128437   -6.155539588  -19.651051276
   -1.427996661   -0.698131701   22.694884633   -5.377710059  -21.577155755
   -1.237597106   -0.698131701   22.145134574    0.404543141  -22.159529615
   -1.047197551   -0.698131701   23.065117119    9.628350210  -21.204693972
   -0.856797996   -0.698131701   25.818584615   18.935729005  -18.887846011
   -0.666398442   -0.698131701   30.046661681   24.477296035  -15.701721190
   -0.475998887   -0.698131701   34.721349456   23.270560336  -12.275158866
   -0.285599332   -0.698131701   38.416271771   14.197035326   -9.161649705
   -0.095199777   -0.698131701   39.713531265   -1.485413609   -6.666048052
    0.095199777   -0.698131701   37.668269207  -20.098788726   -4.776623261
    0.285599332   -0.698131701   32.234797347  -36.027369563   -3.229556378
    0.475998887   -0.698131701   24.522334563  -43.105860014   -1.693891174
    0.666398442   -0.698131701   16.679123757  -36.941605682    0.006947517
    0.856797996   -0.698131701   11.315951852  -17.539669765    1.780392046
    1.047197551   -0.698131701   10.531360853    9.926197716    3.299197946
    1.237597106   -0.698131701   15.062619981   36.744602660    4.223842538
    1.427996661   -0.698131701   23.961269006   54.697159053    4.394248138
    1.618396215   -0.698131701   35.052693568   59.538444344    3.924350210
    1.808795770   -0.698131701   45.847642377   52.075445050    3.127206222
    1.999195325   -0.698131701   54.370743463   36.515079151    2.351100836
    2.189594880   -0.698131701   59.542361221   17.578199286    1.841621606
    2.379994435   -0.698131701   61.073082436   -1.293129394    1.678553007
    2.570393989   -0.698131701   59.185303292  -18.055901239    1.780079383
    2.760793544   -0.698131701   54.429088087  -31.169544004    1.942173949
    2.951193099   -0.698131701   47.667307049  -38.858990037    1.888172471

   -3.141592654   -0.349065850   40.066495197  -41.402311695   -0.633506915
   -2.951193099   -0.349065850   32.590190142  -36.187335264   -2.049026688
   -2.760793544   -0.349065850   26.632627410  -25.866175987   -4.073920145
   -2.570393989   -0.349065850   22.825668422  -14.281677830   -6.606855270
   -2.379994435   -0.349065850   21.007177688   -5.594445302   -9.484371567
   -2.189594880   -0.349065850   20.344700601   -2.329792697  -12.555225491
   -1.999195325   -0.349065850   19.791998021   -4.128814379  -15.663062945
   -1.808795770   -0.349065850   18.639965620   -7.971220992  -18.541900526
   -1.618396215   -0.349065850   16.885269019   -9.796013291  -20.748937446
   -1.427996661   -0.349065850   15.232752200   -6.572210215  -21.748954089
   -1.237597106   -0.349065850   14.735037202    2.173962447  -21.151117661
   -1.047197551   -0.349065850   16.262664353   14.134778789  -18.940716434
   -0.856797996   -0.349065850   20.064406788   25.239723431  -15.543552166
   -0.666398442   -0.349065850   25.560981887   31.281088000  -11.656906203
   -0.475998887   -0.349065850   31.482219772   29.395992028   -7.967567950
   -0.285599332   -0.349065850   36.221540843   18.980510877   -4.899520799
   -0.095199777   -0.349065850   38.298392009    1.971650009   -2.483858852
    0.095199777   -0.349065850   36.828746363  -17.381998570   -0.409174358
    0.285599332   -0.349065850   31.906014317  -33.256996949    1.777719593
    0.475998887   -0.349065850   24.772736350  -39.760572091    4.380280385
    0.666398442   -0.349065850   17.619421329  -33.123458523    7.314080246
    0.856797996   -0.349065850   12.975005185  -13.986247766   10.074849590
    1.047197551   -0.349065850   12.766559066   12.270005653   11.949230544
    1.237597106   -0.349065850   17.574712868   37.248514107   12.409578852
    1.427996661   -0.349065850   26.392226896   53.401256738   11.381470121
    1.618396215   -0.349065850   37.113652701   57.087154009    9.274719698
    1.808795770   -0.349065850   47.401867203   49.347315169    6.757117515
    1.999195325   -0.349065850   55.438669039   34.227078024    4.447595296
    2.189594880   -0.349065850   60.246528015   16.071172581    2.710939548
    2.379994435   -0.349065850   61.564042992   -2.057838474    1.621099685
    2.570393989   -0.349065850   59.578570002  -18.383348447    1.029835268
    2.760793544   -0.349065850   54.765595360  -31.524302777    0.665615590
    2.951193099   -0.349065850   47.894467648  -39.729642477    0.207620622

   -3.141592654    0.000000000   39.570297060  -43.143722169   -2.533787181
   -2.951193099    0.000000000   31.679637275  -38.803249602   -3.705616679
   -2.760793544    0.000000000   25.136563157  -29.377257205   -5.239214906
   -2.570393989    0.000000000   20.587744146  -18.525764178   -7.130266558
   -2.379994435    0.000000000   17.909660789  -10.338908117   -9.326004587
   -2.189594880    0.000000000   16.317170822   -7.301198246  -11.742002618
   -1.999195325    0.000000000   14.828659119   -8.891028347  -14.213464792
   -1.808795770    0.000000000   12.845928590  -11.785724680  -16.406880748
   -1.618396215    0.000000000   10.530882266  -11.704361097  -17.814736438
   -1.427996661    0.000000000    8.763882348   -5.773194047  -17.911367065
   -1.237597106    0.000000000    8.696534099    5.852049091  -16.423320766
   -1.047197551    0.000000000   11.152169794   20.019807593  -13.529709803
   -0.856797996    0.000000000   16.185111923   32.050425199   -9.840372506
   -0.666398442    0.000000000   22.956449713   37.667101077   -6.119900014
   -0.475998887    0.000000000   29.978746050   34.487442001   -2.951261660
   -0.285599332    0.000000000   35.551123823   22.684261045   -0.500457568
   -0.095199777    0.000000000   38.246520552    4.907491393    1.523677487
    0.095199777    0.000000000   37.340547279  -14.232121903    3.686838863
    0.285599332    0.000000000   33.106610925  -29.084558709    6.519376447
    0.475998887    0.000000000   26.882812097  -34.441658873   10.170966964
    0.666398442    0.000000000   20.796281977  -27.444963093   14.216226534
    0.856797996    0.000000000   17.156863025   -9.389257069   17.740950970
    1.047197551    0.000000000   17.607211505   14.398789278   19.721756119
    1.237597106    0.000000000   22.526510487   36.266291816   19.540726439
    1.427996661    0.000000000   30.885731830   49.719766571   17.276147955
    1.618396215    0.000000000   40.740911791   51.905260741   13.636747676
    1.808795770    0.000000000   50.009871797   44.034524831    9.592849571
    1.999195325    0.000000000   57.106018081   29.778278190    5.958820537
    2.189594880    0.000000000   61.185357695   12.890687216    3.156718106
    2.379994435    0.000000000   62.013454482   -4.064099493    1.226796010
    2.570393989    0.000000000   59.729070269  -19.592326812   -0.029515182
    2.760793544    0.000000000   54.722571314  -32.436400086   -0.894881794
    2.951193099    0.000000000   47.665612640  -40.843082911   -1.652012186

   -3.141592654    0.349065850   39.378289519  -43.826875777   -3.420960422
   -2.951193099    0.349065850   31.304024977  -40.074165621   -4.091580712
   -2.760793544    0.349065850   24.444375945  -31.440010095   -4.854276892
   -2.570393989    0.349065850   19.424390341  -21.400454514   -5.797798699
   -2.379994435    0.349065850   16.131031848  -13.892765557   -6.979686791
   -2.189594880    0.349065850   13.818885533  -11.240575360   -8.396168025
   -1.999195325    0.349065850   11.583873641  -12.677749637   -9.920175916
   -1.808795770    0.349065850    8.958001026  -14.599178444  -11.241501751
   -1.618396215    0.349065850    6.274180016  -12.620969533  -11.904093638
   -1.427996661    0.349065850    4.567058721   -4.177025511  -11.479723593
   -1.237597106    0.349065850    5.041862887    9.858352840   -9.810791229
   -1.047197551    0.349065850    8.424032981   25.530845520   -7.153145197
   -0.856797996    0.349065850   14.544040183   37.734685412   -4.100987403
   -0.666398442    0.349065850   22.319042068   42.390599682   -1.286454640
   -0.475998887    0.349065850   30.109699741   37.839306542    0.930261940
   -0.285599332    0.349065850   36.220981406   25.133601444    2.633122577
   -0.095199777    0.349065850   39.380794945    7.538791457    4.304817772
    0.095199777    0.349065850   39.088298794  -10.252403616    6.568026635
    0.285599332    0.349065850   35.796110537  -23.150929296    9.848667257
    0.475998887    0.349065850   30.863803689  -26.981535131   14.063842626
    0.666398442    0.349065850   26.229888770  -19.975538476   18.521427725
    0.856797996    0.349065850   23.850131941   -3.989549633   22.106546759
    1.047197551    0.349065850   24.989816281   16.030903991   23.738567320
    1.237597106    0.349065850   29.807630780   33.605223621   22.881751346
    1.427996661    0.349065850   37.309915950   43.625642306   19.783011308
    1.618396215    0.349065850   45.814565157   44.140436987   15.318229196
    1.808795770    0.349065850   53.594365012   36.429498312   10.562224109
    1.999195325    0.349065850   59.362207695   23.571239521    6.355438111
    2.189594880    0.349065850   62.433704607    8.529230479    3.090785405
    2.379994435    0.349065850   62.598164844   -6.732399370    0.768022736
    2.570393989    0.349065850   59.932933704  -21.007862165   -0.822144034
    2.760793544    0.349065850   54.734871327  -33.120622862   -1.923783978
    2.951193099    0.349065850   47.576495629  -41.296258820   -2.739956483

   -3.141592654    0.698131701   38.975626021  -44.311337875   -4.260022764
   -2.951193099    0.698131701   30.789111671  -40.780315535   -4.488567783
   -2.760793544    0.698131701   23.760112652  -32.520715743   -4.536483536
   -2.570393989    0.698131701   18.493871425  -22.905882740   -4.548712445
   -2.379994435    0.698131701   14.875598263  -15.785840019   -4.670246805
   -2.189594880    0.698131701   12.176680874  -13.370901057   -4.987520128
   -1.999195325    0.698131701    9.538894229  -14.700567883   -5.464052272
   -1.808795770    0.698131701    6.581442062  -15.952197418   -5.904825572
   -1.618396215    0.698131701    3.754593667  -12.675975516   -6.003933293
   -1.427996661    0.698131701    2.194413949   -2.557567380   -5.481653090
   -1.237597106    0.698131701    3.129293849   12.987070678   -4.249001886
   -1.047197551    0.698131701    7.197607407   29.444177507   -2.486586000
   -0.856797996    0.698131701   14.061656468   41.490809753   -0.570882292
   -0.666398442    0.698131701   22.480129515   45.338697321    1.151459482
   -0.475998887    0.698131701   30.751135548   39.999638005    2.569523820
   -0.285599332    0.698131701   37.252180100   27.232949395    3.896495268
   -0.095199777    0.698131701   40.891784350   10.659755968    5.590318279
    0.095199777    0.698131701   41.366359441   -5.213156434    8.108301768
    0.285599332    0.698131701   39.235993521  -16.051281015   11.631825276
    0.475998887    0.698131701   35.787070124  -18.741374621   15.845871499
    0.666398442    0.698131701   32.688661373  -12.446556235   19.939811720
    0.856797996    0.698131701   31.505403481    0.712803072   22.844391919
    1.047197551    0.698131701   33.146962785   16.450513532   23.672321933
    1.237597106    0.698131701   37.613828295   29.602301038   22.121953158
    1.427996661    0.698131701   44.018970213   36.394735675   18.607265281
    1.618396215    0.698131701   50.990544056   35.604904004   14.036143373
    1.808795770    0.698131701   57.168653554   28.396751032    9.393206280
    1.999195325    0.698131701   61.549563044   17.150210694    5.374175710
    2.189594880    0.698131701   63.581464006    4.026769512    2.246979506
    2.379994435    0.698131701   63.054813444   -9.557822554   -0.051062453
    2.570393989    0.698131701   59.975170651  -22.615919653   -1.716937526
    2.760793544    0.698131701   54.548987151  -33.979991138   -2.921085155
    2.951193099    0.698131701   47.265241436  -41.804511281   -3.755187540

   -3.141592654    1.047197551   36.945524659  -45.158979986   -6.233449530
   -2.951193099    1.047197551   28.676940049  -40.788447515   -6.124746995
   -2.760793544    1.047197551   21.714278188  -31.854420571   -5.554974259
   -2.570393989    1.047197551   16.613917643  -21.892006789   -4.743048964
   -2.379994435    1.047197551   13.192095250  -14.792720737   -3.925921444
   -2.189594880    1.047197551   10.658055760  -12.657050101   -3.270626093
   -1.999195325    1.047197551    8.125891781  -14.284663639   -2.823465284
   -1.808795770    1.047197551    5.236370743  -15.598984891   -2.511142401
   -1.618396215    1.047197551    2.499832441  -12.022091315   -2.192631235
   -1.427996661    1.047197551    1.116424272   -1.331494119   -1.736315665
   -1.237597106    1.047197551    2.342106569   14.782650616   -1.084689393
   -1.047197551    1.047197551    6.786237671   31.519980058   -0.273317754
   -0.856797996    1.047197551   14.041804159   43.471640417    0.608223967
   -0.666398442    1.047197551   22.811828984   47.052585690    1.522885631
   -0.475998887    1.047197551   31.399560064   41.682611883    2.562968843
   -0.285599332    1.047197551   38.265019890   29.499628137    3.967258054
   -0.095199777    1.047197551   42.448412274   14.205474559    6.045671748
    0.095199777    1.047197551   43.753900414   -0.017456144    9.000757484
    0.285599332    1.047197551   42.751159308   -9.529376361   12.742774268
    0.475998887    1.047197551   40.587471556  -12.000477620   16.771361771
    0.666398442    1.047197551   38.665563557   -7.114119679   20.253062727
    0.856797996    1.047197551   38.238933284    3.117832940   22.269767824
    1.047197551    1.047197551   39.991684580   15.171982923   22.203369557
    1.237597106    1.047197551   43.882770889   24.982596744   20.008181844
    1.427996661    1.047197551   49.183363997   29.669322479   16.239523236
    1.618396215    1.047197551   54.797226093   28.315951962   11.780621323
    1.808795770    1.047197551   59.634947839   21.758197194    7.463513171
    1.999195325    1.047197551   62.863167307   11.717986177    3.786623616
    2.189594880    1.047197551   63.975740527   -0.237541650    0.860263444
    2.379994435    1.047197551   62.724105830  -12.966819751   -1.447487726
    2.570393989    1.047197551   59.053916099  -25.438277778   -3.302639506
    2.760793544    1.047197551   53.139201733  -36.276262824   -4.764864682
    2.951193099    1.047197551   45.476096846  -43.455311858   -5.773389187

   -3.141592654    1.396263402   33.400439267  -46.596896605   -9.899242095
   -2.951193099    1.396263402   25.006706097  -40.644304344  -10.040384497
   -2.760793544    1.396263402   18.213724468  -30.269931465   -9.352721929
   -2.570393989    1.396263402   13.517276633  -19.328187164   -8.027935260
   -2.379994435    1.396263402   10.630383542  -11.833763887   -6.348459100
   -2.189594880    1.396263402    8.655469477   -9.813170324   -4.576267359
   -1.999195325    1.396263402    6.626970882  -11.873176351   -2.892932112
   -1.808795770    1.396263402    4.144847846  -13.736210508   -1.405364949
   -1.618396215    1.396263402    1.713111208  -10.669784041   -0.184085075
   -1.427996661    1.396263402    0.548899892   -0.357664129    0.717856045
   -1.237597106    1.396263402    1.938481027   15.556098310    1.288566310
   -1.047197551    1.396263402    6.527089697   32.284409870    1.591997396
   -0.856797996    1.396263402   13.943761439   44.431883197    1.775512908
   -0.666398442    1.396263402   22.934084567   48.449228285    2.062838021
   -0.475998887    1.396263402   31.853262792   43.815389996    2.708913855
   -0.285599332    1.396263402   39.220586580   32.685187916    3.951862175
   -0.095199777    1.396263402   44.126283815   18.611271536    5.947813630
    0.095199777    1.396263402   46.375719267    5.419528198    8.672798281
    0.285599332    1.396263402   46.455657360   -3.759554555   11.838744661
    0.475998887    1.396263402   45.334179319   -7.028335480   14.884686454
    0.666398442    1.396263402   44.182344071   -4.186582159   17.112213634
    0.856797996    1.396263402   44.045416513    3.153074905   17.904795562
    1.047197551    1.396263402   45.516933403   12.239844545   16.998493282
    1.237597106    1.396263402   48.621548670   19.835225575   14.584734412
    1.427996661    1.396263402   52.825983397   23.516783447   11.239579020
    1.618396215    1.396263402   57.265796776   22.293109918    7.649057418
    1.808795770    1.396263402   61.024618372   16.503054214    4.334386208
    1.999195325    1.396263402   63.332605208    7.273195705    1.499063123
    2.189594880    1.396263402   63.650146444   -4.213204175   -0.935630745
    2.379994435    1.396263402   61.655762017  -16.837507892   -3.163112887
    2.570393989    1.396263402   57.247662022  -29.302032379   -5.304517783
    2.760793544    1.396263402   50.616764222  -39.854774379   -7.300810086
    2.951193099    1.396263402   42.339185610  -46.224055966   -8.924746550

   -3.141592654    1.745329252   28.929582656  -48.577562361  -13.306711361
   -2.951193099    1.745329252   20.339171980  -40.694659943  -13.838644679
   -2.760793544    1.745329252   13.718525632  -28.461413607  -13.182846151
   -2.570393989    1.745329252    9.507449699  -16.143656950  -11.466957406
   -2.379994435    1.745329252    7.305554894   -7.935694394   -8.991235001
   -2.189594880    1.745329252    6.090165520   -5.826230462   -6.088522307
   -1.999195325    1.745329252    4.789475817   -8.286159570   -3.045161045
   -1.808795770    1.745329252    2.921927717  -10.922093144   -0.105814927
   -1.618396215    1.745329252    0.930821543   -8.889271440    2.485946854
   -1.427996661    1.745329252    0.000000000    0.321687165    4.491941397
   -1.237597106    1.745329252    1.430996308   15.372838357    5.757841001
   -1.047197551    1.745329252    5.945349972   31.788008787    6.298210473
   -0.856797996    1.745329252   13.294227214   44.330336302    6.312029770
   -0.666398442    1.745329252   22.355087839   49.374740358    6.123837208
   -0.475998887    1.745329252   31.581727449   46.150367356    6.073566633
   -0.285599332    1.745329252   39.534993408   36.483150882    6.421298512
   -0.095199777    1.745329252   45.281950600   23.572757282    7.276049369
    0.095199777    1.745329252   48.537975194   10.892281925    8.545232266
    0.285599332    1.745329252   49.636293898    1.282759042    9.921905960
    0.475998887    1.745329252   49.350044580   -3.460994103   10.958999255
    0.666398442    1.745329252   48.666113839   -2.941376240   11.234440068
    0.856797996    1.745329252   48.515612201    1.783309894   10.513543958
    1.047197551    1.745329252   49.503674000    8.647059523    8.879478457
    1.237597106    1.745329252   51.785084024   14.962934502    6.670723883
    1.427996661    1.745329252   55.025760663   18.426670347    4.340834693
    1.618396215    1.745329252   58.539136802   17.733161724    2.235638707
    1.808795770    1.745329252   61.500319377   12.668066681    0.463512215
    1.999195325    1.745329252   63.126198714    3.866701180   -1.108424279
    2.189594880    1.745329252   62.795594746   -7.695921176   -2.745710870
    2.379994435    1.745329252   60.099172022  -20.760688926   -4.682621573
    2.570393989    1.745329252   54.899828412  -33.646639072   -6.979922292
    2.760793544    1.745329252   47.435194767  -44.151480761   -9.457127740
    2.951193099    1.745329252   38.401298745  -49.730420080  -11.722048758

   -3.141592654    2.094395102   23.816966361  -51.224986672  -13.015649155
   -2.951193099    2.094395102   14.929743792  -41.104785349  -13.516485219
   -2.760793544    2.094395102    8.457449737  -26.524389030  -12.750073057
   -2.570393989    2.094395102    4.810909694  -12.250767763  -10.797916155
   -2.379994435    2.094395102    3.485608084   -2.735990733   -7.936500658
   -2.189594880    2.094395102    3.331117597    0.013933657   -4.488433042
   -1.999195325    2.094395102    3.156919214   -2.385045517   -0.747180727
   -1.808795770    2.094395102    2.376191087   -5.496318555    2.996483406
   -1.618396215    2.094395102    1.331736454   -4.454446251    6.392569088
   -1.427996661    2.094395102    1.118210346    3.374588481    9.045599229
   -1.237597106    2.094395102    2.989522774   16.959109600   10.644633825
   -1.047197551    2.094395102    7.687915841   32.206119681   11.114548627
   -0.856797996    2.094395102   15.049885387   44.146982012   10.668729941
   -0.666398442    2.094395102   24.067003629   49.179250033    9.723168826
   -0.475998887    2.094395102   33.289736439   46.340648696    8.723871113
   -0.285599332    2.094395102   41.326488056   37.154285745    7.992163906
   -0.095199777    2.094395102   47.231333634   24.500430772    7.626877798
    0.095199777    2.094395102   50.651217128   11.584970358    7.492842461
    0.285599332    2.094395102   51.812867235    1.153878830    7.278525965
    0.475998887    2.094395102   51.387003847   -4.838304513    6.645886672
    0.666398442    2.094395102   50.315520351   -5.594921272    5.409205723
    0.856797996    2.094395102   49.571625522   -1.665268861    3.639052052
    1.047197551    2.094395102   49.888589462    5.184396642    1.663817872
    1.237597106    2.094395102   51.570791676   12.233690080   -0.112197798
    1.427996661    2.094395102   54.392584624   16.771267146   -1.385687418
    1.618396215    2.094395102   57.681214343   16.956618294   -2.107712247
    1.808795770    2.094395102   60.531814102   12.163190221   -2.485344103
    1.999195325    2.094395102   62.027164641    2.880985645   -2.875169698
    2.189594880    2.094395102   61.412841105   -9.764481549   -3.634871898
    2.379994435    2.094395102   58.196844838  -24.148829128   -4.988550472
    2.570393989    2.094395102   52.241409247  -38.118381140   -6.939063717
    2.760793544    2.094395102   43.874691836  -49.000487677   -9.241805002
    2.951193099    2.094395102   33.958447999  -53.972733989  -11.444089277

   -3.141592654    2.443460953   19.736217843  -53.227304923   -7.965415021
   -2.951193099    2.443460953   10.646987258  -41.169619884   -7.726144386
   -2.760793544    2.443460953    4.362110729  -24.511360468   -6.445620250
   -2.570393989    2.443460953    1.276976084   -8.443611552   -4.204736757
   -2.379994435    2.443460953    0.809539952    2.384121244   -1.227501311
   -2.189594880    2.443460953    1.716884725    5.974463498    2.251712788
   -1.999195325    2.443460953    2.724017770    3.989463637    6.028026125
   -1.808795770    2.443460953    3.157759003    0.788824576    9.857430156
   -1.618396215    2.443460953    3.250539449    1.084906530   13.364982280
   -1.427996661    2.443460953    3.965175188    7.480507347   16.060336688
   -1.237597106    2.443460953    6.443849510   19.192952735   17.505582216
   -1.047197551    2.443460953   11.387809141   32.594419758   17.523157563
   -0.856797996    2.443460953   18.683064663   43.157211282   16.292287148
   -0.666398442    2.443460953   27.434243619   47.479002105   14.258749638
   -0.475998887    2.443460953   36.313434335   44.501181725   11.929711512
   -0.285599332    2.443460953   44.010193522   35.429778085    9.675077921
   -0.095199777    2.443460953   49.590801596   22.775938824    7.609259037
    0.095199777    2.443460953   52.652734465    9.470154274    5.608586461
    0.285599332    2.443460953   53.342026781   -1.749833755    3.429498478
    0.475998887    2.443460953   52.275859696   -8.639073527    0.910374969
    0.666398442    2.443460953   50.420434062   -9.922161630   -1.857884985
    0.856797996    2.443460953   48.861917601   -5.726791695   -4.503383543
    1.047197551    2.443460953   48.499598353    2.238178445   -6.504789357
    1.237597106    2.443460953   49.772195397   10.923448538   -7.471901004
    1.427996661    2.443460953   52.498400516   17.018608523   -7.332231707
    1.618396215    2.443460953   55.935924745   18.140896639   -6.376875555
    1.808795770    2.443460953   59.031594292   13.405875745   -5.119135065
    1.999195325    2.443460953   60.702059799    3.362334613   -4.082144714
    2.189594880    2.443460953   60.062258336  -10.568584588   -3.635221374
    2.379994435    2.443460953   56.557146940  -26.363887154   -3.918850766
    2.570393989    2.443460953   50.065341926  -41.453955106   -4.841275282
    2.760793544    2.443460953   41.007531237  -52.784043697   -6.113875728
    2.951193099    2.443460953   30.398278496  -57.312260104   -7.307915444

   -3.141592654    2.792526803   18.098556589  -53.162123316    1.858621656
   -2.951193099    2.792526803    9.145289996  -39.785853143    3.336443330
   -2.760793544    2.792526803    3.255871371  -21.761417567    5.166541431
   -2.570393989    2.792526803    0.810953297   -4.514687414    7.237471501
   -2.379994435    2.792526803    1.184286352    7.249794971    9.462646539
   -2.189594880    2.792526803    3.091754094   11.584453299   11.848137986
   -1.999195325    2.792526803    5.221397715   10.118310710   14.439425402
   -1.808795770    2.792526803    6.837293727    6.971049642   17.172936170
   -1.618396215    2.792526803    8.051127448    6.521384131   19.748441909
   -1.427996661    2.792526803    9.653886066   11.222568665   21.653186819
   -1.237597106    2.792526803   12.624209513   20.541336764   22.366512411
   -1.047197551    2.792526803   17.582556914   31.436227511   21.616691484
   -0.856797996    2.792526803   24.454880409   39.993592642   19.520294710
   -0.666398442    2.792526803   32.479260173   43.149005797   16.507455223
   -0.475998887    2.792526803   40.486999741   39.783904102   13.108445189
   -0.285599332    2.792526803   47.285001742   30.739243318    9.730199441
   -0.095199777    2.792526803   51.976766961   18.103455580    6.517132528
    0.095199777    2.792526803   54.129865906    4.544898886    3.381256620
    0.285599332    2.792526803   53.839271083   -7.126407130    0.148476285
    0.475998887    2.792526803   51.716397377  -14.287644512   -3.220560457
    0.666398442    2.792526803   48.808614434  -15.178904886   -6.488535916
    0.856797996    2.792526803   46.359593872   -9.649105237   -9.166858762
    1.047197551    2.792526803   45.440420331    0.407889307  -10.720324110
    1.237597106    2.792526803   46.584089856   11.380468631  -10.865018237
    1.427996661    2.792526803   49.580401706   19.273803664   -9.716964532
    1.618396215    2.792526803   53.544844139   21.249679801   -7.743653439
    1.808795770    2.792526803   57.232730799   16.369708814   -5.541986807
    1.999195325    2.792526803   59.392504692    5.449648809   -3.595120516
    2.189594880    2.792526803   59.037900954   -9.679953180   -2.141395536
    2.379994435    2.792526803   55.589410316  -26.617937783   -1.175135269
    2.570393989    2.792526803   48.965980088  -42.505100321   -0.525652866
    2.760793544    2.792526803   39.675108749  -54.077697986    0.047558998
    2.951193099    2.792526803   28.847225394  -58.215515492    0.784849771
