#! FIELDS phi psi file.free der_phi der_psi
#! SET min_phi -pi
#! SET max_phi pi
#! SET nbins_phi  33
#! SET periodic_phi true
#! SET min_psi -pi
#! SET max_psi pi
#! SET nbins_psi  18
#! SET periodic_psi true
   -3.141592654   -3.141592654   19.094057799  -55.043902747   15.134035139
   -2.951193099   -3.141592654   10.284948494  -36.708268258   17.543227005
   -2.760793544   -3.141592654    5.289735314  -15.944036762   19.230768646
   -2.570393989   -3.141592654    4.011690658    1.506467959   20.263341189
   -2.379994435   -3.141592654    5.414815467   11.881896452   20.966672276
   -2.189594880   -3.141592654    8.049498050   14.661760128   21.831449448
   -1.999195325   -3.141592654   10.681829274   12.502625952   23.289691508
   -1.808795770   -3.141592654   12.768012195    9.646297057   25.459051042
   -1.618396215   -3.141592654   14.559946114    9.919672574   28.001348740
   -1.427996661   -3.141592654   16.864269351   15.096086246   30.208663427
   -1.237597106   -3.141592654   20.577558413   24.357406240   31.289158667
   -1.047197551   -3.141592654   26.230910331   34.866324078   30.699042376
   -0.856797996   -3.141592654   33.718697524   43.016811380   28.335934576
   -0.666398442   -3.141592654   42.283274485   45.743055858   24.490998138
   -0.475998887   -3.141592654   50.708747439   41.406020577   19.659933194
   -0.285599332   -3.141592654   57.622029810   30.015453649   14.326827534
   -0.095199777   -3.141592654   61.801932672   13.105220650    8.819128829
    0.095199777   -3.141592654   62.460772440   -6.365990844    3.311926151
    0.285599332   -3.141592654   59.501110475  -24.137099795   -2.071537239
    0.475998887   -3.141592654   53.705105091  -35.336957852   -7.096386151
    0.666398442   -3.141592654   46.731173793  -36.006959363  -11.344783929
    0.856797996   -3.141592654   40.760308150  -24.942504581  -14.284270010
    1.047197551   -3.141592654   37.827987559   -4.899556321  -15.485999310
    1.237597106   -3.141592654   39.081494082   17.830900330  -14.866654144
    1.427996661   -3.141592654   44.308363160   35.640187326  -12.756052885
    1.618396215   -3.141592654   51.960169381   42.586003736   -9.754708026
    1.808795770   -3.141592654   59.686722174   36.401596153   -6.467362828
    1.999195325   -3.141592654   65.090753182   18.770769848   -3.275653949
    2.189594880   -3.141592654   66.391842780   -5.793680924   -0.263561021
    2.379994435   -3.141592654   62.812337872  -31.499115833    2.691929385
    2.570393989   -3.141592654   54.685036743  -52.692058941    5.750427138
    2.760793544   -3.141592654   43.324841347  -64.860035815    8.955339968
    2.951193099   -3.141592654   30.725460204  -65.538041632   12.174357519

   -3.141592654   -2.792526803   25.880177733  -50.289651225   22.824966942
   -2.951193099   -2.792526803   17.815551456  -33.696986384   25.243677250
   -2.760793544   -2.792526803   13.225809728  -14.650056761   26.475716402
   -2.570393989   -2.792526803   12.072379042    1.655557682   26.727714652
   -2.379994435   -2.792526803   13.471010224   11.866907518   26.505368469
   -2.189594880   -2.792526803   16.171588999   15.524804732   26.434934010
   -1.999195325   -2.792526803   19.108205774   14.887817422   26.996153751
   -1.808795770   -2.792526803   21.790727140   13.431283336   28.275417436
   -1.618396215   -2.792526803   24.365779417   14.144789580   29.874161667
   -1.427996661   -2.792526803   27.399438909   18.272617888   31.039396507
   -1.237597106   -2.792526803   31.498165410   25.029075819   30.970321690
   -1.047197551   -2.792526803   36.962615785   32.140814339   29.150362451
   -0.856797996   -2.792526803   43.593597663   36.802156352   25.535346454
   -0.666398442   -2.792526803   50.686627114   36.654545708   20.505607274
   -0.475998887   -2.792526803   57.185590256   30.451646217   14.669433556
   -0.285599332   -2.792526803   61.919125743   18.246889824    8.628878170
   -0.095199777   -2.792526803   63.852365475    1.411614874    2.811173505
    0.095199777   -2.792526803   62.347281373  -17.295793996   -2.547534936
    0.285599332   -2.792526803   57.427192205  -33.686515516   -7.311337299
    0.475998887   -2.792526803   49.996097246  -42.840286129  -11.295950378
    0.666398442   -2.792526803   41.844635586  -40.754842455  -14.207375236
    0.856797996   -2.792526803   35.274729024  -26.418926397  -15.699598594
    1.047197551   -2.792526803   32.376502710   -3.100388009  -15.557707016
    1.237597106   -2.792526803   34.237537666   22.269145766  -13.870362800
    1.427996661   -2.792526803   40.476298793   41.644704642  -11.041566241
    1.618396215   -2.792526803   49.331549633   49.073168534   -7.614695157
    1.808795770   -2.792526803   58.280391021   42.690790259   -4.037134264
    1.999195325   -2.792526803   64.849245854   24.738033088   -0.495644845
    2.189594880   -2.792526803   67.276818578    0.130946661    3.080526210
    2.379994435   -2.792526803   64.849425003  -25.280500287    6.870616912
    2.570393989   -2.792526803   57.943579252  -46.103839120   10.970328646
    2.760793544   -2.792526803   47.851259133  -58.223765186   15.252878667
    2.951193099   -2.792526803   36.471968695  -59.492915722   19.362522685

   -3.141592654   -2.443460953   33.846647203  -45.201171937   21.378750010
   -2.951193099   -2.443460953   26.549070941  -30.775979718   23.381123916
   -2.760793544   -2.443460953   22.311433552  -13.806721891   24.293649549
   -2.570393989   -2.443460953   21.170759342    1.099677616   24.351413423
   -2.379994435   -2.443460953   22.411061511   10.939449631   24.008666110
   -2.189594880   -2.443460953   24.978773690   15.188896576   23.754934814
   -1.999195325   -2.443460953   27.949662126   15.600412545   23.897478290
   -1.808795770   -2.443460953   30.849404193   14.885100490   24.392930937
   -1.618396215   -2.443460953   33.695715117   15.335118612   24.828971178
   -1.427996661   -2.443460953   36.826413725   17.892249463   24.577851629
   -1.237597106   -2.443460953   40.613612925   22.015269501   23.068040871
   -1.047197551   -2.443460953   45.214974878   26.107380560   20.043970271
   -0.856797996   -2.443460953   50.435255898   28.155961576   15.680070301
   -0.666398442   -2.443460953   55.709282527   26.399368680   10.484427371
   -0.475998887   -2.443460953   60.198533666   19.809775376    5.084278901
   -0.285599332   -2.443460953   62.954422569    8.272048400    0.003416517
   -0.095199777   -2.443460953   63.108336311   -7.220035908   -4.470044206
    0.095199777   -2.443460953   60.112709215  -24.291356996   -8.262194167
    0.285599332   -2.443460953   54.022719300  -38.959599880  -11.391024425
    0.475998887   -2.443460953   45.757156945  -46.305936617  -13.817118973
    0.666398442   -2.443460953   37.131359338  -42.230765836  -15.383580867
    0.856797996   -2.443460953   30.482007127  -25.754152304  -15.862140352
    1.047197551   -2.443460953   27.907643527   -0.393796186  -15.105874319
    1.237597106   -2.443460953   30.443775588   26.556152078  -13.186866433
    1.427996661   -2.443460953   37.595512306   46.834745374  -10.412171943
    1.618396215   -2.443460953   47.474421202   54.557882153   -7.183186649
    1.808795770   -2.443460953   57.471179159   48.202033186   -3.819857486
    1.999195325   -2.443460953   65.100018509   30.404460782   -0.440981904
    2.189594880   -2.443460953   68.648876690    6.294213806    3.022819945
    2.379994435   -2.443460953   67.464264213  -18.376276149    6.700056516
    2.570393989   -2.443460953   61.937942329  -38.580370662   10.623818172
    2.760793544   -2.443460953   53.295877225  -50.646474501   14.626883023
    2.951193099   -2.443460953   43.297536670  -52.731613439   18.354076542

   -3.141592654   -2.094395102   39.876336515  -41.355647169   14.009331266
   -2.951193099   -2.094395102   33.163321466  -28.500658301   15.380450589
   -2.760793544   -2.094395102   29.218009820  -12.955374459   16.062070644
   -2.570393989   -2.094395102   28.141109363    1.022497766   16.201214973
   -2.379994435   -2.094395102   29.328761221   10.563147895   16.021781230
   -2.189594880   -2.094395102   31.835383814   14.971004224   15.705577589
   -1.999195325   -2.094395102   34.785398093   15.557394171   15.292077060
   -1.808795770   -2.094395102   37.656561053   14.505743834   14.637593625
   -1.618396215   -2.094395102   40.329893702   13.743032482   13.474100459
   -1.427996661   -2.094395102   42.971418546   14.233392149   11.539679542
   -1.237597106   -2.094395102   45.827999245   15.896730345    8.726118899
   -1.047197551   -2.094395102   49.049103598   17.857510607    5.167347137
   -0.856797996   -2.094395102   52.569451023   18.759206284    1.218231952
   -0.666398442   -2.094395102   56.046015526   17.131735271   -2.679079792
   -0.475998887   -2.094395102   58.872796879   11.771082194   -6.151323693
   -0.285599332   -2.094395102   60.264920833    2.039077084   -9.005265848
   -0.095199777   -2.094395102   59.407335401  -11.651065891  -11.254314038
    0.095199777   -2.094395102   55.710385450  -27.299196445  -13.045224844
    0.285599332   -2.094395102   49.147022242  -40.970343627  -14.528445293
    0.475998887   -2.094395102   40.575383688  -47.509744740  -15.738857176
    0.666398442   -2.094395102   31.806214380  -42.482957328  -16.550174257
    0.856797996   -2.094395102   25.223560408  -24.738961321  -16.715342105
    1.047197551   -2.094395102   22.980635135    2.096774192  -16.006019129
    1.237597106   -2.094395102   26.125693336   30.415638901  -14.350151065
    1.427996661   -2.094395102   34.113431697   51.672321041  -11.898476600
    1.618396215   -2.094395102   44.968031236   59.889665818   -8.944097342
    1.808795770   -2.094395102   55.998721529   53.688223120   -5.794674128
    1.999195325   -2.094395102   64.679268863   35.965376000   -2.650062833
    2.189594880   -2.094395102   69.302440250   12.032599097    0.431536395
    2.379994435   -2.094395102   69.236230544  -12.368152326    3.473540302
    2.570393989   -2.094395102   64.873436631  -32.412665741    6.483131486
    2.760793544   -2.094395102   57.393064246  -44.701379452    9.373092679
    2.951193099   -2.094395102   48.462203113  -47.571576972   11.956037786

   -3.141592654   -1.745329252   42.970736921  -39.120231615    5.849391982
   -2.951193099   -1.745329252   36.594893964  -27.208677028    6.492369629
   -2.760793544   -1.745329252   32.808480010  -12.560025503    6.813237163
   -2.570393989   -1.745329252   31.733785421    0.680896364    6.839511404
   -2.379994435   -1.745329252   32.797970187    9.617877590    6.568439161
   -2.189594880   -1.745329252   35.066055431   13.385190049    5.929495905
   -1.999195325   -1.745329252   37.634115571   13.074176502    4.792783639
   -1.808795770   -1.745329252   39.918070341   10.766663412    3.024539588
   -1.618396215   -1.745329252   41.739115457    8.519412668    0.575571020
   -1.427996661   -1.745329252   43.251872763    7.662722871   -2.449759570
   -1.237597106   -1.745329252   44.772704508    8.574868998   -5.777842127
   -1.047197551   -1.745329252   46.599337128   10.709290538   -9.018233123
   -0.856797996   -1.745329252   48.853070996   12.752136179  -11.768662824
   -0.666398442   -1.745329252   51.351821737   12.943757743  -13.744717879
   -0.475998887   -1.745329252   53.572058499    9.577033824  -14.864080681
   -0.285599332   -1.745329252   54.711485090    1.489791682  -15.264580323
   -0.095199777   -1.745329252   53.852776898  -11.241852229  -15.246680091
    0.095199777   -1.745329252   50.265598687  -26.660928657  -15.158926703
    0.285599332   -1.745329252   43.802384471  -40.599304587  -15.259222066
    0.475998887   -1.745329252   35.265569920  -47.489716741  -15.612009834
    0.666398442   -1.745329252   26.491249668  -42.472679437  -16.060046855
    0.856797996   -1.745329252   19.954125301  -24.172310990  -16.272787826
    1.047197551   -1.745329252   17.913931503    3.725837831  -15.896400612
    1.237597106   -1.745329252   21.489307691   33.297279047  -14.705383558
    1.427996661   -1.745329252   30.134975652   55.638200048  -12.714950935
    1.618396215   -1.745329252   41.816613775   64.522566122  -10.149152526
    1.808795770   -1.745329252   53.757526362   58.541127983   -7.338298464
    1.999195325   -1.745329252   63.357781878   40.730279783   -4.585949320
    2.189594880   -1.745329252   68.869012222   16.579990573   -2.081068769
    2.379994435   -1.745329252   69.646502587   -8.058828869    0.108255167
    2.570393989   -1.745329252   66.080325230  -28.368614943    1.988132929
    2.760793544   -1.745329252   59.336222524  -41.044218239    3.577861892
    2.951193099   -1.745329252   51.049065571  -44.512136373    4.872949022

   -3.141592654   -1.396263402   42.038109051  -39.662755355    2.876497065
   -2.951193099   -1.396263402   35.562923706  -27.684898641    2.876632793
   -2.760793544   -1.396263402   31.704451132  -12.839473239    2.610836808
   -2.570393989   -1.396263402   30.591484816    0.524452078    2.062613951
   -2.379994435   -1.396263402   31.612922658    9.245356767    1.147871982
   -2.189594880   -1.396263402   33.746475927   12.240915292   -0.289055422
   -1.999195325   -1.396263402   35.975181049   10.566997435   -2.417217362
   -1.808795770   -1.396263402   37.621562249    6.558208848   -5.302936640
   -1.618396215   -1.396263402   38.487155350    2.769646544   -8.797998989
   -1.427996661   -1.396263402   38.813387377    1.116520757  -12.510211707
   -1.237597106   -1.396263402   39.102833534    2.399679856  -15.890857419
   -1.047197551   -1.396263402   39.887226721    6.128424898  -18.399325735
   -0.856797996   -1.396263402   41.494463261   10.636896250  -19.672354781
   -0.666398442   -1.396263402   43.849131134   13.519306423  -19.634633742
   -0.475998887   -1.396263402   46.401549870   12.354157152  -18.502977547
   -0.285599332   -1.396263402   48.200829318    5.443758664  -16.714033664
   -0.095199777   -1.396263402   48.109230681   -7.343621617  -14.794522186
    0.095199777   -1.396263402   45.171125865  -23.888317977  -13.207548501
    0.285599332   -1.396263402   39.075583522  -39.555226389  -12.217772450
    0.475998887   -1.396263402   30.571302421  -48.129324845  -11.826393981
    0.666398442   -1.396263402   21.565971971  -44.102434772  -11.799993106
    0.856797996   -1.396263402   14.710114801  -25.703211067  -11.765531045
    1.047197551   -1.396263402   12.476328965    3.373673962  -11.377081685
    1.237597106   -1.396263402   16.153316246   34.755715982  -10.430958584
    1.427996661   -1.396263402   25.254017929   58.888299801   -8.937831332
    1.618396215   -1.396263402   37.681277430   68.960254520   -7.067416050
    1.808795770   -1.396263402   50.510962362   63.278991727   -5.057525944
    1.999195325   -1.396263402   60.975624481   44.950734762   -3.122029890
    2.189594880   -1.396263402   67.197598108   19.765150817   -1.400153761
    2.379994435   -1.396263402   68.467936241   -6.070723031    0.042911650
    2.570393989   -1.396263402   65.174540954  -27.454405691    1.189141407
    2.760793544   -1.396263402   58.523255519  -40.932054955    2.041007663
    2.951193099   -1.396263402   50.207072661  -44.877529174    2.601674007

   -3.141592654   -1.047197551   40.093360363  -41.186080292    2.921954663
   -2.951193099   -1.047197551   33.341891822  -29.054154416    1.852429012
   -2.760793544   -1.047197551   29.237759265  -14.075194947    0.395161306
   -2.570393989   -1.047197551   27.882853185   -0.848527427   -1.356444754
   -2.379994435   -1.047197551   28.593542392    7.264197125   -3.388139166
   -2.189594880   -1.047197551   30.250183841    9.134596106   -5.799034836
   -1.999195325   -1.047197551   31.753770704    6.041406850   -8.727595728
   -1.808795770   -1.047197551   32.413959888    0.807868376  -12.189201450
   -1.618396215   -1.047197551   32.125483542   -3.427065255  -15.932145018
   -1.427996661   -1.047197551   31.322716958   -4.332111819  -19.429480881
   -1.237597106   -1.047197551   30.744905835   -1.078345886  -22.035510672
   -1.047197551   -1.047197551   31.123804231    5.434467376  -23.223464047
   -0.856797996   -1.047197551   32.881883447   12.873179801  -22.780178223
   -0.666398442   -1.047197551   35.903087593   18.138525017  -20.875508072
   -0.475998887   -1.047197551   39.480910795   18.302964362  -17.990032191
   -0.285599332   -1.047197551   42.439593113   11.461860435  -14.764698873
   -0.095199777   -1.047197551   43.408847752   -2.385141608  -11.809119905
    0.095199777   -1.047197551   41.252533749  -20.712011930   -9.528807888
    0.285599332   -1.047197551   35.574590340  -38.320665733   -8.024442483
    0.475998887   -1.047197551   27.149358774  -48.433048153   -7.112242813
    0.666398442   -1.047197551   18.002849028  -45.134094863   -6.457697972
    0.856797996   -1.047197551   10.955598922  -26.553406537   -5.734700697
    1.047197551   -1.047197551    8.638126697    3.426904294   -4.776472273
    1.237597106   -1.047197551   12.440055655   36.014865261   -3.586704895
    1.427996661   -1.047197551   21.888763312   61.217725706   -2.297498922
    1.618396215   -1.047197551   34.826660409   71.891415894   -1.050786333
    1.808795770   -1.047197551   48.224489300   66.208308860    0.074588838
    1.999195325   -1.047197551   59.202562090   47.331902590    1.071671103
    2.189594880   -1.047197551   65.795223694   21.235715416    1.961836688
    2.379994435   -1.047197551   67.247092096   -5.636878588    2.738092031
    2.570393989   -1.047197551   63.944343543  -27.952279485    3.333222839
    2.760793544   -1.047197551   57.129408692  -42.100104345    3.633837012
    2.951193099   -1.047197551   48.554022376  -46.375189357    3.519862792

   -3.141592654   -0.698131701   39.720685824  -44.375060527    2.594764578
   -2.951193099   -0.698131701   32.301852244  -32.820440975    0.896606974
   -2.760793544   -0.698131701   27.451594598  -18.097666505   -1.233061250
   -2.570393989   -0.698131701   25.320860017   -4.967426854   -3.667693067
   -2.379994435   -0.698131701   25.231260155    2.938884391   -6.343683107
   -2.189594880   -0.698131701   26.022720963    4.324185844   -9.300366341
   -1.999195325   -0.698131701   26.550202219    0.606036034  -12.597630512
   -1.808795770   -0.698131701   26.137046399   -4.927519010  -16.136257572
   -1.618396215   -0.698131701   24.793555753   -8.588095046  -19.524142273
   -1.427996661   -0.698131701   23.155052752   -7.754438758  -22.124840603
   -1.237597106   -0.698131701   22.171892538   -1.788171623  -23.296135345
   -1.047197551   -0.698131701   22.707742005    7.792513592  -22.679788553
   -0.856797996   -0.698131701   25.180523641   17.891571384  -20.372601286
   -0.666398442   -0.698131701   29.332042555   24.781649858  -16.888189858
   -0.475998887   -0.698131701   34.223077258   25.220053214  -12.956348122
   -0.285599332   -0.698131701   38.421311969   17.371900638   -9.275595134
   -0.095199777   -0.698131701   40.348258531    1.667147516   -6.291771023
    0.095199777   -0.698131701   38.766437856  -18.702231540   -4.079734238
    0.285599332   -0.698131701   33.311227032  -37.860638676   -2.373586334
    0.475998887   -0.698131701   24.899064448  -48.595522789   -0.757366454
    0.666398442   -0.698131701   15.741662491  -44.954401921    1.069190218
    0.856797996   -0.698131701    8.814197089  -25.439111392    3.111782960
    1.047197551   -0.698131701    6.808360969    5.545219970    5.065139068
    1.237597106   -0.698131701   11.081680375   38.750257445    6.526108951
    1.427996661   -0.698131701   21.067025601   64.021072649    7.221903931
    1.618396215   -0.698131701   34.509233992   74.326821944    7.163494698
    1.808795770   -0.698131701   48.318732334   68.082281536    6.614974015
    1.999195325   -0.698131701   59.599514071   48.645982339    5.931025602
    2.189594880   -0.698131701   66.392792260   22.034330723    5.378796990
    2.379994435   -0.698131701   67.945092032   -5.397990730    5.039096907
    2.570393989   -0.698131701   64.623364801  -28.421113247    4.805168052
    2.760793544   -0.698131701   57.636838486  -43.461916959    4.460365074
    2.951193099   -0.698131701   48.709929962  -48.703441741    3.773475969

   -3.141592654   -0.349065850   40.222931839  -47.759177490    2.053338203
   -2.951193099   -0.349065850   32.080669553  -36.983792418   -0.244263632
   -2.760793544   -0.349065850   26.385254873  -22.752758026   -2.935862646
   -2.570393989   -0.349065850   23.340701860   -9.883525627   -5.825100312
   -2.379994435   -0.349065850   22.293809276   -2.211577864   -8.785611554
   -2.189594880   -0.349065850   22.073451591   -1.169922542  -11.808108277
   -1.999195325   -0.349065850   21.523541405   -5.172800560  -14.899638613
   -1.808795770   -0.349065850   20.022309752  -10.432502725  -17.887536140
   -1.618396215   -0.349065850   17.740316781  -12.725319369  -20.303545339
   -1.427996661   -0.349065850   15.545160649   -9.272845760  -21.492035804
   -1.237597106   -0.349065850   14.590804753    0.099906987  -20.919715792
   -1.047197551   -0.349065850   15.807701408   12.951218218  -18.490334460
   -0.856797996   -0.349065850   19.495110100   25.249067446  -14.658397711
   -0.666398442   -0.349065850   25.130498647   32.729830214  -10.254040656
   -0.475998887   -0.349065850   31.464379877   32.199775862   -6.149968159
   -0.285599332   -0.349065850   36.815743709   22.403168881   -2.939447291
   -0.095199777   -0.349065850   39.500104276    4.643990262   -0.737446742
    0.095199777   -0.349065850   38.342794425  -17.043948057    0.816818975
    0.285599332   -0.349065850   33.171554646  -36.331179066    2.363305342
    0.475998887   -0.349065850   25.125681016  -46.160166711    4.474273966
    0.666398442   -0.349065850   16.552593832  -41.281524494    7.319772032
    0.856797996   -0.349065850   10.405762846  -21.091305614   10.533091459
    1.047197551   -0.349065850    9.207002427    9.466631583   13.356764225
    1.237597106   -0.349065850   14.100532099   41.202061542   15.049008176
    1.427996661   -0.349065850   24.372050935   64.561528608   15.239262840
    1.618396215   -0.349065850   37.753918215   73.252622099   14.081952368
    1.808795770   -0.349065850   51.264075166   66.156945730   12.127562616
    1.999195325   -0.349065850   62.160909560   46.650442263   10.027471275
    2.189594880   -0.349065850   68.606094585   20.414139308    8.252646593
    2.379994435   -0.349065850   69.888523245   -6.647881946    6.957950703
    2.570393989   -0.349065850   66.338805871  -29.641779429    5.999196999
    2.760793544   -0.349065850   59.085427172  -45.124824857    5.061563113
    2.951193099   -0.349065850   49.769687569  -51.165356874    3.814208933

   -3.141592654    0.000000000   40.756129678  -51.410208206    0.620550858
   -2.951193099    0.000000000   31.844408113  -41.360702674   -1.502349391
   -2.760793544    0.000000000   25.267960057  -27.564649552   -3.815239075
   -2.570393989    0.000000000   21.289317814  -14.840290852   -6.187668348
   -2.379994435    0.000000000   19.296676179   -7.176144700   -8.561250765
   -2.189594880    0.000000000   18.133458109   -6.094386133  -10.955741488
   -1.999195325    0.000000000   16.665465453   -9.818085328  -13.344938601
   -1.808795770    0.000000000   14.357244459  -14.105207949  -15.482814869
   -1.618396215    0.000000000   11.552635183  -14.348306596  -16.850691753
   -1.427996661    0.000000000    9.325504320   -7.862142673  -16.836577946
   -1.237597106    0.000000000    8.956732668    4.801441713  -15.077523181
   -1.047197551    0.000000000   11.327279500   20.147380524  -11.738881604
   -0.856797996    0.000000000   16.497655810   33.322265022   -7.527406109
   -0.666398442    0.000000000   23.608912090   39.888984511   -3.389145936
   -0.475998887    0.000000000   31.112917335   37.193201349   -0.099830324
   -0.285599332    0.000000000   37.180894357   24.980749520    2.052316753
   -0.095199777    0.000000000   40.182427398    5.597061416    3.369333881
    0.095199777    0.000000000   39.166946251  -16.237341384    4.582977913
    0.285599332    0.000000000   34.257970558  -34.174954213    6.512590436
    0.475998887    0.000000000   26.822940522  -41.867084942    9.633916267
    0.666398442    0.000000000   19.251011412  -35.230534301   13.774651408
    0.856797996    0.000000000   14.316840761  -14.724941948   18.101874651
    1.047197551    0.000000000   14.216560342   14.344558186   21.455090204
    1.237597106    0.000000000   19.784819076   43.269934277   22.898349416
    1.427996661    0.000000000   30.151481065   63.544675824   22.127351088
    1.618396215    0.000000000   43.099837540   69.910043408   19.548499740
    1.808795770    0.000000000   55.852848634   61.776240954   16.020577976
    1.999195325    0.000000000   65.914149986   42.421703206   12.442238552
    2.189594880    0.000000000   71.626298757   17.003924912    9.418243888
    2.379994435    0.000000000   72.345544394   -9.192883826    7.137123743
    2.570393989    0.000000000   68.363855352  -31.728535378    5.437769942
    2.760793544    0.000000000   60.710404826  -47.342619956    3.983782510
    2.951193099    0.000000000   50.919676840  -53.992160577    2.441989917

   -3.141592654    0.349065850   42.020660681  -53.808605598   -0.139658456
   -2.951193099    0.349065850   32.588461602  -44.391979300   -1.556372205
   -2.760793544    0.349065850   25.385223982  -31.068007135   -2.967462919
   -2.570393989    0.349065850   20.710439401  -18.613513079   -4.356124740
   -2.379994435    0.349065850   17.983965878  -11.091103877   -5.758266890
   -2.189594880    0.349065850   16.070548255  -10.025484242   -7.231287272
   -1.999195325    0.349065850   13.877501819  -13.411506858   -8.737299956
   -1.808795770    0.349065850   10.973081006  -16.619737437  -10.024132841
   -1.618396215    0.349065850    7.869482908  -14.815456998  -10.633525449
   -1.427996661    0.349065850    5.808477534   -5.587453969  -10.096422693
   -1.237597106    0.349065850    6.131868421    9.694143834   -8.226308482
   -1.047197551    0.349065850    9.602845048   26.556371428   -5.308679172
   -0.856797996    0.349065850   16.006391299   39.580075642   -2.032089280
   -0.666398442    0.349065850   24.171384843   44.510831129    0.847362877
   -0.475998887    0.349065850   32.341252805   39.551202791    2.874653807
   -0.285599332    0.349065850   38.674894152   25.585051582    4.117081426
   -0.095199777    0.349065850   41.733790145    5.879302716    5.142703673
    0.095199777    0.349065850   40.882759698  -14.509393885    6.753208216
    0.285599332    0.349065850   36.551533893  -29.699589376    9.605926062
    0.475998887    0.349065850   30.253413898  -34.499886003   13.834864551
    0.666398442    0.349065850   24.268228055  -26.258129820   18.876605912
    0.856797996    0.349065850   21.017553335   -6.454875703   23.596707313
    1.047197551    0.349065850   22.234691893   19.569827417   26.726109169
    1.237597106    0.349065850   28.387206493   44.079513777   27.414711417
    1.427996661    0.349065850   38.484725124   60.058514895   25.573333384
    1.618396215    0.349065850   50.464526012   63.532910542   21.843496628
    1.808795770    0.349065850   61.881868378   54.452142793   17.257280731
    1.999195325    0.349065850   70.596425478   35.827743764   12.795918123
    2.189594880    0.349065850   75.201739979   12.051729406    9.077278649
    2.379994435    0.349065850   75.146655298  -12.424568278    6.277129851
    2.570393989    0.349065850   70.675501166  -33.759633804    4.237858386
    2.760793544    0.349065850   62.689653147  -48.934677315    2.656692807
    2.951193099    0.349065850   52.582844797  -55.801370757    1.251097489

   -3.141592654    0.698131701   43.144373838  -55.624237395   -1.457618015
   -2.951193099    0.698131701   33.333812666  -46.517787642   -1.984555864
   -2.760793544    0.698131701   25.703586425  -33.388919807   -2.308914460
   -2.570393989    0.698131701   20.579368646  -20.984103856   -2.530542972
   -2.379994435    0.698131701   17.403796649  -13.423982952   -2.780394064
   -2.189594880    0.698131701   15.055144145  -12.241842199   -3.170873066
   -1.999195325    0.698131701   12.466454545  -15.294690082   -3.707734752
   -1.808795770    0.698131701    9.268571097  -17.729025635   -4.232895367
   -1.618396215    0.698131701    6.070526091  -14.618057307   -4.458859119
   -1.427996661    0.698131701    4.198112241   -3.795396997   -4.109013029
   -1.237597106    0.698131701    4.997921984   12.806046125   -3.091471028
   -1.047197551    0.698131701    9.124023755   30.145220501   -1.585359860
   -0.856797996    0.698131701   16.173534841   42.622872280    0.039864236
   -0.666398442    0.698131701   24.809095515   46.365260390    1.459941943
   -0.475998887    0.698131701   33.223770596   40.360674119    2.605863807
   -0.285599332    0.698131701   39.683456663   26.310843946    3.747342048
   -0.095199777    0.698131701   42.982836542    7.916275937    5.404704178
    0.095199777    0.698131701   42.746795234   -9.928211358    8.097441942
    0.285599332    0.698131701   39.573121552  -22.148080508   12.061880158
    0.475998887    0.698131701   34.944225479  -24.751359577   17.015668317
    0.666398442    0.698131701   30.878390049  -16.239020172   22.134318223
    0.856797996    0.698131701   29.367351105    1.385932523   26.260673112
    1.047197551    0.698131701   31.703227572   23.227364305   28.334657776
    1.237597106    0.698131701   38.081170700   42.797601643   27.825129176
    1.427996661    0.698131701   47.510407116   54.556907005   24.932950357
    1.618396215    0.698131701   58.177377434   55.590643369   20.455576184
    1.808795770    0.698131701   68.013369947   46.103593265   15.427447842
    1.999195325    0.698131701   75.229606023   28.635049231   10.733817468
    2.189594880    0.698131701   78.640218607    6.744377617    6.881522279
    2.379994435    0.698131701   77.755484219  -15.895807822    3.984728843
    2.570393989    0.698131701   72.757361348  -35.939240147    1.901969907
    2.760793544    0.698131701   64.424036730  -50.516260375    0.409574982
    2.951193099    0.698131701   54.025575817  -57.348140053   -0.676732901

   -3.141592654    1.047197551   41.470665779  -56.531192539   -4.975770372
   -2.951193099    1.047197551   31.571928744  -46.529080668   -4.518191316
   -2.760793544    1.047197551   24.012094704  -32.674071386   -3.638291658
   -2.570393989    1.047197551   19.066809563  -19.879565392   -2.606983784
   -2.379994435    1.047197551   16.106847938  -12.325303179   -1.675599358
   -2.189594880    1.047197551   13.941459572  -11.447902339   -1.007863386
   -1.999195325    1.047197551   11.466529336  -14.884914584   -0.647417147
   -1.808795770    1.047197551    8.320768566  -17.551351942   -0.536862725
   -1.618396215    1.047197551    5.155867673  -14.406686065   -0.564537488
   -1.427996661    1.047197551    3.343933164   -3.356775675   -0.615678251
   -1.237597106    1.047197551    4.249986354   13.457156253   -0.604113957
   -1.047197551    1.047197551    8.507382945   30.824996524   -0.476628882
   -0.856797996    1.047197551   15.676429829   43.190063251   -0.182099672
   -0.666398442    1.047197551   24.417603090   46.964018930    0.395396695
   -0.475998887    1.047197551   32.989822386   41.531202704    1.463839861
   -0.285599332    1.047197551   39.791035321   28.870875006    3.300981355
   -0.095199777    1.047197551   43.771568634   12.606099923    6.168804561
    0.095199777    1.047197551   44.657345698   -2.850646401   10.156145728
    0.285599332    1.047197551   43.021940352  -13.240589790   15.033486420
    0.475998887    1.047197551   40.156507301  -15.426465667   20.170863189
    0.666398442    1.047197551   37.751551835   -8.457256440   24.634288283
    0.856797996    1.047197551   37.424864294    5.784991752   27.428481865
    1.047197551    1.047197551   40.186529512   23.222295934   27.865321049
    1.237597106    1.047197551   46.149258759   38.578287651   25.830701490
    1.427996661    1.047197551   54.466229183   47.366022594   21.832314111
    1.618396215    1.047197551   63.618227288   47.157705554   16.760876696
    1.808795770    1.047197551   71.856554891   37.964394062   11.539242370
    1.999195325    1.047197551   77.628688043   21.696479342    6.830875478
    2.189594880    1.047197551   79.854985752    1.233017374    2.939555514
    2.379994435    1.047197551   78.043208247  -20.175686575   -0.106247388
    2.570393989    1.047197551   72.323220530  -39.283338552   -2.385590024
    2.760793544    1.047197551   63.427131277  -53.089666809   -3.954826434
    2.951193099    1.047197551   52.611135358  -59.135993342   -4.816432443

   -3.141592654    1.396263402   37.175248701  -56.598467227  -10.272952623
   -2.951193099    1.396263402   27.433078047  -44.854881306   -9.719477255
   -2.760793544    1.396263402   20.321470198  -29.743726659   -8.451639870
   -2.570393989    1.396263402   15.998871352  -16.386342592   -6.752970716
   -2.379994435    1.396263402   13.703575616   -8.935169791   -4.914322690
   -2.189594880    1.396263402   12.134245511   -8.637690703   -3.151485603
   -1.999195325    1.396263402   10.116926593  -12.916861581   -1.593530510
   -1.808795770    1.396263402    7.256774836  -16.527312918   -0.331024883
   -1.618396215    1.396263402    4.198740641  -14.297458145    0.543483261
   -1.427996661    1.396263402    2.333776568   -3.985150661    0.958603185
   -1.237597106    1.396263402    3.078177813   12.454349997    0.943352368
   -1.047197551    1.396263402    7.151988332   29.985951853    0.683943509
   -0.856797996    1.396263402   14.227882003   43.155721349    0.512990074
   -0.666398442    1.396263402   23.089824198   48.361530061    0.835040852
   -0.475998887    1.396263402   32.105326899   44.847395302    2.008199690
   -0.285599332    1.396263402   39.740930636   34.325653323    4.244564872
   -0.095199777    1.396263402   44.951300480   19.993801091    7.542270848
    0.095199777    1.396263402   47.373997035    5.736014349   11.629666078
    0.285599332    1.396263402   47.391883794   -4.713581178   15.954477135
    0.475998887    1.396263402   46.020657844   -8.515896320   19.752076433
    0.666398442    1.396263402   44.658805430   -4.611488948   22.233430283
    0.856797996    1.396263402   44.700302405    5.748556843   22.812014951
    1.047197551    1.396263402   47.087385649   19.420285376   21.334927616
    1.237597106    1.396263402   52.042066350   32.012884533   18.126471830
    1.427996661    1.396263402   58.959026345   39.469314164   13.870547891
    1.618396215    1.396263402   66.587496097   39.226546305    9.322014173
    1.808795770    1.396263402   73.377878329   30.756495231    5.051833316
    1.999195325    1.396263402   77.862997233   15.373574057    1.322065591
    2.189594880    1.396263402   78.955639941   -4.391548118   -1.864894185
    2.379994435    1.396263402   76.124566911  -25.266698004   -4.608240203
    2.570393989    1.396263402   69.491134616  -43.738427552   -6.948921755
    2.760793544    1.396263402   59.836455117  -56.509612885   -8.794290467
    2.951193099    1.396263402   48.505967136  -61.032583253   -9.956344053

   -3.141592654    1.745329252   31.501666797  -56.724367719  -15.938808632
   -2.951193099    1.745329252   21.930356892  -42.974541372  -15.671006726
   -2.760793544    1.745329252   15.332407055  -26.341109564  -14.339494649
   -2.570393989    1.745329252   11.745416848  -12.190244693  -12.180479691
   -2.379994435    1.745329252   10.267667050   -4.649210160   -9.494997686
   -2.189594880    1.745329252    9.479666361   -4.791169586   -6.539392341
   -1.999195325    1.745329252    8.122472103   -9.886137450   -3.509261987
   -1.808795770    1.745329252    5.736967142  -14.622424621   -0.602589826
   -1.618396215    1.745329252    2.916983591  -13.727405333    1.929171969
   -1.427996661    1.745329252    1.035983604   -4.684460315    3.830274580
   -1.237597106    1.745329252    1.564875227   11.004640024    4.977445751
   -1.047197551    1.745329252    5.366055768   28.741809851    5.486964537
   -0.856797996    1.745329252   12.313951874   43.227296981    5.705664467
   -0.666398442    1.745329252   21.388222316   50.623883156    6.081931273
   -0.475998887    1.745329252   31.075386450   49.637363748    6.986690440
   -0.285599332    1.745329252   39.844331315   41.334046407    8.578036182
   -0.095199777    1.745329252   46.531883078   28.309735775   10.738002100
    0.095199777    1.745329252   50.557542384   14.004483482   13.074307797
    0.285599332    1.745329252   52.024092553    1.973445597   14.992851908
    0.475998887    1.745329252   51.664700950   -4.756868943   15.868652672
    0.666398442    1.745329252   50.671654813   -4.553177728   15.280424421
    0.856797996    1.745329252   50.372202783    2.212998068   13.180352161
    1.047197551    1.745329252   51.814040566   13.233068650    9.955615679
    1.237597106    1.745329252   55.451152425   24.605398064    6.250941636
    1.427996661    1.745329252   60.951222813   32.176045813    2.721196350
    1.618396215    1.745329252   67.270205492   32.833482029   -0.240077149
    1.808795770    1.745329252   72.941737834   25.358506454   -2.599448764
    1.999195325    1.745329252   76.464560497   10.579175409   -4.604803987
    2.189594880    1.745329252   76.661898486   -9.062856586   -6.590564407
    2.379994435    1.745329252   72.933810589  -30.008639677   -8.771534256
    2.570393989    1.745329252   65.407565567  -48.286548129  -11.121606052
    2.760793544    1.745329252   54.953755381  -60.218019957  -13.369693482
    2.951193099    1.745329252   43.054077147  -63.184422320  -15.102837480

   -3.141592654    2.094395102   24.902910353  -57.933770862  -17.325583923
   -2.951193099    2.094395102   15.312714429  -41.966146273  -17.080335909
   -2.760793544    2.094395102    9.105257881  -23.328180728  -15.692278041
   -2.570393989    2.094395102    6.241729502   -7.714000518  -13.350441356
   -2.379994435    2.094395102    5.708363385    0.701978595  -10.322914792
   -2.189594880    2.094395102    5.984248500    0.962907738   -6.832923242
   -1.999195325    2.094395102    5.730419237   -4.117112395   -3.047268445
   -1.808795770    2.094395102    4.411233572   -9.274760704    0.833807475
   -1.618396215    2.094395102    2.530930859   -9.289001844    4.492140923
   -1.427996661    2.094395102    1.378503553   -1.506900542    7.534661451
   -1.237597106    2.094395102    2.392458251   12.959342425    9.663126084
   -1.047197551    2.094395102    6.487026154   29.972620346   10.837315034
   -0.856797996    2.094395102   13.659752921   44.476931935   11.306462507
   -0.666398442    2.094395102   23.026687904   52.520188121   11.475229381
   -0.475998887    2.094395102   33.158374093   52.396511336   11.698922849
   -0.285599332    2.094395102   42.514666229   44.644194105   12.124223236
   -0.095199777    2.094395102   49.824824589   31.377830545   12.617801866
    0.095199777    2.094395102   54.326521595   15.742013822   12.803128101
    0.285599332    2.094395102   55.914267844    1.356651438   12.182744670
    0.475998887    2.094395102   55.165188441   -8.254506819   10.364069340
    0.666398442    2.094395102   53.248195575  -10.628889528    7.289510096
    0.856797996    2.094395102   51.632854679   -5.266849671    3.335366066
    1.047197551    2.094395102   51.644194975    5.956033581   -0.770628514
    1.237597106    2.094395102   54.032143295   18.944425851   -4.264152205
    1.427996661    2.094395102   58.665125006   28.752277957   -6.645146371
    1.618396215    2.094395102   64.524929877   31.309077533   -7.883732714
    1.808795770    2.094395102   70.008568820   24.711190553   -8.375792206
    1.999195325    2.094395102   73.395733018    9.623242968   -8.719864910
    2.189594880    2.094395102   73.310364093  -11.161421226   -9.442545814
    2.379994435    2.094395102   69.052334697  -33.443599783  -10.795576148
    2.570393989    2.094395102   60.776872133  -52.588705579  -12.688753620
    2.760793544    2.094395102   49.492767428  -64.449501551  -14.747148793
    2.951193099    2.094395102   36.877000101  -66.307731288  -16.451776299

   -3.141592654    2.443460953   19.112086731  -58.931066200  -11.841410188
   -2.951193099    2.443460953    9.509226256  -41.095459508  -11.030971411
   -2.760793544    2.443460953    3.643012936  -20.668651746   -9.340453192
   -2.570393989    2.443460953    1.430719860   -3.608152703   -6.924370912
   -2.379994435    2.443460953    1.787766682    5.895008280   -3.967773147
   -2.189594880    2.443460953    3.136120916    7.001394670   -0.574126747
   -1.999195325    2.443460953    4.097130973    2.561205549    3.216130191
   -1.808795770    2.443460953    4.083297948   -2.329371841    7.293444019
   -1.618396215    2.443460953    3.503947415   -2.691379967   11.350435943
   -1.427996661    2.443460953    3.519220735    4.053464843   14.903630060
   -1.237597106    2.443460953    5.455169803   17.037478888   17.477259017
   -1.047197551    2.443460953   10.182390620   32.572125881   18.820232747
   -0.856797996    2.443460953   17.736858230   45.959883491   18.998700612
   -0.666398442    2.443460953   27.316462020   53.326731625   18.298836917
   -0.475998887    2.443460953   37.558199615   52.748829641   17.036921695
   -0.285599332    2.443460953   46.929220045   44.381856904   15.395406263
   -0.095199777    2.443460953   54.091661804   29.983889426   13.342099599
    0.095199777    2.443460953   58.166128243   12.532832980   10.673797965
    0.285599332    2.443460953   58.929824111   -4.136623275    7.151588478
    0.475998887    2.443460953   56.921363183  -15.901310691    2.722838240
    0.666398442    2.443460953   53.410832390  -19.496515741   -2.300498303
    0.856797996    2.443460953   50.110963802  -13.789630035   -7.232606160
    1.047197551    2.443460953   48.662835587   -0.613453394  -11.210905036
    1.237597106    2.443460953   50.073654669   15.344436821  -13.573030224
    1.427996661    2.443460953   54.311176498   28.114232872  -14.132598328
    1.618396215    2.443460953   60.260459397   32.675005042  -13.259707203
    1.808795770    2.443460953   66.081300041   26.645254285  -11.693990553
    1.999195325    2.443460953   69.781403781   10.795711021  -10.225415676
    2.189594880    2.443460953   69.778788949  -11.530956950   -9.410450620
    2.379994435    2.443460953   65.290976576  -35.436575699   -9.432323890
    2.570393989    2.443460953   56.518869468  -55.678905328  -10.119542952
    2.760793544    2.443460953   44.611624604  -67.733449111  -11.064090006
    2.951193099    2.443460953   31.429208627  -68.826796881  -11.775706062

   -3.141592654    2.792526803   16.383261166  -58.321234749    1.050738805
   -2.951193099    2.792526803    7.005406503  -39.349485975    2.858672336
   -2.760793544    2.792526803    1.578746136  -17.830744565    4.741662391
   -2.570393989    2.792526803    0.000000000    0.178093719    6.597530254
   -2.379994435    2.792526803    1.162066315   10.563656548    8.460140133
   -2.189594880    2.792526803    3.487691314   12.610125221   10.529541306
   -1.999195325    2.792526803    5.608981784    9.121909614   13.052613568
   -1.808795770    2.792526803    6.914505712    4.877661307   16.110860352
   -1.618396215    2.792526803    7.713632654    4.425823258   19.453211336
   -1.427996661    2.792526803    8.997464875   10.095730436   22.520084368
   -1.237597106    2.792526803   11.912321781   21.168560704   24.661979362
   -1.047197551    2.792526803   17.210642734   34.425228327   25.419473254
   -0.856797996    2.792526803   24.907433898   45.650149489   24.685372928
   -0.666398442    2.792526803   34.251669804   51.225027782   22.657803830
   -0.475998887    2.792526803   43.950205050   49.183209456   19.672096733
   -0.285599332    2.792526803   52.512626172   39.448626723   16.028843890
   -0.095199777    2.792526803   58.597132917   23.569554978   11.885765424
    0.095199777    2.792526803   61.297304273    4.500125806    7.280848817
    0.285599332    2.792526803   60.386709439  -13.624652903    2.239588669
    0.475998887    2.792526803   56.485137003  -26.123346135   -3.049636172
    0.666398442    2.792526803   51.058328851  -29.144294573   -8.133883028
    0.856797996    2.792526803   46.099742835  -21.295781477  -12.344745309
    1.047197551    2.792526803   43.527289742   -4.766776449  -15.018960082
    1.237597106    2.792526803   44.502046199   14.895484240  -15.808510407
    1.427996661    2.792526803   48.959673059   30.694936636  -14.841172412
    1.618396215    2.792526803   55.580241451   36.891159358  -12.672408586
    1.808795770    2.792526803   62.235174749   30.960941469  -10.040063745
    1.999195325    2.792526803   66.670002625   14.061084058   -7.574718475
    2.189594880    2.792526803   67.143976060   -9.811880083   -5.609586298
    2.379994435    2.792526803   62.840969002  -35.145393396   -4.154771271
    2.570393989    2.792526803   54.028086532  -56.285569158   -3.000148462
    2.760793544    2.792526803   41.975855076  -68.529862219   -1.868988640
    2.951193099    2.792526803   28.677756530  -69.156164144   -0.544484054
