#! FIELDS phi psi file.free der_phi der_psi
#! SET min_phi -pi
#! SET max_phi pi
#! SET nbins_phi  33
#! SET periodic_phi true
#! SET min_psi -pi
#! SET max_psi pi
#! SET nbins_psi  18
#! SET periodic_psi true
   -3.141592654   -3.141592654   17.413571765  -52.603569400   17.302804788
   -2.951193099   -3.141592654    9.149303180  -33.639887749   19.594467245
   -2.760793544   -3.141592654    4.710723359  -13.351681358   20.961226640
   -2.570393989   -3.141592654    3.821732737    2.904525930   21.586719582
   -2.379994435   -3.141592654    5.367175173   11.991550574   21.924035940
   -2.189594880   -3.141592654    7.931621368   13.890982253   22.573704127
   -1.999195325   -3.141592654   10.385202697   11.487133856   24.046504361
   -1.808795770   -3.141592654   12.305584878    8.995590734   26.503650297
   -1.618396215   -3.141592654   14.047686357   10.087763592   29.613309020
   -1.427996661   -3.141592654   16.488862305   16.375859219   32.629886370
   -1.237597106   -3.141592654   20.567447024   26.907489479   34.671615852
   -1.047197551   -3.141592654   26.831958976   38.698159897   35.042733011
   -0.856797996   -3.141592654   35.159810632   47.933700551   33.443053000
   -0.666398442   -3.141592654   44.728187145   51.242470163   29.956234791
   -0.475998887   -3.141592654   54.190356199   46.604900921   24.924688292
   -0.285599332   -3.141592654   61.973906532   33.729849306   18.799464692
   -0.095199777   -3.141592654   66.625163210   14.146632371   12.034172199
    0.095199777   -3.141592654   67.165372140   -8.736747142    5.072947643
    0.285599332   -3.141592654   63.432601830  -29.805871755   -1.625186284
    0.475998887   -3.141592654   56.322485015  -43.243435260   -7.537513177
    0.666398442   -3.141592654   47.765230976  -44.437304896  -12.113021964
    0.856797996   -3.141592654   40.285938688  -32.104044343  -14.889000438
    1.047197551   -3.141592654   36.222948832   -9.478087014  -15.672645876
    1.237597106   -3.141592654   36.897621111   16.312565721  -14.667519935
    1.427996661   -3.141592654   42.100144893   36.739471017  -12.405667422
    1.618396215   -3.141592654   50.122495357   45.122199981   -9.515802773
    1.808795770   -3.141592654   58.349775724   38.855095834   -6.461637714
    1.999195325   -3.141592654   64.108023039   19.865387383   -3.408871975
    2.189594880   -3.141592654   65.441242427   -6.554052695   -0.276773930
    2.379994435   -3.141592654   61.574220045  -33.602532749    3.089062995
    2.570393989   -3.141592654   53.015569157  -54.895463184    6.740977342
    2.760793544   -3.141592654   41.333921656  -65.867270174   10.541068489
    2.951193099   -3.141592654   28.718351481  -64.688910942   14.185692563

   -3.141592654   -2.792526803   24.986283111  -48.542420267   25.693033081
   -2.951193099   -2.792526803   17.303779581  -31.603570952   27.657413165
   -2.760793544   -2.792526803   13.077958494  -13.065697611   28.372541891
   -2.570393989   -2.792526803   12.136020871    2.228787537   28.180369770
   -2.379994435   -2.792526803   13.549977245   11.487039596   27.685789454
   -2.189594880   -2.792526803   16.127448288   14.700422286   27.571195150
   -1.999195325   -2.792526803   18.922083873   14.321004851   28.338276367
   -1.808795770   -2.792526803   21.574854770   13.763445850   30.066712705
   -1.618396215   -2.792526803   24.335858616   15.793495577   32.317550975
   -1.427996661   -2.792526803   27.824377702   21.378507089   34.250975469
   -1.237597106   -2.792526803   32.645892618   29.446857892   34.931462013
   -1.047197551   -2.792526803   39.047612419   37.454076271   33.666693014
   -0.856797996   -2.792526803   46.726876732   42.352943731   30.234727210
   -0.666398442   -2.792526803   54.834559660   41.594942719   24.884732355
   -0.475998887   -2.792526803   62.141384899   33.821718915   18.197045790
   -0.285599332   -2.792526803   67.295397859   19.142318841   10.886212531
   -0.095199777   -2.792526803   69.114759796   -0.755418380    3.628989813
    0.095199777   -2.792526803   66.902811803  -22.511717181   -3.011772490
    0.285599332   -2.792526803   60.756426040  -41.183801578   -8.598693998
    0.475998887   -2.792526803   51.789124210  -51.233803903  -12.780364481
    0.666398442   -2.792526803   42.083790370  -48.443062031  -15.296301816
    0.856797996   -2.792526803   34.227906286  -32.086853465  -16.019612712
    1.047197551   -2.792526803   30.504929231   -6.060122208  -15.048092839
    1.237597106   -2.792526803   32.064557981   21.985982640  -12.741935137
    1.427996661   -2.792526803   38.458796507   43.397789190   -9.626441127
    1.618396215   -2.792526803   47.762671670   51.826798683   -6.181717769
    1.808795770   -2.792526803   57.238656294   45.271416637   -2.662802159
    1.999195325   -2.792526803   64.203859209   26.188881898    0.948522945
    2.189594880   -2.792526803   66.763968584    0.064344643    4.825774878
    2.379994435   -2.792526803   64.203106879  -26.505142589    9.101255122
    2.570393989   -2.792526803   57.027045074  -47.551877653   13.706250439
    2.760793544   -2.792526803   46.721579727  -58.890481009   18.325187640
    2.951193099   -2.792526803   35.339474768  -58.851554706   22.481043683

   -3.141592654   -2.443460953   33.705173557  -44.353594097   22.946445925
   -2.951193099   -2.443460953   26.607463614  -29.651422638   24.458862141
   -2.760793544   -2.443460953   22.562243619  -13.020673778   24.961422062
   -2.570393989   -2.443460953   21.510257949    1.199872520   24.779724570
   -2.379994435   -2.443460953   22.712219866   10.473412973   24.400629417
   -2.189594880   -2.443460953   25.177747896   14.667235881   24.302689069
   -1.999195325   -2.443460953   28.098870630   15.692189611   24.763118482
   -1.808795770   -2.443460953   31.122616433   16.159183550   25.698523451
   -1.618396215   -2.443460953   34.350451798   18.066830201   26.638038670
   -1.427996661   -2.443460953   38.137873320   21.993860053   26.860268397
   -1.237597106   -2.443460953   42.805512717   27.040623512   25.669391023
   -1.047197551   -2.443460953   48.398482647   31.339894735   22.672089123
   -0.856797996   -2.443460953   54.568626656   32.733871411   17.938309049
   -0.666398442   -2.443460953   60.584744265   29.469228397   11.948435805
   -0.475998887   -2.443460953   65.458210137   20.663714035    5.414547228
   -0.285599332   -2.443460953   68.131542746    6.497239198   -0.936760218
   -0.095199777   -2.443460953   67.697096208  -11.597275992   -6.533344127
    0.095199777   -2.443460953   63.662607755  -30.709711596  -11.018485129
    0.285599332   -2.443460953   56.238608619  -46.369302247  -14.230613782
    0.475998887   -2.443460953   46.571852652  -53.418532452  -16.131946811
    0.666398442   -2.443460953   36.716259292  -47.890999690  -16.757176850
    0.856797996   -2.443460953   29.189310943  -29.264871462  -16.182548985
    1.047197551   -2.443460953   26.167882544   -1.615045035  -14.553947544
    1.237597106   -2.443460953   28.668584218   27.312176693  -12.109408981
    1.427996661   -2.443460953   36.108743167   48.980676548   -9.148689219
    1.618396215   -2.443460953   46.472400062   57.362406044   -5.928628648
    1.808795770   -2.443460953   57.002948932   50.859197245   -2.577527426
    1.999195325   -2.443460953   65.065861613   32.194381583    0.923912811
    2.189594880   -2.443460953   68.838915800    6.828301004    4.665283685
    2.379994435   -2.443460953   67.644153685  -18.957875234    8.679838877
    2.570393989   -2.443460953   61.950426291  -39.641973899   12.846002166
    2.760793544   -2.443460953   53.126386004  -51.396388157   16.868346039
    2.951193099   -2.443460953   43.061481927  -52.663936123   20.354475198

   -3.141592654   -2.094395102   39.799307631  -41.246628244   13.503475669
   -2.951193099   -2.094395102   33.160871102  -27.921272301   14.553134262
   -2.760793544   -2.094395102   29.333835792  -12.391592986   15.108648432
   -2.570393989   -2.094395102   28.336065129    1.239192427   15.324212168
   -2.379994435   -2.094395102   29.534882963   10.486487417   15.370331816
   -2.189594880   -2.094395102   32.032308595   15.022166497   15.349033933
   -1.999195325   -2.094395102   35.052074046   16.318267541   15.229787919
   -1.808795770   -2.094395102   38.175973832   16.446042065   14.818789990
   -1.618396215   -2.094395102   41.346074383   16.989281351   13.806972531
   -1.427996661   -2.094395102   44.711965777   18.495979761   11.879998555
   -1.237597106   -2.094395102   48.428409046   20.510886836    8.868424788
   -1.047197551   -2.094395102   52.495844359   21.962139245    4.851345865
   -0.856797996   -2.094395102   56.682871064   21.509815001    0.173383996
   -0.666398442   -2.094395102   60.503771556   17.907242407   -4.661537737
   -0.475998887   -2.094395102   63.266640096   10.296432634   -9.133500387
   -0.285599332   -2.094395102   64.172355269   -1.557645990  -12.834567606
   -0.095199777   -2.094395102   62.467987790  -16.852605962  -15.546332215
    0.095199777   -2.094395102   57.693914279  -33.277588878  -17.247039718
    0.285599332   -2.094395102   49.997044451  -46.759163893  -18.061622826
    0.475998887   -2.094395102   40.413419003  -52.250949520  -18.178243933
    0.666398442   -2.094395102   30.887645749  -45.653369944  -17.761440372
    0.856797996   -2.094395102   23.864216204  -26.233064411  -16.878020593
    1.047197551   -2.094395102   21.483617554    2.082866426  -15.509375753
    1.237597106   -2.094395102   24.743916781   31.576596954  -13.614575406
    1.427996661   -2.094395102   33.041373752   53.696662603  -11.215062674
    1.618396215   -2.094395102   44.337209494   62.417803266   -8.406349853
    1.808795770   -2.094395102   55.858357942   56.199248100   -5.334350547
    1.999195325   -2.094395102   64.966940679   37.832528567   -2.142098184
    2.189594880   -2.094395102   69.843968260   12.768713353    1.057829795
    2.379994435   -2.094395102   69.802010963  -12.830967544    4.172477153
    2.570393989   -2.094395102   65.271073939  -33.626719004    7.100425157
    2.760793544   -2.094395102   57.547806002  -45.936741838    9.715609202
    2.951193099   -2.094395102   48.433090442  -48.221278490   11.883828809

   -3.141592654   -1.745329252   42.312947584  -39.296741607    4.140269584
   -2.951193099   -1.745329252   35.988776395  -26.576204690    4.718097739
   -2.760793544   -1.745329252   32.362212900  -11.628811425    5.216652848
   -2.570393989   -1.745329252   31.457106644    1.454089082    5.588006226
   -2.379994435   -1.745329252   32.643224073   10.121076902    5.701853942
   -2.189594880   -1.745329252   35.003227122   13.898818328    5.358022267
   -1.999195325   -1.745329252   37.709912654   14.083760762    4.339664077
   -1.808795770   -1.745329252   40.267698221   12.670120156    2.481926083
   -1.618396215   -1.745329252   42.545132930   11.363303527   -0.252652893
   -1.427996661   -1.745329252   44.664158962   11.074516776   -3.734023228
   -1.237597106   -1.745329252   46.836155196   11.844849796   -7.661256275
   -1.047197551   -1.745329252   49.210268812   13.040230197  -11.615266013
   -0.856797996   -1.745329252   51.767961993   13.514497433  -15.142213449
   -0.666398442   -1.745329252   54.239583913   11.872735005  -17.866510440
   -0.475998887   -1.745329252   56.091794154    6.825337827  -19.569593069
   -0.285599332   -1.745329252   56.587499123   -2.428334498  -20.227337572
   -0.095199777   -1.745329252   54.930670912  -15.596478295  -20.001081601
    0.095199777   -1.745329252   50.535919783  -30.693540885  -19.190827653
    0.285599332   -1.745329252   43.385767882  -43.731733268  -18.150773572
    0.475998887   -1.745329252   34.362402232  -49.481346017  -17.186904059
    0.666398442   -1.745329252   25.311941243  -43.440762028  -16.454958977
    0.856797996   -1.745329252   18.665361267  -24.428701839  -15.882381936
    1.047197551   -1.745329252   16.624650785    3.940665864  -15.210744305
    1.237597106   -1.745329252   20.284758847   33.979717787  -14.121044874
    1.427996661   -1.745329252   29.118195066   56.933693682  -12.416125464
    1.618396215   -1.745329252   41.110635959   66.455038936  -10.111722680
    1.808795770   -1.745329252   53.456017377   60.747126595   -7.431398275
    1.999195325   -1.745329252   63.449944209   42.510774191   -4.701108423
    2.189594880   -1.745329252   69.204382987   17.252129537   -2.217607499
    2.379994435   -1.745329252   69.981325513   -8.743699442   -0.162310191
    2.570393989   -1.745329252   66.183829745  -30.023317269    1.419835308
    2.760793544   -1.745329252   59.097877866  -42.853296342    2.589562993
    2.951193099   -1.745329252   50.518982476  -45.685215599    3.458378824

   -3.141592654   -1.396263402   40.563256130  -39.730130348    1.832094076
   -2.951193099   -1.396263402   34.197070974  -26.570918265    1.840680642
   -2.760793544   -1.396263402   30.615998839  -11.188581663    1.807968121
   -2.570393989   -1.396263402   29.815641676    2.040654050    1.625168570
   -2.379994435   -1.396263402   31.084678144   10.290285494    1.062359757
   -2.189594880   -1.396263402   33.379843358   12.922147619   -0.183342477
   -1.999195325   -1.396263402   35.735165316   11.273922922   -2.376644490
   -1.808795770   -1.396263402   37.550800334    7.669949517   -5.604103436
   -1.618396215   -1.396263402   38.678579017    4.376864024   -9.669931150
   -1.427996661   -1.396263402   39.341289137    2.952193434  -14.098214987
   -1.237597106   -1.396263402   39.962587890    3.921847865  -18.248864348
   -1.047197551   -1.396263402   40.963488500    6.772452501  -21.499794014
   -0.856797996   -1.396263402   42.581142017   10.050241173  -23.410384796
   -0.666398442   -1.396263402   44.706722179   11.720223282  -23.820776169
   -0.475998887   -1.396263402   46.830973517    9.730223663  -22.851996817
   -0.285599332   -1.396263402   48.103288655    2.631445996  -20.849267428
   -0.095199777   -1.396263402   47.514174968   -9.675266672  -18.292375548
    0.095199777   -1.396263402   44.219506669  -25.275857871  -15.690527806
    0.285599332   -1.396263402   37.960247315  -39.936029190  -13.472758450
    0.475998887   -1.396263402   29.454766858  -47.874281458  -11.895632637
    0.666398442   -1.396263402   20.511780550  -43.821501296  -10.987468385
    0.856797996   -1.396263402   13.673065221  -25.872077235  -10.534797078
    1.047197551   -1.396263402   11.360940779    2.751784038  -10.179664738
    1.237597106   -1.396263402   14.915668336   34.195461031   -9.550506053
    1.427996661   -1.396263402   23.973188845   59.074867122   -8.425618472
    1.618396215   -1.396263402   36.540930114   70.235971611   -6.796291482
    1.808795770   -1.396263402   49.695716791   65.280832415   -4.847767450
    1.999195325   -1.396263402   60.540843532   46.743968916   -2.864538717
    2.189594880   -1.396263402   67.006232833   20.382530965   -1.116079714
    2.379994435   -1.396263402   68.245093134   -7.039070150    0.222638880
    2.570393989   -1.396263402   64.646016977  -29.585380182    1.100404120
    2.760793544   -1.396263402   57.557874850  -43.222170719    1.576983764
    2.951193099   -1.396263402   48.875867466  -46.310478030    1.775765995

   -3.141592654   -1.047197551   37.857829783  -41.148407039    3.547798240
   -2.951193099   -1.047197551   31.275715279  -27.422059071    2.263145239
   -2.760793544   -1.047197551   27.577233792  -11.632140359    0.825179004
   -2.570393989   -1.047197551   26.692479914    1.481698811   -0.732339571
   -2.379994435   -1.047197551   27.784720856    8.855668684   -2.529501766
   -2.189594880   -1.047197551   29.662451408    9.865628029   -4.821730589
   -1.999195325   -1.047197551   31.245885618    6.204650944   -7.863402299
   -1.808795770   -1.047197551   31.919091338    0.845328104  -11.706407128
   -1.618396215   -1.047197551   31.652470237   -3.231054971  -16.052494945
   -1.427996661   -1.047197551   30.906231368   -3.981636150  -20.271925851
   -1.237597106   -1.047197551   30.391721596   -0.853433946  -23.597561435
   -1.047197551   -1.047197551   30.775683263    5.183238214  -25.392812870
   -0.856797996   -1.047197551   32.424329695   11.941252899  -25.358201454
   -0.666398442   -1.047197551   35.210346068   16.628571536  -23.600611219
   -0.475998887   -1.047197551   38.477813474   16.624622173  -20.561331512
   -0.285599332   -1.047197551   41.148296961   10.193425466  -16.873029367
   -0.095199777   -1.047197551   41.958174733   -2.748870800  -13.184584716
    0.095199777   -1.047197551   39.836823370  -20.015697908  -10.003154658
    0.285599332   -1.047197551   34.371256033  -36.904063519   -7.589229942
    0.475998887   -1.047197551   26.228712608  -47.047320657   -5.941868416
    0.666398442   -1.047197551   17.277968093  -44.596241336   -4.870678389
    0.856797996   -1.047197551   10.216948846  -27.268427237   -4.091441898
    1.047197551   -1.047197551    7.665479520    1.783294876   -3.348655720
    1.237597106   -1.047197551   11.140486203   34.395858272   -2.461038750
    1.427996661   -1.047197551   20.369993723   60.652553987   -1.361139863
    1.618396215   -1.047197551   33.345582146   72.833606386   -0.069141164
    1.808795770   -1.047197551   47.036381300   68.167799867    1.329066113
    1.999195325   -1.047197551   58.395079897   49.123930117    2.705214806
    2.189594880   -1.047197551   65.216864525   21.675657211    3.909325378
    2.379994435   -1.047197551   66.579500845   -7.033481320    4.790364125
    2.570393989   -1.047197551   62.871539804  -30.672835721    5.223349687
    2.760793544   -1.047197551   55.507246959  -44.941948104    5.141474924
    2.951193099   -1.047197551   46.481929713  -48.104683930    4.553349693

   -3.141592654   -0.698131701   37.501963311  -45.097292214    4.075306932
   -2.951193099   -0.698131701   30.145381972  -31.536816333    1.908279858
   -2.760793544   -0.698131701   25.675541325  -15.589206928   -0.439964880
   -2.570393989   -0.698131701   24.054067514   -2.333293709   -2.862301805
   -2.379994435   -0.698131701   24.404750992    4.794409531   -5.410602741
   -2.189594880   -0.698131701   25.442668948    5.023399393   -8.283589234
   -1.999195325   -0.698131701   26.004314259    0.316052742  -11.670354960
   -1.808795770   -0.698131701   25.480449163   -5.711985426  -15.515495806
   -1.618396215   -0.698131701   23.982363091   -9.380536412  -19.372967827
   -1.427996661   -0.698131701   22.217318930   -8.294251022  -22.483642090
   -1.237597106   -0.698131701   21.156308894   -2.123905703  -24.069393676
   -1.047197551   -0.698131701   21.633386952    7.443059385  -23.670456085
   -0.856797996   -0.698131701   24.024563409   17.344441043  -21.342934900
   -0.666398442   -0.698131701   28.055180970   24.068454979  -17.616667836
   -0.475998887   -0.698131701   32.816732075   24.618479317  -13.278808887
   -0.285599332   -0.698131701   36.945289911   17.291201510   -9.106182573
   -0.095199777   -0.698131701   38.934366327    2.409573215   -5.629590573
    0.095199777   -0.698131701   37.574580932  -17.177641510   -3.005024934
    0.285599332   -0.698131701   32.449600468  -36.055274702   -1.033090173
    0.475998887   -0.698131701   24.345609399  -47.332868331    0.665817465
    0.666398442   -0.698131701   15.315977996  -44.985060919    2.403795602
    0.856797996   -0.698131701    8.240282975  -26.952261117    4.256474254
    1.047197551   -0.698131701    5.851291494    3.185872128    6.038535150
    1.237597106   -0.698131701    9.693996329   36.799300501    7.476864054
    1.427996661   -0.698131701   19.448404314   63.676460920    8.387098646
    1.618396215   -0.698131701   33.021710673   76.003909794    8.783251668
    1.808795770   -0.698131701   47.295879460   71.058020639    8.837872931
    1.999195325   -0.698131701   59.150776197   51.395678491    8.752474352
    2.189594880   -0.698131701   66.323838269   23.053536486    8.633060222
    2.379994435   -0.698131701   67.845045272   -6.778914275    8.440006019
    2.570393989   -0.698131701   64.066226608  -31.683539112    8.022296974
    2.760793544   -0.698131701   56.387589711  -47.215870335    7.206870840
    2.951193099   -0.698131701   46.824984256  -51.418207443    5.885250328

   -3.141592654   -0.349065850   38.454813872  -49.869789320    3.908829086
   -2.951193099   -0.349065850   30.144492782  -36.693562125    0.879248999
   -2.760793544   -0.349065850   24.689844570  -20.716490380   -2.269380925
   -2.570393989   -0.349065850   22.108708223   -7.290572975   -5.333783882
   -2.379994435   -0.349065850   21.515693799   -0.221086943   -8.286143488
   -2.189594880   -0.349065850   21.561074957   -0.443186787  -11.266557364
   -1.999195325   -0.349065850   21.025372850   -5.710681603  -14.404610361
   -1.808795770   -0.349065850   19.340404239  -11.714310851  -17.566087508
   -1.618396215   -0.349065850   16.800197004  -14.063478283  -20.226307845
   -1.427996661   -0.349065850   14.391116363  -10.140406115  -21.611920052
   -1.237597106   -0.349065850   13.334330925   -0.141360067  -21.075730877
   -1.047197551   -0.349065850   14.555965736   13.167988628  -18.463052432
   -0.856797996   -0.349065850   18.306331236   25.621747587  -14.253528341
   -0.666398442   -0.349065850   24.011514628   33.053382057   -9.370427353
   -0.475998887   -0.349065850   30.402717615   32.478488568   -4.812763948
   -0.285599332   -0.349065850   35.818558788   22.820203423   -1.291047960
   -0.095199777   -0.349065850   38.612894172    5.382770921    1.003651810
    0.095199777   -0.349065850   37.629231130  -16.009291130    2.414290515
    0.285599332   -0.349065850   32.659067347  -35.359271696    3.622299803
    0.475998887   -0.349065850   24.747881593  -45.843121190    5.291116820
    0.666398442   -0.349065850   16.133161694  -42.103943015    7.715033205
    0.856797996   -0.349065850    9.721724032  -23.000852204   10.660753254
    1.047197551   -0.349065850    8.115860929    7.268561285   13.487350073
    1.237597106   -0.349065850   12.667041182   40.012404691   15.517653121
    1.427996661   -0.349065850   22.902987006   65.481691026   16.368326355
    1.618396215   -0.349065850   36.688063625   76.478754877   16.096735308
    1.808795770   -0.349065850   50.962138255   70.676229906   15.090921848
    1.999195325   -0.349065850   62.702422615   50.641216172   13.817841303
    2.189594880   -0.349065850   69.714815720   22.127625947   12.587125928
    2.379994435   -0.349065850   71.034107842   -8.022232981   11.446782105
    2.570393989   -0.349065850   66.961387477  -33.590765303   10.223095712
    2.760793544   -0.349065850   58.829788957  -50.108680921    8.657362968
    2.951193099   -0.349065850   48.614517984  -55.365952388    6.556949692

   -3.141592654    0.000000000   39.586770808  -55.197743315    2.252345508
   -2.951193099    0.000000000   30.222280342  -42.342669834   -0.649961557
   -2.760793544    0.000000000   23.696888538  -26.242489104   -3.470698693
   -2.570393989    0.000000000   20.095078661  -12.470794607   -6.074561976
   -2.379994435    0.000000000   18.542682459   -5.149587262   -8.487934156
   -2.189594880    0.000000000   17.655607023   -5.328576078  -10.854202985
   -1.999195325    0.000000000   16.196733794  -10.454706638  -13.243061281
   -1.808795770    0.000000000   13.674660793  -15.581325191  -15.430944078
   -1.618396215    0.000000000   10.580063469  -15.784028798  -16.846317308
   -1.427996661    0.000000000    8.147422981   -8.510320457  -16.785338863
   -1.237597106    0.000000000    7.758546493    5.214075516  -14.816434107
   -1.047197551    0.000000000   10.295512184   21.380700797  -11.100455558
   -0.856797996    0.000000000   15.738396436   34.826074164   -6.419161203
   -0.666398442    0.000000000   23.119223466   41.120821332   -1.842648265
   -0.475998887    0.000000000   30.807197947   37.850529929    1.726322319
   -0.285599332    0.000000000   36.946453620   25.076742113    3.912933415
   -0.095199777    0.000000000   39.930442117    5.338406324    4.997299027
    0.095199777    0.000000000   38.849774523  -16.664738317    5.757307410
    0.285599332    0.000000000   33.845970001  -34.784792139    7.113854747
    0.475998887    0.000000000   26.263886420  -42.864987257    9.681041746
    0.666398442    0.000000000   18.452845260  -36.767898617   13.438539150
    0.856797996    0.000000000   13.192489369  -16.547439865   17.688164920
    1.047197551    0.000000000   12.781876255   13.064913943   21.354390722
    1.237597106    0.000000000   18.251561661   43.686422545   23.501900786
    1.427996661    0.000000000   28.932596331   66.483781641   23.730045138
    1.618396215    0.000000000   42.681013430   75.229050516   22.270161412
    1.808795770    0.000000000   56.577188326   68.137327793   19.771984720
    1.999195325    0.000000000   67.787021667   47.741269568   16.949646999
    2.189594880    0.000000000   74.255703923   19.355570307   14.288916591
    2.379994435    0.000000000   75.060292375  -10.701636405   11.936211635
    2.570393989    0.000000000   70.457565678  -36.558558142    9.761378789
    2.760793544    0.000000000   61.698696920  -53.793493270    7.520197685
    2.951193099    0.000000000   50.696063045  -59.950225139    5.023277719

   -3.141592654    0.349065850   41.490294898  -59.263752478    1.240049304
   -2.951193099    0.349065850   31.315910257  -46.716718666   -0.688422650
   -2.760793544    0.349065850   23.949142512  -30.650798029   -2.399690259
   -2.570393989    0.349065850   19.518758726  -16.745885296   -3.889520430
   -2.379994435    0.349065850   17.164941697   -9.295301713   -5.262290601
   -2.189594880    0.349065850   15.498300191   -9.350868948   -6.663471105
   -1.999195325    0.349065850   13.305428893  -14.046769589   -8.119312085
   -1.808795770    0.349065850   10.199715456  -17.948791414   -9.390547399
   -1.618396215    0.349065850    6.855906393  -15.856867943   -9.984888810
   -1.427996661    0.349065850    4.693022153   -5.539546967   -9.381565045
   -1.237597106    0.349065850    5.153254106   11.040445805   -7.368987838
   -1.047197551    0.349065850    8.975845031   28.759659780   -4.253647607
   -0.856797996    0.349065850   15.818534100   41.816464377   -0.790047606
   -0.666398442    0.349065850   24.349939382   45.992627765    2.190029049
   -0.475998887    0.349065850   32.694235457   39.849476768    4.180229941
   -0.285599332    0.349065850   38.974500239   24.749638356    5.237622011
   -0.095199777    0.349065850   41.797806748    4.302463588    5.956572326
    0.095199777    0.349065850   40.615733755  -16.359585615    7.189309118
    0.285599332    0.349065850   35.934050973  -31.519340532    9.661262759
    0.475998887    0.349065850   29.302668696  -36.199658560   13.594254634
    0.666398442    0.349065850   23.011747811  -27.767292836   18.528935631
    0.856797996    0.349065850   19.518772396   -7.421064998   23.427268675
    1.047197551    0.349065850   20.663719342   19.909980728   27.070272696
    1.237597106    0.349065850   27.081239109   46.645250874   28.572642987
    1.427996661    0.349065850   37.924716753   65.319346195   27.716537750
    1.618396215    0.349065850   51.131904063   70.958725082   24.954792923
    1.808795770    0.349065850   64.047178045   62.391740775   21.129972234
    1.999195325    0.349065850   74.145011216   42.018473944   17.093556441
    2.189594880    0.349065850   79.600927589   14.522295439   13.422127040
    2.379994435    0.349065850   79.585905800  -14.514060620   10.327776483
    2.570393989    0.349065850   74.325204267  -39.756121965    7.737875819
    2.760793544    0.349065850   64.969265984  -56.965727039    5.453913505
    2.951193099    0.349065850   53.328603386  -63.518779046    3.304966983

   -3.141592654    0.698131701   43.178625776  -62.088243832    0.040415678
   -2.951193099    0.698131701   32.455819301  -49.605309214   -0.565177866
   -2.760793544    0.698131701   24.545054086  -33.433508656   -0.912219079
   -2.570393989    0.698131701   19.605097180  -19.293730938   -1.133010997
   -2.379994435    0.698131701   16.790118970  -11.588949803   -1.381109604
   -2.189594880    0.698131701   14.709457347  -11.393144348   -1.776445939
   -1.999195325    0.698131701   12.161675205  -15.681278384   -2.323668614
   -1.808795770    0.698131701    8.813906194  -18.770340712   -2.864236451
   -1.618396215    0.698131701    5.431691879  -15.363604230   -3.121211034
   -1.427996661    0.698131701    3.510152635   -3.501816503   -2.840535542
   -1.237597106    0.698131701    4.481440157   14.256009307   -1.960587646
   -1.047197551    0.698131701    8.956919324   32.206551676   -0.675985630
   -0.856797996    0.698131701   16.389930268   44.412437218    0.658525128
   -0.666398442    0.698131701   25.279330843   47.123503049    1.774061605
   -0.475998887    0.698131701   33.713150171   39.776420419    2.681193111
   -0.285599332    0.698131701   39.949455066   24.600615862    3.715298426
   -0.095199777    0.698131701   42.860302020    5.630574459    5.412372358
    0.095199777    0.698131701   42.183356716  -12.209360209    8.251061345
    0.285599332    0.698131701   38.609155717  -24.053720828   12.401652105
    0.475998887    0.698131701   33.667031014  -26.147905103   17.541155412
    0.666398442    0.698131701   29.393155286  -17.021787573   22.861824589
    0.856797996    0.698131701   27.818978070    1.571520270   27.267943638
    1.047197551    0.698131701   30.337701304   25.076835281   29.756851532
    1.237597106    0.698131701   37.289622656   47.065973238   29.796534285
    1.427996661    0.698131701   47.788490803   61.473186968   27.506760183
    1.618396215    0.698131701   59.972962327   64.368848270   23.550362020
    1.808795770    0.698131701   71.519497112   54.899702954   18.830694958
    1.999195325    0.698131701   80.227562678   35.106230972   14.164264878
    2.189594880    0.698131701   84.489322721    8.952788606   10.078445488
    2.379994435    0.698131701   83.551549531  -18.679261214    6.780605618
    2.570393989    0.698131701   77.601675562  -42.922348871    4.250140301
    2.760793544    0.698131701   67.693975037  -59.682803765    2.363777124
    2.951193099    0.698131701   55.542692431  -66.207240755    0.991713257

   -3.141592654    1.047197551   41.550639636  -62.699259902   -3.441433710
   -2.951193099    1.047197551   30.807651759  -49.222974865   -2.507171867
   -2.760793544    1.047197551   23.041045018  -32.351352636   -1.326769156
   -2.570393989    1.047197551   18.342321223  -17.904972803   -0.203020829
   -2.379994435    1.047197551   15.789526118  -10.277374363    0.664045806
   -2.189594880    1.047197551   13.928477002  -10.423128914    1.203630878
   -1.999195325    1.047197551   11.525207478  -15.128059747    1.443752160
   -1.808795770    1.047197551    8.249448477  -18.544188331    1.451936272
   -1.618396215    1.047197551    4.891293787  -15.319110692    1.285418903
   -1.427996661    1.047197551    2.967593716   -3.574243826    0.979528996
   -1.237597106    1.047197551    3.909466270   13.993982594    0.570545325
   -1.047197551    1.047197551    8.308695517   31.644897671    0.141812509
   -0.856797996    1.047197551   15.610611226   43.636806959   -0.137684042
   -0.666398442    1.047197551   24.365991446   46.605476941    0.020018989
   -0.475998887    1.047197551   32.791753599   40.368134560    0.978156860
   -0.285599332    1.047197551   39.325338304   27.284583494    3.077755756
   -0.095199777    1.047197551   43.005173600   11.090851661    6.514225117
    0.095199777    1.047197551   43.639480878   -3.964672416   11.205036720
    0.285599332    1.047197551   41.837846088  -13.902948599   16.722820680
    0.475998887    1.047197551   38.882383399  -15.749684053   22.301783304
    0.666398442    1.047197551   36.449452328   -8.421418613   26.981942863
    0.856797996    1.047197551   36.194903674    6.590989335   29.833848160
    1.047197551    1.047197551   39.246982382   25.597995928   30.262633342
    1.237597106    1.047197551   45.879301794   43.324451090   28.206945318
    1.427996661    1.047197551   55.348443586   54.653210347   24.156965346
    1.618396215    1.047197551   66.068292591   56.068752813   18.939033929
    1.808795770    1.047197551   76.010293413   46.539908443   13.420344008
    1.999195325    1.047197551   83.196816557   27.581715804    8.272605900
    2.189594880    1.047197551   86.136909453    2.615019437    3.893605068
    2.379994435    1.047197551   84.108943862  -23.805724831    0.462113264
    2.570393989    1.047197551   77.292298962  -46.909138969   -1.960117430
    2.760793544    1.047197551   66.730785035  -62.556681624   -3.367640962
    2.951193099    1.047197551   54.138902868  -67.945808039   -3.812703176

   -3.141592654    1.396263402   37.086747765  -61.104614586   -9.243392092
   -2.951193099    1.396263402   26.795580057  -46.169278437   -7.826519265
   -2.760793544    1.396263402   19.690815305  -28.577361202   -6.049045559
   -2.570393989    1.396263402   15.721421847  -14.119086426   -4.219728615
   -2.379994435    1.396263402   13.849281112   -6.973724406   -2.516515707
   -2.189594880    1.396263402   12.548896242   -7.867148454   -0.980563834
   -1.999195325    1.396263402   10.549046937  -13.470443302    0.390238056
   -1.808795770    1.396263402    7.491738733  -17.938132242    1.529694636
   -1.618396215    1.396263402    4.138335560  -15.897216747    2.268368260
   -1.427996661    1.396263402    1.993565288   -5.296653189    2.426899575
   -1.237597106    1.396263402    2.527341864   11.519681620    1.981136331
   -1.047197551    1.396263402    6.445827944   29.218200001    1.180258957
   -0.856797996    1.396263402   13.375449720   42.339825849    0.527369030
   -0.666398442    1.396263402   22.079283934   47.524053807    0.638160519
   -0.475998887    1.396263402   30.955730416   44.263503704    2.023350889
   -0.285599332    1.396263402   38.533087366   34.321266612    4.907197493
   -0.095199777    1.396263402   43.810763470   20.675290491    9.136661037
    0.095199777    1.396263402   46.413531801    6.857938612   14.178680564
    0.285599332    1.396263402   46.650534850   -3.638485913   19.214635006
    0.475998887    1.396263402   45.445664978   -7.908353519   23.313013519
    0.666398442    1.396263402   44.153158111   -4.461643801   25.667731232
    0.856797996    1.396263402   44.226418678    6.064223726   25.798161111
    1.047197551    1.396263402   46.775460396   20.981554229   23.701967898
    1.237597106    1.396263402   52.230982589   35.822019971   19.820691734
    1.427996661    1.396263402   60.116155571   45.757955631   14.885732940
    1.618396215    1.396263402   69.113786805   47.036096922    9.648833764
    1.808795770    1.396263402   77.385304578   38.093600830    4.677691552
    1.999195325    1.396263402   83.041647271   19.968686184    0.279421973
    2.189594880    1.396263402   84.615457000   -4.111230317   -3.431003476
    2.379994435    1.396263402   81.401808519  -29.487490963   -6.401198109
    2.570393989    1.396263402   73.629050432  -51.192896488   -8.548525956
    2.760793544    1.396263402   62.418732733  -65.010685573   -9.759336576
    2.951193099    1.396263402   49.554805903  -68.318800341   -9.966564265

   -3.141592654    1.745329252   31.110393967  -58.863783129  -15.912725796
   -2.951193099    1.745329252   21.392100979  -42.506374280  -14.674527239
   -2.760793544    1.745329252   15.059707601  -24.255978450  -12.795189810
   -2.570393989    1.745329252   11.921164220   -9.805889734  -10.517165517
   -2.379994435    1.745329252   10.836453933   -3.058805362   -7.995084290
   -2.189594880    1.745329252   10.228953989   -4.530088596   -5.279314804
   -1.999195325    1.745329252    8.796729292  -10.890964853   -2.416021161
   -1.808795770    1.745329252    6.133526438  -16.452012891    0.425476152
   -1.618396215    1.745329252    2.929020070  -15.877480747    2.917495611
   -1.427996661    1.745329252    0.639879876   -6.806581136    4.703632092
   -1.237597106    1.745329252    0.782394468    9.063156834    5.625558934
   -1.047197551    1.745329252    4.239809084   27.065956087    5.879668545
   -0.856797996    1.745329252   10.911295627   42.026280355    5.981751924
   -0.666398442    1.745329252   19.833688195   50.282931919    6.554738446
   -0.475998887    1.745329252   29.571104459   50.536642032    8.051210927
   -0.285599332    1.745329252   38.641372946   43.555680518   10.556172936
   -0.095199777    1.745329252   45.849965875   31.426506880   13.731678650
    0.095199777    1.745329252   50.488531060   17.135548770   16.897484540
    0.285599332    1.745329252   52.474328818    4.130377355   19.216200533
    0.475998887    1.745329252   52.380284640   -4.193852253   19.955943594
    0.666398442    1.745329252   51.348823371   -5.444239664   18.750784261
    0.856797996    1.745329252   50.814057499    0.830352434   15.720157411
    1.047197551    1.745329252   52.061782883   12.807524280   11.439681960
    1.237597106    1.745329252   55.815827886   26.396464331    6.688584014
    1.427996661    1.745329252   61.906681186   36.523082140    2.176910530
    1.618396215    1.745329252   69.234124505   38.795012527   -1.696926125
    1.808795770    1.745329252   76.046153484   30.976163890   -4.892950435
    1.999195325    1.745329252   80.435442459   13.727140685   -7.608087309
    2.189594880    1.745329252   80.884403657   -9.693276129  -10.067535665
    2.379994435    1.745329252   76.675288693  -34.304162747  -12.347732156
    2.570393989    1.745329252   68.090860159  -54.799533024  -14.319991796
    2.760793544    1.745329252   56.352969107  -66.846940828  -15.719471634
    2.951193099    1.745329252   43.335666805  -68.059720152  -16.287798326

   -3.141592654    2.094395102   24.192364890  -57.911909065  -18.667976146
   -2.951193099    2.094395102   14.807509890  -40.014536020  -17.481786535
   -2.760793544    2.094395102    9.067041610  -20.610025137  -15.537500033
   -2.570393989    2.094395102    6.701003918   -5.401998973  -13.024463435
   -2.379994435    2.094395102    6.507013825    1.863174858  -10.078190763
   -2.189594880    2.094395102    6.876134847    0.780251092   -6.740339196
   -1.999195325    2.094395102    6.477216401   -5.406856967   -3.043638372
   -1.808795770    2.094395102    4.840579612  -11.258121728    0.850090241
   -1.618396215    2.094395102    2.549027380  -11.590339559    4.585349237
   -1.427996661    2.094395102    0.953163139   -3.852099021    7.721077179
   -1.237597106    2.094395102    1.537216040   10.812205258    9.961710750
   -1.047197551    2.094395102    5.269071030   28.351676439   11.339245404
   -0.856797996    2.094395102   12.222983003   43.867954798   12.205530834
   -0.666398442    2.094395102   21.614739296   53.450759241   13.025165463
   -0.475998887    2.094395102   32.096632423   55.134426488   14.108543483
   -0.285599332    2.094395102   42.129802729   48.891494254   15.437606017
   -0.095199777    2.094395102   50.322639011   36.175963022   16.639534132
    0.095199777    2.094395102   55.684631573   19.723051426   17.112933178
    0.285599332    2.094395102   57.851493547    3.275282553   16.241754419
    0.475998887    2.094395102   57.220665421   -8.962632011   13.668296714
    0.666398442    2.094395102   54.947907506  -13.515930316    9.501147796
    0.856797996    2.094395102   52.679749456   -8.974348361    4.331351273
    1.047197551    2.094395102   52.049625025    3.197442527   -0.944925982
    1.237597106    2.094395102   54.124162998   18.561633931   -5.490948701
    1.427996661    2.094395102   58.953597772   31.131293208   -8.817294153
    1.618396215    2.094395102   65.467677974   35.522618394  -10.928316502
    1.808795770    2.094395102   71.784400760   28.865274034  -12.218724639
    1.999195325    2.094395102   75.797688555   11.743326884  -13.223711694
    2.189594880    2.094395102   75.826088346  -12.171806684  -14.354450253
    2.379994435    2.094395102   71.091998551  -37.278424358  -15.736331582
    2.570393989    2.094395102   61.932086704  -57.741850337  -17.200532088
    2.760793544    2.094395102   49.696491879  -68.994059428  -18.397439354
    2.951193099    2.094395102   36.397267465  -68.790826913  -18.962503232

   -3.141592654    2.443460953   17.852409544  -57.266322094  -13.347311088
   -2.951193099    2.443460953    8.718298224  -38.057656382  -11.858328646
   -2.760793544    2.443460953    3.463078609  -17.518862937   -9.801428115
   -2.570393989    2.443460953    1.777625176   -1.381828515   -7.314048782
   -2.379994435    2.443460953    2.430449567    6.731469751   -4.468166189
   -2.189594880    2.443460953    3.809704666    6.522363788   -1.219314204
   -1.999195325    2.443460953    4.585240807    1.153322921    2.510968213
   -1.808795770    2.443460953    4.251341102   -4.228782528    6.671929678
   -1.618396215    2.443460953    3.293797368   -4.735158573   10.967253317
   -1.427996661    2.443460953    2.931420353    2.147975697   14.910063418
   -1.237597106    2.443460953    4.544974045   15.597692281   18.030927948
   -1.047197551    2.443460953    9.079141256   32.043066761   20.088167294
   -0.856797996    2.443460953   16.663667488   46.869935877   21.128988339
   -0.666398442    2.443460953   26.589333370   56.076335665   21.354860969
   -0.475998887    2.443460953   37.531918708   57.284906233   20.923565988
   -0.285599332    2.443460953   47.885383903   49.964423646   19.818117150
   -0.095199777    2.443460953   56.106909253   35.242278499   17.833226482
    0.095199777    2.443460953   61.026497827   15.880452853   14.693741804
    0.285599332    2.443460953   62.148058234   -3.872037553   10.233110066
    0.475998887    2.443460953   59.871126734  -18.944172518    4.598509162
    0.666398442    2.443460953   55.532039278  -24.936739669   -1.648202068
    0.856797996    2.443460953   51.105070946  -19.874416211   -7.626105793
    1.047197551    2.443460953   48.597082847   -5.375746433  -12.408358957
    1.237597106    2.443460953   49.349625005   13.328511227  -15.397410048
    1.427996661    2.443460953   53.500209095   29.131272695  -16.529969271
    1.618396215    2.443460953   59.863773522   35.726232864  -16.261330910
    1.808795770    2.443460953   66.316579589   29.864913253  -15.319406948
    1.999195325    2.443460953   70.495780038   12.334821525  -14.391182350
    2.189594880    2.443460953   70.542831293  -12.602896750  -13.891438104
    2.379994435    2.443460953   65.627155455  -38.686400681  -13.886866510
    2.570393989    2.443460953   56.145286495  -59.591744963  -14.164298706
    2.760793544    2.443460953   43.573351008  -70.548585637  -14.372574186
    2.951193099    2.443460953   30.058001793  -69.423147533  -14.170820854

   -3.141592654    2.792526803   14.672190186  -55.862289861    1.018655189
   -2.951193099    2.792526803    5.874017773  -35.950071631    3.155947218
   -2.760793544    2.792526803    1.086971479  -14.724199221    5.105708066
   -2.570393989    2.792526803    0.000000000    2.112802266    6.820943201
   -2.379994435    2.792526803    1.395871394   11.074130994    8.446739005
   -2.189594880    2.792526803    3.702967080   11.961787850   10.309733359
   -1.999195325    2.792526803    5.632116978    7.825516989   12.764063019
   -1.808795770    2.792526803    6.671318114    3.437120223   15.962874056
   -1.618396215    2.792526803    7.216232689    3.231069531   19.691985219
   -1.427996661    2.792526803    8.324090353    9.464794840   23.398188103
   -1.237597106    2.792526803   11.200457439   21.430135368   26.404738411
   -1.047197551    2.792526803   16.664034866   35.932209719   28.174563761
   -0.856797996    2.792526803   24.792395567   48.688227405   28.462740870
   -0.666398442    2.792526803   34.866459779   55.804715466   27.274572025
   -0.475998887    2.792526803   45.549809643   54.799314657   24.737674028
   -0.285599332    2.792526803   55.198472432   44.996493493   20.995245042
   -0.095199777    2.792526803   62.217182883   27.556909594   16.166011609
    0.095199777    2.792526803   65.416749819    5.549298501   10.404697829
    0.285599332    2.792526803   64.366802179  -16.184676673    3.990051251
    0.475998887    2.792526803   59.658465726  -31.894460662   -2.580945332
    0.666398442    2.792526803   52.934886666  -36.711351246   -8.606373442
    0.856797996    2.792526803   46.520213751  -28.707840770  -13.325983746
    1.047197551    2.792526803   42.702075924  -10.201956569  -16.170149537
    1.237597106    2.792526803   42.925403514   12.509932763  -17.004194541
    1.427996661    2.792526803   47.227178255   31.317173707  -16.166540272
    1.618396215    2.792526803   54.172096287   39.395244572  -14.306965222
    1.808795770    2.792526803   61.347036241   33.589325068  -12.101912039
    1.999195325    2.792526803   66.162731558   15.206801014  -10.014597489
    2.189594880    2.792526803   66.648413050  -10.857677754   -8.203453331
    2.379994435    2.792526803   61.970504340  -37.862215160   -6.581483076
    2.570393989    2.792526803   52.592299286  -59.240377285   -4.954918845
    2.760793544    2.792526803   40.081953892  -70.178378038   -3.159725035
    2.951193099    2.792526803   26.671394453  -68.651699179   -1.141737974
