#! FIELDS phi psi file.free der_phi der_psi
#! SET min_phi -pi
#! SET max_phi pi
#! SET nbins_phi  33
#! SET periodic_phi true
#! SET min_psi -pi
#! SET max_psi pi
#! SET nbins_psi  18
#! SET periodic_psi true
   -3.141592654   -3.141592654   17.557305247  -52.700002323   17.476850186
   -2.951193099   -3.141592654    9.269480293  -33.795282737   19.779669351
   -2.760793544   -3.141592654    4.794878191  -13.575454604   21.156408065
   -2.570393989   -3.141592654    3.858193717    2.630057525   21.788289011
   -2.379994435   -3.141592654    5.349635873   11.704358196   22.124480352
   -2.189594880   -3.141592654    7.861703910   13.634410766   22.762163687
   -1.999195325   -3.141592654   10.272481858   11.299899737   24.212365897
   -1.808795770   -3.141592654   12.166390745    8.907917098   26.641940146
   -1.618396215   -3.141592654   13.902896432   10.117571269   29.729898801
   -1.427996661   -3.141592654   16.361021883   16.520235872   32.743151386
   -1.237597106   -3.141592654   20.475744002   27.133955251   34.808759895
   -1.047197551   -3.141592654   26.786836999   38.948487534   35.231180427
   -0.856797996   -3.141592654   35.159253677   48.140437466   33.700024105
   -0.666398442   -3.141592654   44.758327318   51.350502912   30.279941978
   -0.475998887   -3.141592654   54.229615443   46.589961589   25.291622324
   -0.285599332   -3.141592654   61.999003069   33.597887115   19.170660027
   -0.095199777   -3.141592654   66.616258916   13.926151194   12.369323141
    0.095199777   -3.141592654   67.109476069   -9.003275315    5.346592930
    0.285599332   -3.141592654   63.325649388  -30.068333544   -1.413780067
    0.475998887   -3.141592654   56.169966571  -43.453894919   -7.366361371
    0.666398442   -3.141592654   47.580854662  -44.557852831  -11.949993568
    0.856797996   -3.141592654   40.089132320  -32.113284492  -14.707273330
    1.047197551   -3.141592654   36.036057037   -9.364852896  -15.461526373
    1.237597106   -3.141592654   36.744233300   16.549612989  -14.434026636
    1.427996661   -3.141592654   42.002655643   37.083840704  -12.168353775
    1.618396215   -3.141592654   50.097321612   45.526366485   -9.294796654
    1.808795770   -3.141592654   58.401349879   39.241300670   -6.269672862
    1.999195325   -3.141592654   64.225256942   20.156376148   -3.246820522
    2.189594880   -3.141592654   65.601318396   -6.397282801   -0.135090565
    2.379994435   -3.141592654   61.752213292  -33.565212203    3.223989522
    2.570393989   -3.141592654   53.193384567  -54.926434656    6.880548384
    2.760793544   -3.141592654   41.503362901  -65.921150197   10.691356117
    2.951193099   -3.141592654   28.876760147  -64.753332523   14.348098599

   -3.141592654   -2.792526803   25.187733077  -48.685301911   25.915438981
   -2.951193099   -2.792526803   17.473191265  -31.799852169   27.875774755
   -2.760793544   -2.792526803   13.204636339  -13.319000317   28.584461002
   -2.570393989   -2.792526803   12.210240924    1.932527452   28.384313439
   -2.379994435   -2.792526803   13.566054023   11.176663290   27.878261391
   -2.189594880   -2.792526803   16.086019581   14.412835699   27.745930378
   -1.999195325   -2.792526803   18.831394948   14.098361566   28.488472425
   -1.808795770   -2.792526803   21.451645612   13.650894750   30.189476268
   -1.618396215   -2.792526803   24.204890524   15.829083555   32.418413454
   -1.427996661   -2.792526803   27.715604333   21.573835306   34.345196194
   -1.237597106   -2.792526803   32.587340116   29.768447942   35.040438980
   -1.047197551   -2.792526803   39.056491549   37.823444135   33.810193021
   -0.856797996   -2.792526803   46.802511152   42.667177525   30.422368928
   -0.666398442   -2.792526803   54.957170655   41.760547953   25.110246164
   -0.475998887   -2.792526803   62.277094881   33.788529228   18.438970130
   -0.285599332   -2.792526803   67.406018094   18.916396009   11.115937762
   -0.095199777   -2.792526803   69.168449680   -1.115480565    3.823667222
    0.095199777   -2.792526803   66.882499527  -22.913218882   -2.857553118
    0.285599332   -2.792526803   60.663780394  -41.528071746   -8.469061406
    0.475998887   -2.792526803   51.642676529  -51.447627353  -12.645183029
    0.666398442   -2.792526803   41.911947548  -48.496346897  -15.125415918
    0.856797996   -2.792526803   34.060654331  -31.991468477  -15.796423836
    1.047197551   -2.792526803   30.367824066   -5.845275968  -14.776243230
    1.237597106   -2.792526803   31.977509572   22.291985820  -12.442608930
    1.427996661   -2.792526803   38.436734700   43.769019285   -9.328938257
    1.618396215   -2.792526803   47.814689535   52.225590175   -5.911542528
    1.808795770   -2.792526803   57.364932116   45.640696285   -2.432073520
    1.999195325   -2.792526803   64.392999146   26.470223162    1.144535692
    2.189594880   -2.792526803   66.995419223    0.224908757    5.004351711
    2.379994435   -2.792526803   64.453953037  -26.458647742    9.281962149
    2.570393989   -2.792526803   57.278780001  -47.583350533   13.901456204
    2.760793544   -2.792526803   46.963011978  -58.965136153   18.536474483
    2.951193099   -2.792526803   35.564022608  -58.955364866   22.702005820

   -3.141592654   -2.443460953   33.962002651  -44.509697895   23.104120995
   -2.951193099   -2.443460953   26.828873976  -29.868504680   24.614788428
   -2.760793544   -2.443460953   22.736767417  -13.296126448   25.110325814
   -2.570393989   -2.443460953   21.628032703    0.880401657   24.918040778
   -2.379994435   -2.443460953   22.766984027   10.134455031   24.523511516
   -2.189594880   -2.443460953   25.168717849   14.341823309   24.402764927
   -1.999195325   -2.443460953   28.032584283   15.424066800   24.831889553
   -1.808795770   -2.443460953   31.015107189   16.002739715   25.730065582
   -1.618396215   -2.443460953   34.228068081   18.074167651   26.632930809
   -1.427996661   -2.443460953   38.034769448   22.188460677   26.827062390
   -1.237597106   -2.443460953   42.755407909   27.391377324   25.622243058
   -1.047197551   -2.443460953   48.423451197   31.757543859   22.625008048
   -0.856797996   -2.443460953   54.669694084   33.093868665   17.899517765
   -0.666398442   -2.443460953   60.739388226   29.655041851   11.917368575
   -0.475998887   -2.443460953   65.626192222   20.612139226    5.384227219
   -0.285599332   -2.443460953   68.267624618    6.221170011   -0.973070381
   -0.095199777   -2.443460953   67.765696649  -12.012146441   -6.574238661
    0.095199777   -2.443460953   63.649235612  -31.134049604  -11.050145934
    0.285599332   -2.443460953   56.153924304  -46.677153940  -14.229402084
    0.475998887   -2.443460953   46.446386848  -53.534087025  -16.073779339
    0.666398442   -2.443460953   36.588165682  -47.809468246  -16.628804514
    0.856797996   -2.443460953   29.091714804  -29.039671087  -15.988776622
    1.047197551   -2.443460953   26.121432119   -1.315017517  -14.317516245
    1.237597106   -2.443460953   28.682191230   27.636302193  -11.863904940
    1.427996661   -2.443460953   36.184358624   49.304985395   -8.927908886
    1.618396215   -2.443460953   46.608776611   57.673711637   -5.755867833
    1.808795770   -2.443460953   57.195955743   51.137102696   -2.458237224
    1.999195325   -2.443460953   65.306668404   32.413526361    1.003088200
    2.189594880   -2.443460953   69.114306065    6.970300633    4.729966807
    2.379994435   -2.443460953   67.939110468  -18.894392886    8.755895211
    2.570393989   -2.443460953   62.251169279  -39.643250879   12.948859691
    2.760793544   -2.443460953   53.422013450  -51.449595477   16.999410336
    2.951193099   -2.443460953   43.342556370  -52.765035409   20.504789461

   -3.141592654   -2.094395102   40.079978947  -41.382824720   13.570953406
   -2.951193099   -2.094395102   33.408515936  -28.132150256   14.621179792
   -2.760793544   -2.094395102   29.534798656  -12.670634549   15.171077292
   -2.570393989   -2.094395102   28.478685689    0.906378056   15.376062709
   -2.379994435   -2.094395102   29.610706869   10.120546546   15.404618797
   -2.189594880   -2.094395102   32.037546799   14.651730791   15.355361868
   -1.999195325   -2.094395102   34.989677925   15.986285851   15.195506257
   -1.808795770   -2.094395102   38.058786728   16.212248652   14.732745315
   -1.618396215   -2.094395102   41.198814079   16.916340405   13.663849389
   -1.427996661   -2.094395102   44.569304489   18.618386349   11.682996927
   -1.237597106   -2.094395102   48.326320729   20.803590180    8.628991881
   -1.047197551   -2.094395102   52.459083407   22.334865253    4.585499884
   -0.856797996   -2.094395102   56.714469506   21.832436019   -0.102265296
   -0.666398442   -2.094395102   60.582300812   18.060851790   -4.932663744
   -0.475998887   -2.094395102   63.353260870   10.223926718   -9.387509220
   -0.285599332   -2.094395102   64.225353238   -1.827578770  -13.058381969
   -0.095199777   -2.094395102   62.458757939  -17.215616683  -15.724547159
    0.095199777   -2.094395102   57.617909981  -33.593516343  -17.363266523
    0.285599332   -2.094395102   49.875342668  -46.909244711  -18.103217783
    0.475998887   -2.094395102   40.283668455  -52.186211792  -18.142690854
    0.666398442   -2.094395102   30.788681072  -45.407872362  -17.660548511
    0.856797996   -2.094395102   23.822454022  -25.896690267  -16.737171207
    1.047197551   -2.094395102   21.507256205    2.419328919  -15.361892987
    1.237597106   -2.094395102   24.827157206   31.860983545  -13.493335989
    1.427996661   -2.094395102   33.173123226   53.923396301  -11.144296838
    1.618396215   -2.094395102   44.508182079   62.606546133   -8.395452817
    1.808795770   -2.094395102   56.063288913   56.367447748   -5.375223312
    1.999195325   -2.094395102   65.202549638   37.985348522   -2.211779030
    2.189594880   -2.094395102   70.106778744   12.899400801    0.989173763
    2.379994435   -2.094395102   70.086881752  -12.733572433    4.130215199
    2.570393989   -2.094395102   65.570685101  -33.572211929    7.096721290
    2.760793544   -2.094395102   57.853028278  -45.936220786    9.748071674
    2.951193099   -2.094395102   48.732575128  -48.284550221   11.940604069

   -3.141592654   -1.745329252   42.571286372  -39.399546191    4.145759306
   -2.951193099   -1.745329252   36.219004428  -26.767896887    4.727258999
   -2.760793544   -1.745329252   32.548334764  -11.899839703    5.226198951
   -2.570393989   -1.745329252   31.585189962    1.115763458    5.591767350
   -2.379994435   -1.745329252   32.701632760    9.729237311    5.688679490
   -2.189594880   -1.745329252   34.983630514   13.475170690    5.312103079
   -1.999195325   -1.745329252   37.609713488   13.668702876    4.242927008
   -1.808795770   -1.745329252   40.094356299   12.327792609    2.318510220
   -1.618396215   -1.745329252   42.319497439   11.167562447   -0.491505115
   -1.427996661   -1.745329252   44.419508247   11.074221240   -4.046401639
   -1.237597106   -1.745329252   46.609803564   12.028041360   -8.033357501
   -1.047197551   -1.745329252   49.030486228   13.327067206  -12.024046940
   -0.856797996   -1.745329252   51.643111027   13.783307363  -15.559552900
   -0.666398442   -1.745329252   54.155278863   12.014990391  -18.264216722
   -0.475998887   -1.745329252   56.018367008    6.795313952  -19.922303090
   -0.285599332   -1.745329252   56.494330768   -2.594247630  -20.514128946
   -0.095199777   -1.745329252   54.800732126  -15.798113100  -20.206733524
    0.095199777   -1.745329252   50.373880304  -30.811398915  -19.308188367
    0.285599332   -1.745329252   43.216534372  -43.681977094  -18.183677157
    0.475998887   -1.745329252   34.220212604  -49.253962275  -17.151757872
    0.666398442   -1.745329252   25.225386345  -43.100744916  -16.378749695
    0.856797996   -1.745329252   18.646341023  -24.079092182  -15.796689913
    1.047197551   -1.745329252   16.666181376    4.215234929  -15.144045485
    1.237597106   -1.745329252   20.368590214   34.148698127  -14.092456523
    1.427996661   -1.745329252   29.225864168   57.022126295  -12.432580464
    1.618396215   -1.745329252   41.231715571   66.516240273  -10.168503717
    1.808795770   -1.745329252   53.590251405   60.828093343   -7.514760895
    1.999195325   -1.745329252   63.603653052   42.634493930   -4.792587358
    2.189594880   -1.745329252   69.385409161   17.411346187   -2.299292365
    2.379994435   -1.745329252   70.194040386   -8.578083011   -0.222340315
    2.570393989   -1.745329252   66.425980359  -29.886979936    1.384445311
    2.760793544   -1.745329252   59.360614241  -42.779933846    2.574559994
    2.951193099   -1.745329252   50.788000070  -45.695603006    3.456608704

   -3.141592654   -1.396263402   40.802652118  -39.802230610    1.823468767
   -2.951193099   -1.396263402   34.413676218  -26.738041574    1.841372860
   -2.760793544   -1.396263402   30.792168866  -11.446956750    1.815057278
   -2.570393989   -1.396263402   29.934385785    1.694636964    1.630045024
   -2.379994435   -1.396263402   31.129643173    9.861972599    1.050555486
   -2.189594880   -1.396263402   33.336654288   12.427607859   -0.229641572
   -1.999195325   -1.396263402   35.594532654   10.753207140   -2.474978405
   -1.808795770   -1.396263402   37.314022853    7.193310423   -5.767751899
   -1.618396215   -1.396263402   38.362235605    4.031645692   -9.904856264
   -1.427996661   -1.396263402   38.977580385    2.807463301  -14.401115421
   -1.237597106   -1.396263402   39.592020530    3.988879615  -18.606276737
   -1.047197551   -1.396263402   40.621833938    6.993309145  -21.889587765
   -0.856797996   -1.396263402   42.287893247   10.318153129  -23.804152998
   -0.666398442   -1.396263402   44.460597403   11.932573128  -24.187853021
   -0.475998887   -1.396263402   46.615537871    9.836598561  -23.163087788
   -0.285599332   -1.396263402   47.899229736    2.652637343  -21.080474201
   -0.095199777   -1.396263402   47.311785738   -9.665369553  -18.429516896
    0.095199777   -1.396263402   44.024937364  -25.192042697  -15.733308166
    0.285599332   -1.396263402   37.793079553  -39.730098322  -13.436683496
    0.475998887   -1.396263402   29.337796868  -47.563008659  -11.809569761
    0.666398442   -1.396263402   20.458637714  -43.478984042  -10.886839563
    0.856797996   -1.396263402   13.681029887  -25.589035264  -10.452448520
    1.047197551   -1.396263402   11.412372771    2.918623509  -10.138196392
    1.237597106   -1.396263402   14.987604795   34.248221462   -9.558675050
    1.427996661   -1.396263402   24.048241451   59.065141149   -8.479095623
    1.618396215   -1.396263402   36.613760168   70.232491821   -6.881438984
    1.808795770   -1.396263402   49.772994566   65.334609385   -4.946613456
    1.999195325   -1.396263402   60.635709625   46.873773568   -2.959922842
    2.189594880   -1.396263402   67.131994878   20.571311132   -1.195965258
    2.379994435   -1.396263402   68.409485103   -6.832139600    0.162865449
    2.570393989   -1.396263402   64.848006759  -29.405833667    1.058841195
    2.760793544   -1.396263402   57.788352548  -43.109131667    1.548959056
    2.951193099   -1.396263402   49.119703965  -46.285912023    1.757840436

   -3.141592654   -1.047197551   38.097648781  -41.204748064    3.592112373
   -2.951193099   -1.047197551   31.495475284  -27.577576094    2.318084700
   -2.760793544   -1.047197551   27.757632838  -11.892557893    0.886640362
   -2.570393989   -1.047197551   26.812986157    1.110581205   -0.674503916
   -2.379994435   -1.047197551   27.824027427    8.374272452   -2.489533323
   -2.189594880   -1.047197551   29.600885617    9.290962757   -4.814258550
   -1.999195325   -1.047197551   31.069456025    5.582275721   -7.900183179
   -1.808795770   -1.047197551   31.625729506    0.253659148  -11.794420023
   -1.618396215   -1.047197551   31.257238501   -3.693455043  -16.193581986
   -1.427996661   -1.047197551   30.442286893   -4.230447304  -20.462533823
   -1.237597106   -1.047197551   29.903793046   -0.859277620  -23.827663650
   -1.047197551   -1.047197551   30.307191422    5.380138144  -25.645383882
   -0.856797996   -1.047197551   32.005316297   12.245457696  -25.609669357
   -0.666398442   -1.047197551   34.851325561   16.939172845  -23.823970404
   -0.475998887   -1.047197551   38.173357681   16.880941245  -20.730817436
   -0.285599332   -1.047197551   40.887028516   10.394493272  -16.969874677
   -0.095199777   -1.047197551   41.733258253   -2.560221166  -13.202357393
    0.095199777   -1.047197551   39.650900577  -19.788912060   -9.950801054
    0.285599332   -1.047197551   34.234188063  -36.619500546   -7.490012879
    0.475998887   -1.047197551   26.149539293  -46.734191024   -5.827297228
    0.666398442   -1.047197551   17.256189652  -44.319837925   -4.771677156
    0.856797996   -1.047197551   10.239274579  -27.092469847   -4.029917520
    1.047197551   -1.047197551    7.709730733    1.836393600   -3.332893755
    1.237597106   -1.047197551   11.185427213   34.358109102   -2.486052405
    1.427996661   -1.047197551   20.404542422   60.592964836   -1.412505664
    1.618396215   -1.047197551   33.372665477   72.824202099   -0.128614306
    1.808795770   -1.047197551   47.070375971   68.251102691    1.278025693
    1.999195325   -1.047197551   58.454443171   49.302952882    2.673217381
    2.189594880   -1.047197551   65.316985484   21.916205114    3.899096940
    2.379994435   -1.047197551   66.727282953   -6.784788849    4.798180501
    2.570393989   -1.047197551   63.063531792  -30.465320435    5.243040480
    2.760793544   -1.047197551   55.732010543  -44.810466650    5.168764811
    2.951193099   -1.047197551   46.723191271  -48.064481571    4.587998271

   -3.141592654   -0.698131701   37.749809073  -45.135877977    4.145894041
   -2.951193099   -0.698131701   30.376416619  -31.678109730    1.968343892
   -2.760793544   -0.698131701   25.868600965  -15.851251359   -0.391147655
   -2.570393989   -0.698131701   24.184590217   -2.731514444   -2.828662448
   -2.379994435   -0.698131701   24.446236018    4.257993590   -5.396636612
   -2.189594880   -0.698131701   25.370552567    4.371346691   -8.290881848
   -1.999195325   -0.698131701   25.801259832   -0.395736889  -11.695940966
   -1.808795770   -0.698131701   25.143180633   -6.393781480  -15.553036173
   -1.618396215   -0.698131701   23.526862318   -9.922926949  -19.416141512
   -1.427996661   -0.698131701   21.679699207   -8.602060295  -22.528673987
   -1.237597106   -0.698131701   20.586335877   -2.157026185  -24.114715178
   -1.047197551   -0.698131701   21.081409280    7.653357381  -23.714116908
   -0.856797996   -0.698131701   23.528823223   17.706118636  -21.379650540
   -0.666398442   -0.698131701   27.634266258   24.475746637  -17.637349095
   -0.475998887   -0.698131701   32.471439080   24.996295403  -13.273145907
   -0.285599332   -0.698131701   36.666898404   17.615674381   -9.067501230
   -0.095199777   -0.698131701   38.713865020    2.696593127   -5.559853574
    0.095199777   -0.698131701   37.407458251  -16.901566073   -2.916982698
    0.285599332   -0.698131701   32.334983614  -35.782303999   -0.947912921
    0.475998887   -0.698131701   24.281212137  -47.086263066    0.725544143
    0.666398442   -0.698131701   15.292771873  -44.807552346    2.422273553
    0.856797996   -0.698131701    8.241703980  -26.876856079    4.230502229
    1.047197551   -0.698131701    5.857602841    3.164210070    5.978523770
    1.237597106   -0.698131701    9.690647669   36.729035932    7.403036610
    1.427996661   -0.698131701   19.432821467   63.629277866    8.323482176
    1.618396215   -0.698131701   33.004647333   76.042502078    8.751018032
    1.808795770   -0.698131701   47.296918911   71.207677334    8.849671449
    1.999195325   -0.698131701   59.189983874   51.639595271    8.809256313
    2.189594880   -0.698131701   66.414756885   23.342562775    8.724288202
    2.379994435   -0.698131701   67.990785446   -6.503071912    8.548466553
    2.570393989   -0.698131701   64.259707798  -31.464293889    8.130985070
    2.760793544   -0.698131701   56.615519000  -47.076525350    7.304625134
    2.951193099   -0.698131701   47.071286221  -51.365269263    5.968570393

   -3.141592654   -0.349065850   38.714832251  -49.961312124    3.992947986
   -2.951193099   -0.349065850   30.378297483  -36.881369805    0.926553091
   -2.760793544   -0.349065850   24.877091832  -21.022812150   -2.255994014
   -2.570393989   -0.349065850   22.225003052   -7.732697616   -5.350248388
   -2.379994435   -0.349065850   21.534925513   -0.796653516   -8.325640526
   -2.189594880   -0.349065850   21.460433169   -1.120258277  -11.318023667
   -1.999195325   -0.349065850   20.791112265   -6.424262705  -14.452946095
   -1.808795770   -0.349065850   18.974064968  -12.371958337  -17.595075622
   -1.618396215   -0.349065850   16.322315482  -14.561122731  -20.223363744
   -1.427996661   -0.349065850   13.840822917  -10.392685816  -21.571621121
   -1.237597106   -0.349065850   12.762561866   -0.116823349  -21.000217664
   -1.047197551   -0.349065850   14.013027845   13.434246771  -18.359177176
   -0.856797996   -0.349065850   17.830084514   26.037202185  -14.129169585
   -0.666398442   -0.349065850   23.619988374   33.509999091   -9.232253358
   -0.475998887   -0.349065850   30.095194176   32.893237173   -4.666855086
   -0.285599332   -0.349065850   35.582719178   23.155469833   -1.145370574
   -0.095199777   -0.349065850   38.433412172    5.641092194    1.136482985
    0.095199777   -0.349065850   37.493395856  -15.806752485    2.516980264
    0.285599332   -0.349065850   32.558092050  -35.195457368    3.676507024
    0.475998887   -0.349065850   24.674693035  -45.718497706    5.284328952
    0.666398442   -0.349065850   16.079023888  -42.032216920    7.647159966
    0.856797996   -0.349065850    9.675668306  -22.989871364   10.546804206
    1.047197551   -0.349065850    8.067576283    7.237724331   13.354992794
    1.237597106   -0.349065850   12.612803752   39.989418627   15.400295679
    1.427996661   -0.349065850   22.850162182   65.528037260   16.297084595
    1.618396215   -0.349065850   36.654484782   76.637662264   16.093097516
    1.808795770   -0.349065850   50.970094662   70.947339369   15.161772671
    1.999195325   -0.349065850   62.769616246   50.980895081   13.954263716
    2.189594880   -0.349065850   69.847886089   22.467742013   12.767218105
    2.379994435   -0.349065850   71.226948677   -7.744616893   11.642843001
    2.570393989   -0.349065850   67.198343787  -33.408643749   10.409559852
    2.760793544   -0.349065850   59.091932065  -50.026346603    8.816299506
    2.951193099   -0.349065850   48.883730790  -55.372421415    6.679439777

   -3.141592654    0.000000000   39.878983365  -55.399016600    2.296895136
   -2.951193099    0.000000000   30.468682931  -42.625837664   -0.667777602
   -2.760793544    0.000000000   23.880224749  -26.626516432   -3.540572381
   -2.570393989    0.000000000   20.194530459  -12.970453455   -6.181561910
   -2.379994435    0.000000000   18.536419825   -5.757391081   -8.612661719
   -2.189594880    0.000000000   17.526302098   -6.005330346  -10.973499893
   -1.999195325    0.000000000   15.937422562  -11.129887353  -13.332008363
   -1.808795770    0.000000000   13.294173689  -16.163500404  -15.466933696
   -1.618396215    0.000000000   10.105214657  -16.178743970  -16.814267564
   -1.427996661    0.000000000    7.621168885   -8.647677571  -16.681616018
   -1.237597106    0.000000000    7.232506889    5.349138790  -14.649807258
   -1.047197551    0.000000000    9.817808143   21.739325017  -10.889321090
   -0.856797996    0.000000000   15.342407507   35.305434947   -6.187268934
   -0.666398442    0.000000000   22.816681286   41.603624555   -1.614722474
   -0.475998887    0.000000000   30.589373853   38.245437380    1.927210999
   -0.285599332    0.000000000   36.791653279   25.340314895    4.066891138
   -0.095199777    0.000000000   39.813489727    5.475107135    5.088206067
    0.095199777    0.000000000   38.749522186  -16.620630300    5.774359121
    0.285599332    0.000000000   33.748841269  -34.791107504    7.053924288
    0.475998887    0.000000000   26.163562312  -42.890253021    9.551602131
    0.666398442    0.000000000   18.347435031  -36.795483886   13.259334127
    0.856797996    0.000000000   13.082773575  -16.564788540   17.489610418
    1.047197551    0.000000000   12.671880307   13.082667605   21.173081354
    1.237597106    0.000000000   18.151644677   43.780890091   23.373700132
    1.427996661    0.000000000   28.861507537   66.696564682   23.683132170
    1.618396215    0.000000000   42.663248069   75.574133868   22.319051592
    1.808795770    0.000000000   56.635548854   68.580184754   19.913832664
    1.999195325    0.000000000   67.933294362   48.205758500   17.164499224
    2.189594880    0.000000000   74.485360774   19.752812035   14.544094510
    2.379994435    0.000000000   75.353737212  -10.437745530   12.194752833
    2.570393989    0.000000000   70.786754210  -36.447384606    9.990459582
    2.760793544    0.000000000   62.035965008  -53.816052004    7.696625525
    2.951193099    0.000000000   51.019091646  -60.072255416    5.134959820

   -3.141592654    0.349065850   41.782862488  -59.583780394    1.213511414
   -2.951193099    0.349065850   31.541239802  -47.104421201   -0.777322500
   -2.760793544    0.349065850   24.093714120  -31.114423154   -2.535610357
   -2.570393989    0.349065850   19.567459240  -17.290101704   -4.052221619
   -2.379994435    0.349065850   17.103503912   -9.903644610   -5.427626749
   -2.189594880    0.349065850   15.318431284   -9.977758393   -6.804995987
   -1.999195325    0.349065850   13.009916311  -14.621323146   -8.210861762
   -1.808795770    0.349065850    9.806377713  -18.388756564   -9.410544892
   -1.618396215    0.349065850    6.397727474  -16.087685012   -9.921536211
   -1.427996661    0.349065850    4.214538793   -5.519153761   -9.237263350
   -1.237597106    0.349065850    4.702092965   11.298204640   -7.161980349
   -1.047197551    0.349065850    8.591146084   29.183026213   -4.015124946
   -0.856797996    0.349065850   15.521385466   42.291680321   -0.558116913
   -0.666398442    0.349065850   24.138948874   46.404216532    2.378627021
   -0.475998887    0.349065850   32.548993053   40.119211115    4.297223613
   -0.285599332    0.349065850   38.864832375   24.853463744    5.267671156
   -0.095199777    0.349065850   41.694041362    4.266912629    5.897704611
    0.095199777    0.349065850   40.496437798  -16.478412983    7.050986121
    0.285599332    0.349065850   35.789424779  -31.658512353    9.461422078
    0.475998887    0.349065850   29.133896502  -36.309380248   13.357019258
    0.666398442    0.349065850   22.827529044  -27.817768640   18.282936260
    0.856797996    0.349065850   19.332180921   -7.395107752   23.203072194
    1.047197551    0.349065850   20.490990653   20.031245105   26.897222824
    1.237597106    0.349065850   26.942809657   46.887359118   28.474721121
    1.427996661    0.349065850   37.845582040   65.700352441   27.708528570
    1.618396215    0.349065850   51.137876875   71.464927180   25.039153727
    1.808795770    0.349065850   64.157122701   62.962254745   21.294944114
    1.999195325    0.349065850   74.362351707   42.557456566   17.314072268
    2.189594880    0.349065850   79.910073889   14.933406504   13.663944218
    2.379994435    0.349065850   79.956002815  -14.292097009   10.555041254
    2.570393989    0.349065850   74.718784791  -39.729308345    7.920422827
    2.760793544    0.349065850   65.352147323  -57.098692504    5.571903533
    2.951193099    0.349065850   53.674988576  -63.761942943    3.349946768

   -3.141592654    0.698131701   43.449904295  -62.507274589   -0.068718586
   -2.951193099    0.698131701   32.642562958  -50.073828284   -0.706891430
   -2.760793544    0.698131701   24.638281704  -33.948393903   -1.072703621
   -2.570393989    0.698131701   19.596347038  -19.849096960   -1.295213237
   -2.379994435    0.698131701   16.673564564  -12.160724751   -1.525075605
   -2.189594880    0.698131701   14.486190204  -11.933515591   -1.880953278
   -1.999195325    0.698131701   11.843567089  -16.125472713   -2.369059397
   -1.808795770    0.698131701    8.425750882  -19.052363017   -2.836699559
   -1.618396215    0.698131701    5.009331387  -15.435690709   -3.017778456
   -1.427996661    0.698131701    3.095180404   -3.355148371   -2.673062203
   -1.237597106    0.698131701    4.112148360   14.575924642   -1.756734701
   -1.047197551    0.698131701    8.658023732   32.606875074   -0.474711179
   -0.856797996    0.698131701   16.165757802   44.777342530    0.815639463
   -0.666398442    0.698131701   25.113295037   47.355499013    1.854166832
   -0.475998887    0.698131701   33.574703875   39.831393304    2.668757809
   -0.285599332    0.698131701   39.805539976   24.494459990    3.614754410
   -0.095199777    0.698131701   42.685680539    5.425418330    5.243639363
    0.095199777    0.698131701   41.966737632  -12.434075448    8.041228113
    0.285599332    0.698131701   38.353928262  -24.226320609   12.177279800
    0.475998887    0.698131701   33.387953796  -26.222488707   17.324433591
    0.666398442    0.698131701   29.110923728  -16.980961339   22.670669313
    0.856797996    0.698131701   27.555758350    1.728000103   27.117008520
    1.047197551    0.698131701   30.115449785   25.349442595   29.658068403
    1.237597106    0.698131701   37.131026725   47.462425293   29.757853052
    1.427996661    0.698131701   47.717540043   61.995248575   27.529954723
    1.618396215    0.698131701   60.011502222   64.987956388   23.628857142
    1.808795770    0.698131701   71.679817047   55.542729886   18.948503014
    1.999195325    0.698131701   80.504624545   35.669910019   14.297635105
    2.189594880    0.698131701   84.858320951    9.341236431   10.200543655
    2.379994435    0.698131701   83.973264585  -18.519459651    6.868315963
    2.570393989    0.698131701   78.032271950  -42.984774764    4.288936423
    2.760793544    0.698131701   68.095360451  -59.919143157    2.348808471
    2.951193099    0.698131701   55.887466739  -66.556682013    0.925839527

   -3.141592654    1.047197551   41.762787896  -63.178423496   -3.565466487
   -2.951193099    1.047197551   30.925464510  -49.732681536   -2.620828037
   -2.760793544    1.047197551   23.060048021  -32.879130867   -1.422745559
   -2.570393989    1.047197551   18.260198150  -18.437583200   -0.272010885
   -2.379994435    1.047197551   15.607570555  -10.788235571    0.635128592
   -2.189594880    1.047197551   13.654773498  -10.868185978    1.230414321
   -1.999195325    1.047197551   11.177319438  -15.452682389    1.539982394
   -1.808795770    1.047197551    7.855333876  -18.698877385    1.623092194
   -1.618396215    1.047197551    4.486182883  -15.279159857    1.522589768
   -1.427996661    1.047197551    2.587605919   -3.358209932    1.256600503
   -1.237597106    1.047197551    3.582243727   14.315681073    0.846696767
   -1.047197551    1.047197551    8.044612779   31.966537007    0.370524816
   -0.856797996    1.047197551   15.399143327   43.851679135    0.003625320
   -0.666398442    1.047197551   24.179682067   46.647919456    0.052825729
   -0.475998887    1.047197551   32.596806058   40.239861707    0.906453529
   -0.285599332    1.047197551   39.094147683   27.044228863    2.928244109
   -0.095199777    1.047197551   42.724523018   10.824798725    6.326081901
    0.095199777    1.047197551   43.312415527   -4.176760855   11.016716485
    0.285599332    1.047197551   41.480225889  -14.007589630   16.561884709
    0.475998887    1.047197551   38.517140690  -15.725693005   22.181355254
    0.666398442    1.047197551   36.101020290   -8.272475772   26.903500412
    0.856797996    1.047197551   35.885847797    6.851761861   29.792445422
    1.047197551    1.047197551   38.997804803   25.964401399   30.251622727
    1.237597106    1.047197551   45.710325239   43.800511852   28.219916630
    1.427996661    1.047197551   55.280608421   55.236784469   24.187181075
    1.618396215    1.047197551   66.119487770   56.725591265   18.977521746
    1.808795770    1.047197551   76.187714786   47.190832339   13.454508373
    1.999195325    1.047197551   83.489462465   28.121211481    8.287368768
    2.189594880    1.047197551   86.514140553    2.951611364    3.875544168
    2.379994435    1.047197551   84.527126559  -23.715821362    0.405082215
    2.570393989    1.047197551   77.705212099  -47.048858183   -2.052394512
    2.760793544    1.047197551   67.099736396  -62.869706076   -3.483783100
    2.951193099    1.047197551   54.437116990  -68.366296845   -3.938714238

   -3.141592654    1.396263402   37.233190397  -61.534621073   -9.336128594
   -2.951193099    1.396263402   26.858014850  -46.620238142   -7.878148408
   -2.760793544    1.396263402   19.666391157  -29.038044025   -6.061261565
   -2.570393989    1.396263402   15.609724568  -14.572587261   -4.191816532
   -2.379994435    1.396263402   13.654328275   -7.389211025   -2.442878463
   -2.189594880    1.396263402   12.281845485   -8.202261666   -0.852828384
   -1.999195325    1.396263402   10.229265379  -13.682499849    0.578076393
   -1.808795770    1.396263402    7.145700174  -18.000152962    1.775243616
   -1.618396215    1.396263402    3.794881743  -15.812129816    2.556692701
   -1.427996661    1.396263402    1.677360620   -5.106805236    2.730236015
   -1.237597106    1.396263402    2.251220488   11.734551407    2.263146382
   -1.047197551    1.396263402    6.205628839   29.364690676    1.404857904
   -0.856797996    1.396263402   13.150689250   42.346824953    0.668779464
   -0.666398442    1.396263402   21.840902106   47.375812966    0.689759823
   -0.475998887    1.396263402   30.677983705   44.009931809    2.000416129
   -0.285599332    1.396263402   38.203926828   34.049053608    4.842055373
   -0.095199777    1.396263402   43.434988271   20.467696423    9.067655799
    0.095199777    1.396263402   46.008723327    6.762986125   14.137339564
    0.285599332    1.396263402   46.239490982   -3.612300587   19.216931080
    0.475998887    1.396263402   45.049942597   -7.779212243   23.357845814
    0.666398442    1.396263402   43.789997341   -4.254028490   25.742246741
    0.856797996    1.396263402   43.909167488    6.336453764   25.885534745
    1.047197551    1.396263402   46.516702941   21.324916994   23.787512020
    1.237597106    1.396263402   52.046070189   36.257020479   19.893803715
    1.427996661    1.396263402   60.023908734   46.295008903   14.938145682
    1.618396215    1.396263402   69.131639343   47.645820060    9.671808516
    1.808795770    1.396263402   77.520292282   38.695453579    4.661250614
    1.999195325    1.396263402   83.282235369   20.455705925    0.215163679
    2.189594880    1.396263402   84.930612476   -3.826203476   -3.544346197
    2.379994435    1.396263402   81.748946117  -29.438108908   -6.553154923
    2.570393989    1.396263402   73.965155848  -51.351183601   -8.717717586
    2.760793544    1.396263402   62.709921610  -65.314917567   -9.920421383
    2.951193099    1.396263402   49.779347731  -68.706302774  -10.098798461

   -3.141592654    1.745329252   31.198670250  -59.163584119  -15.954295759
   -2.951193099    1.745329252   21.420319945  -42.838103082  -14.674871982
   -2.760793544    1.745329252   15.022156620  -24.614247293  -12.758620014
   -2.570393989    1.745329252   11.814642898  -10.168201923  -10.444909959
   -2.379994435    1.745329252   10.663660125   -3.386256579   -7.883813127
   -2.189594880    1.745329252   10.000725225   -4.778705638   -5.123676886
   -1.999195325    1.745329252    8.531449083  -11.027145740   -2.213536564
   -1.808795770    1.745329252    5.854119836  -16.465947340    0.669711321
   -1.618396215    1.745329252    2.657289912  -15.789933927    3.188695635
   -1.427996661    1.745329252    0.390648409   -6.670015922    4.978718175
   -1.237597106    1.745329252    0.558013230    9.173421064    5.877880387
   -1.047197551    1.745329252    4.028059217   27.076916941    6.086277337
   -0.856797996    1.745329252   10.688755905   41.899386668    6.130180729
   -0.666398442    1.745329252   19.574983412   50.037242053    6.647807514
   -0.475998887    1.745329252   29.260121091   50.247669292    8.106745954
   -0.285599332    1.745329252   38.278860632   43.316850158   10.601225552
   -0.095199777    1.745329252   45.452667029   31.305464132   13.793214307
    0.095199777    1.745329252   50.081240754   17.148019178   16.992816425
    0.285599332    1.745329252   52.080295073    4.248360601   19.347598802
    0.475998887    1.745329252   52.015275073   -4.015551441   20.111393625
    0.666398442    1.745329252   51.020774070   -5.239427864   18.910187668
    0.856797996    1.745329252   50.526884205    1.054823836   15.863201666
    1.047197551    1.745329252   51.820929904   13.073651011   11.551505914
    1.237597106    1.745329252   55.632466325   26.738776770    6.761381257
    1.427996661    1.745329252   61.797492184   36.958945802    2.207860852
    1.618396215    1.745329252   69.215053470   39.295984424   -1.708699624
    1.808795770    1.745329252   76.122860265   31.462996684   -4.947731042
    1.999195325    1.745329252   80.595983210   14.102844623   -7.704140420
    2.189594880    1.745329252   81.100257209   -9.495158228  -10.197653155
    2.379994435    1.745329252   76.910834133  -34.293146057  -12.496897548
    2.570393989    1.745329252   68.313979770  -54.933019145  -14.467030703
    2.760793544    1.745329252   56.541725400  -67.067332974  -15.843063326
    2.951193099    1.745329252   43.477715964  -68.326285508  -16.372968462

   -3.141592654    2.094395102   24.270538985  -58.134549472  -18.686553286
   -2.951193099    2.094395102   14.839587332  -40.277545423  -17.457856934
   -2.760793544    2.094395102    9.045546930  -20.908397617  -15.477152809
   -2.570393989    2.094395102    6.621508678   -5.708256588  -12.933033971
   -2.379994435    2.094395102    6.371945718    1.592236495   -9.958992014
   -2.189594880    2.094395102    6.696370679    0.587147312   -6.596016210
   -1.999195325    2.094395102    6.270308420   -5.496194835   -2.878610843
   -1.808795770    2.094395102    4.626815617  -11.244305298    1.028009321
   -1.618396215    2.094395102    2.345722291  -11.502497939    4.765866875
   -1.427996661    2.094395102    0.769585407   -3.744832358    7.894217217
   -1.237597106    2.094395102    1.370520436   10.869941267   10.121322215
   -1.047197551    2.094395102    5.103854188   28.300785229   11.485659626
   -0.856797996    2.094395102   12.035763626   43.688400802   12.345621423
   -0.666398442    2.094395102   21.383573895   53.178451998   13.170044946
   -0.475998887    2.094395102   31.811415706   54.853843737   14.269198010
   -0.285599332    2.094395102   41.797852922   48.693018450   15.620282169
   -0.095199777    2.094395102   49.965478404   36.111802368   16.843071028
    0.095199777    2.094395102   55.328103711   19.786464216   17.328635663
    0.285599332    2.094395102   57.515607052    3.417150037   16.455836544
    0.475998887    2.094395102   56.914742371   -8.799145155   13.865609603
    0.666398442    2.094395102   54.672486382  -13.362711168    9.668752312
    0.856797996    2.094395102   52.432791778   -8.825985522    4.460777506
    1.047197551    2.094395102   51.833439653    3.379032203   -0.857596668
    1.237597106    2.094395102   53.949612531   18.823482366   -5.446331991
    1.427996661    2.094395102   58.838770015   31.496081710   -8.814632053
    1.618396215    2.094395102   65.430303762   35.961272875  -10.966536459
    1.808795770    2.094395102   71.831596286   29.296502719  -12.295866661
    1.999195325    2.094395102   75.918905811   12.072370879  -13.335104549
    2.189594880    2.094395102   75.995198915  -12.003236639  -14.490317249
    2.379994435    2.094395102   71.277637865  -37.269293235  -15.881141260
    2.570393989    2.094395102   62.108086157  -57.843885791  -17.334919267
    2.760793544    2.094395102   49.847024553  -69.153897699  -18.502958325
    2.951193099    2.094395102   36.514388937  -68.981027460  -19.026577211

   -3.141592654    2.443460953   17.936632544  -57.423571167  -13.314439491
   -2.951193099    2.443460953    8.768064039  -38.265133996  -11.795726438
   -2.760793544    2.443460953    3.468489667  -17.776358751   -9.712565098
   -2.570393989    2.443460953    1.731383919   -1.662374450   -7.204132531
   -2.379994435    2.443460953    2.332202350    6.472265479   -4.344005258
   -2.189594880    2.443460953    3.667713272    6.327559143   -1.089402235
   -1.999195325    2.443460953    4.414539769    1.049353470    2.637170889
   -1.808795770    2.443460953    4.069976529   -4.239524033    6.786245264
   -1.618396215    2.443460953    3.117835346   -4.674230623   11.066547868
   -1.427996661    2.443460953    2.770768593    2.237922457   14.999377578
   -1.237597106    2.443460953    4.399885168   15.660970812   18.124105406
   -1.047197551    2.443460953    8.939566724   32.029935760   20.205027922
   -0.856797996    2.443460953   16.512473994   46.760954533   21.289358747
   -0.666398442    2.443460953   26.409961735   55.896434435   21.571328048
   -0.475998887    2.443460953   37.316584938   57.097850740   21.195450867
   -0.285599332    2.443460953   47.639321990   49.836704372   20.129455499
   -0.095199777    2.443460953   55.845339836   35.206997740   18.156664206
    0.095199777    2.443460953   60.766359636   15.923415241   14.998764388
    0.285599332    2.443460953   61.900341387   -3.793907694   10.495210097
    0.475998887    2.443460953   59.638348324  -18.871623958    4.805021524
    0.666398442    2.443460953   55.311425254  -24.881996767   -1.497837128
    0.856797996    2.443460953   50.894764383  -19.816277980   -7.524320284
    1.047197551    2.443460953   48.401880413   -5.267845604  -12.345296314
    1.237597106    2.443460953   49.183670400   13.533380739  -15.364989313
    1.427996661    2.443460953   53.384349174   29.450839264  -16.523314929
    1.618396215    2.443460953   59.817401794   36.125671019  -16.277628653
    1.808795770    2.443460953   66.347615432   30.260099547  -15.355737838
    1.999195325    2.443460953   70.594416178   12.633548435  -14.442808702
    2.189594880    2.443460953   70.684656952  -12.451917032  -13.950943700
    2.379994435    2.443460953   65.784027979  -38.673744732  -13.944874187
    2.570393989    2.443460953   56.295593355  -59.664661065  -14.210556998
    2.760793544    2.443460953   43.706011123  -70.656527392  -14.397790526
    2.951193099    2.443460953   30.168578034  -69.548404355  -14.168409361

   -3.141592654    2.792526803   14.783370257  -55.967559064    1.105874803
   -2.951193099    2.792526803    5.959881868  -36.114799570    3.265192714
   -2.760793544    2.792526803    1.135215270  -14.954575499    5.235426593
   -2.570393989    2.792526803    0.000000000    1.840436151    6.965811588
   -2.379994435    2.792526803    1.343613460   10.804180120    8.597478378
   -2.189594880    2.792526803    3.603322283   11.740149904   10.454265522
   -1.999195325    2.792526803    5.497602057    7.684914910   12.890511533
   -1.808795770    2.792526803    6.519043837    3.390669962   16.063978144
   -1.618396215    2.792526803    7.063792809    3.272082706   19.769988615
   -1.427996661    2.792526803    8.185969779    9.566898588   23.467475020
   -1.237597106    2.792526803   11.084301685   21.549787554   26.490202196
   -1.047197551    2.792526803   16.568584597   36.021311230   28.305158218
   -0.856797996    2.792526803   24.708175772   48.713404124   28.661872298
   -0.666398442    2.792526803   34.780397968   55.761496473   27.550140162
   -0.475998887    2.792526803   45.451075654   54.713987710   25.076041645
   -0.285599332    2.792526803   55.082426920   44.904018725   21.362905178
   -0.095199777    2.792526803   62.084859495   27.478555112   16.519829503
    0.095199777    2.792526803   65.271095485    5.484677850   10.706897277
    0.285599332    2.792526803   64.209466936  -16.245679654    4.220856647
    0.475998887    2.792526803   59.489550347  -31.955935265   -2.419208702
    0.666398442    2.792526803   52.755251693  -36.760216704   -8.495139959
    0.856797996    2.792526803   46.334717863  -28.716436743  -13.241510796
    1.047197551    2.792526803   42.521879921  -10.132508619  -16.094097429
    1.237597106    2.792526803   42.768667282   12.690080311  -16.928539756
    1.427996661    2.792526803   47.116201400   31.614645893  -16.092552845
    1.618396215    2.792526803   54.126319178   39.771876815  -14.240307202
    1.808795770    2.792526803   61.374475313   33.964464689  -12.047295257
    1.999195325    2.792526803   66.254662900   15.494419538   -9.972480856
    2.189594880    2.792526803   66.782667290  -10.703981583   -8.169609359
    2.379994435    2.792526803   62.121828501  -37.830712669   -6.549186137
    2.570393989    2.792526803   52.742134089  -59.279057494   -4.917005166
    2.760793544    2.792526803   40.221894978  -70.239991317   -3.109874668
    2.951193099    2.792526803   26.798820381  -68.723997241   -1.074978125
