#! FIELDS phi psi file.free der_phi der_psi
#! SET min_phi -pi
#! SET max_phi pi
#! SET nbins_phi  33
#! SET periodic_phi true
#! SET min_psi -pi
#! SET max_psi pi
#! SET nbins_psi  18
#! SET periodic_psi true
   -3.141592654   -3.141592654   17.468838163  -52.557078168   17.368098765
   -2.951193099   -3.141592654    9.205622097  -33.678012659   19.661451393
   -2.760793544   -3.141592654    4.751487166  -13.475867611   21.032099139
   -2.570393989   -3.141592654    3.832213556    2.714397870   21.659086812
   -2.379994435   -3.141592654    5.338065616   11.772174034   21.992784806
   -2.189594880   -3.141592654    7.861446746   13.686457820   22.634101109
   -1.999195325   -3.141592654   10.280846139   11.338867013   24.097190641
   -1.808795770   -3.141592654   12.180785453    8.931551817   26.548522708
   -1.618396215   -3.141592654   13.919386876   10.113179925   29.661656144
   -1.427996661   -3.141592654   16.372269426   16.466805705   32.694256349
   -1.237597106   -3.141592654   20.470683782   27.015353444   34.764513987
   -1.047197551   -3.141592654   26.752861338   38.766733350   35.172867475
   -0.856797996   -3.141592654   35.086408340   47.919881681   33.612123257
   -0.666398442   -3.141592654   44.642861852   51.131316859   30.156830908
   -0.475998887   -3.141592654   54.075696676   46.412189314   25.140343565
   -0.285599332   -3.141592654   61.817524877   33.490704459   19.008277538
   -0.095199777   -3.141592654   66.421951087   13.899115187   12.216104969
    0.095199777   -3.141592654   66.916829304   -8.961695365    5.218228255
    0.285599332   -3.141592654   63.145086843  -29.988063229   -1.511336197
    0.475998887   -3.141592654   56.005350218  -43.371534110   -7.437483706
    0.666398442   -3.141592654   47.429608805  -44.502901591  -12.005602333
    0.856797996   -3.141592654   39.944522979  -32.098421445  -14.758809159
    1.047197551   -3.141592654   35.890201763   -9.391522170  -15.515117198
    1.237597106   -3.141592654   36.589457624   16.483627584  -14.487715586
    1.427996661   -3.141592654   41.831784750   36.982407878  -12.213727980
    1.618396215   -3.141592654   49.904750559   45.403698307   -9.322462278
    1.808795770   -3.141592654   58.185796833   39.130625350   -6.275960229
    1.999195325   -3.141592654   63.993142300   20.100991880   -3.237942656
    2.189594880   -3.141592654   65.366736485   -6.364553878   -0.125828032
    2.379994435   -3.141592654   61.532643706  -33.442681117    3.216677198
    2.570393989   -3.141592654   53.003311655  -54.745959938    6.844807160
    2.760793544   -3.141592654   41.349508484  -65.727128549   10.624561163
    2.951193099   -3.141592654   28.758209810  -64.579730417   14.255913344

   -3.141592654   -2.792526803   25.071586810  -48.527396435   25.777870644
   -2.951193099   -2.792526803   17.385234424  -31.662465197   27.734610456
   -2.760793544   -2.792526803   13.140470391  -13.205931305   28.445460386
   -2.570393989   -2.792526803   12.165107096    2.020933129   28.247847986
   -2.379994435   -2.792526803   13.535638991   11.245174110   27.743994605
   -2.189594880   -2.792526803   16.067454327   14.471062595   27.616855507
   -1.999195325   -2.792526803   18.823534243   14.153217263   28.371639287
   -1.808795770   -2.792526803   21.453405889   13.695050910   30.092967948
   -1.618396215   -2.792526803   24.212148044   15.837298558   32.346282852
   -1.427996661   -2.792526803   27.718234955   21.512270773   34.293659046
   -1.237597106   -2.792526803   32.569641047   29.615881046   34.998354958
   -1.047197551   -2.792526803   39.001410322   37.588889321   33.763851910
   -0.856797996   -2.792526803   46.698103983   42.393161854   30.361862644
   -0.666398442   -2.792526803   54.801634483   41.508853017   25.034215640
   -0.475998887   -2.792526803   62.080223286   33.614661679   18.354740333
   -0.285599332   -2.792526803   67.186052417   18.851264200   11.035238178
   -0.095199777   -2.792526803   68.946380576   -1.075216236    3.756281069
    0.095199777   -2.792526803   66.675602643  -22.801131125   -2.908561548
    0.285599332   -2.792526803   60.480941127  -41.395560728   -8.508090879
    0.475998887   -2.792526803   51.482900742  -51.343600249  -12.680972784
    0.666398442   -2.792526803   41.766749860  -48.449018688  -15.166051252
    0.856797996   -2.792526803   33.918791182  -32.000770648  -15.845053073
    1.047197551   -2.792526803   30.219945194   -5.894875761  -14.828941314
    1.237597106   -2.792526803   31.817682016   22.218798082  -12.489213202
    1.427996661   -2.792526803   38.261394525   43.680448859   -9.356883429
    1.618396215   -2.792526803   47.621427727   52.127300387   -5.911845865
    1.808795770   -2.792526803   57.153066388   45.548204064   -2.405428584
    1.999195325   -2.792526803   64.166053657   26.409861111    1.184933540
    2.189594880   -2.792526803   66.762268030    0.223836418    5.036146918
    2.379994435   -2.792526803   64.227291067  -26.388907589    9.282475426
    2.570393989   -2.792526803   57.071351604  -47.454367058   13.857114011
    2.760793544   -2.792526803   46.783682425  -58.802403089   18.447635999
    2.951193099   -2.792526803   35.416595692  -58.786294379   22.580729710

   -3.141592654   -2.443460953   33.813679048  -44.365055188   23.015768223
   -2.951193099   -2.443460953   26.708183551  -29.726058510   24.520326822
   -2.760793544   -2.443460953   22.641513099  -13.172678581   25.017221051
   -2.570393989   -2.443460953   21.553690845    0.977875827   24.828136051
   -2.379994435   -2.443460953   22.709087867   10.212954051   24.438007233
   -2.189594880   -2.443460953   25.125227921   14.418214566   24.326477764
   -1.999195325   -2.443460953   28.004490133   15.510657342   24.774218372
   -1.808795770   -2.443460953   31.003831375   16.089905821   25.701756356
   -1.618396215   -2.443460953   34.230766390   18.126143504   26.640745757
   -1.427996661   -2.443460953   38.040194891   22.158117052   26.869783769
   -1.237597106   -2.443460953   42.744528905   27.249224377   25.690815610
   -1.047197551   -2.443460953   48.375257231   31.514436008   22.706965011
   -0.856797996   -2.443460953   54.569610957   32.803896097   17.984487220
   -0.666398442   -2.443460953   60.585581626   29.394116991   12.000668303
   -0.475998887   -2.443460953   65.430690322   20.444326671    5.465866024
   -0.285599332   -2.443460953   68.051515273    6.174757875   -0.892446497
   -0.095199777   -2.443460953   67.551360816  -11.952465534   -6.497697042
    0.095199777   -2.443460953   63.452680605  -31.016197420  -10.985568155
    0.285599332   -2.443460953   55.980501971  -46.560695737  -14.186455181
    0.475998887   -2.443460953   46.291019517  -53.465228846  -16.058635963
    0.666398442   -2.443460953   36.439827639  -47.803506873  -16.639853113
    0.856797996   -2.443460953   28.939601146  -29.079216531  -16.015577730
    1.047197551   -2.443460953   25.959837558   -1.368673939  -14.343208473
    1.237597106   -2.443460953   28.511013382   27.592223391  -11.869723165
    1.427996661   -2.443460953   36.006092376   49.273841279   -8.898501639
    1.618396215   -2.443460953   46.424902793   57.643494223   -5.684501413
    1.808795770   -2.443460953   57.005424445   51.097425270   -2.350877079
    1.999195325   -2.443460953   65.107710290   32.367022895    1.127171411
    2.189594880   -2.443460953   68.907134572    6.934484721    4.843134327
    2.379994435   -2.443460953   67.727820790  -18.897917879    8.831804855
    2.570393989   -2.443460953   62.043440461  -39.600814208   12.972237579
    2.760793544   -2.443460953   53.226854972  -51.359528807   16.970646851
    2.951193099   -2.443460953   43.168177883  -52.638869210   20.437198228

   -3.141592654   -2.094395102   39.923064802  -41.275144669   13.530465028
   -2.951193099   -2.094395102   33.274354385  -28.005734589   14.575604473
   -2.760793544   -2.094395102   29.424213594  -12.552133943   15.126859822
   -2.570393989   -2.094395102   28.388676189    1.005133502   15.335763858
   -2.379994435   -2.094395102   29.538187324   10.209679946   15.372185033
   -2.189594880   -2.094395102   31.982958532   14.756008148   15.339831239
   -1.999195325   -2.094395102   34.957930090   16.123852443   15.211081483
   -1.808795770   -2.094395102   38.055643379   16.371266333   14.794437063
   -1.618396215   -2.094395102   41.224467343   17.049766282   13.781311935
   -1.427996661   -2.094395102   44.612891325   18.663705205   11.856135988
   -1.237597106   -2.094395102   48.366461475   20.719519478    8.847629829
   -1.047197551   -2.094395102   52.470972746   22.128981837    4.833530777
   -0.856797996   -2.094395102   56.679901086   21.563427392    0.158267735
   -0.666398442   -2.094395102   60.496930702   17.810249594   -4.673757245
   -0.475998887   -2.094395102   63.227261386   10.056502669   -9.141910913
   -0.285599332   -2.094395102   64.077413676   -1.889916183  -12.837268052
   -0.095199777   -2.094395102   62.307336390  -17.196430676  -15.539786210
    0.095199777   -2.094395102   57.473940466  -33.543258571  -17.225332339
    0.285599332   -2.094395102   49.739677006  -46.878540849  -18.016624623
    0.475998887   -2.094395102   40.149482754  -52.202104253  -18.101830730
    0.666398442   -2.094395102   30.647284487  -45.463147393  -17.648923462
    0.856797996   -2.094395102   23.669239139  -25.957281174  -16.730978958
    1.047197551   -2.094395102   21.344916012    2.390543215  -15.336435890
    1.237597106   -2.094395102   24.663941484   31.881563433  -13.429412657
    1.427996661   -2.094395102   33.017725156   53.980851999  -11.032713466
    1.618396215   -2.094395102   44.364518323   62.665739590   -8.239177816
    1.808795770   -2.094395102   55.928016119   56.392303503   -5.189556780
    1.999195325   -2.094395102   65.067035561   37.957750688   -2.021569880
    2.189594880   -2.094395102   69.961560537   12.829428414    1.155833342
    2.379994435   -2.094395102   69.926630602  -12.814281618    4.250719112
    2.570393989   -2.094395102   65.397019169  -33.626396787    7.161265743
    2.760793544   -2.094395102   57.673834599  -45.935817933    9.761560860
    2.951193099   -2.094395102   48.559266992  -48.223470871   11.918295827

   -3.141592654   -1.745329252   42.431273381  -39.319494612    4.135237665
   -2.951193099   -1.745329252   36.097696083  -26.657752036    4.710630874
   -2.760793544   -1.745329252   32.448062813  -11.792200906    5.206585943
   -2.570393989   -1.745329252   31.504022677    1.210964539    5.573035095
   -2.379994435   -1.745329252   32.638721904    9.831826667    5.679570833
   -2.189594880   -1.745329252   34.943775074   13.621771360    5.327805190
   -1.999195325   -1.745329252   37.604035718   13.883396315    4.303100700
   -1.808795770   -1.745329252   40.134962285   12.593607484    2.441632721
   -1.618396215   -1.745329252   42.410847544   11.421687522   -0.294831599
   -1.427996661   -1.745329252   44.551471651   11.233669863   -3.777888603
   -1.237597106   -1.745329252   46.758040029   12.034879945   -7.707512742
   -1.047197551   -1.745329252   49.164832874   13.180260599  -11.663928420
   -0.856797996   -1.745329252   51.739063741   13.540052411  -15.190986766
   -0.666398442   -1.745329252   54.202152167   11.756522456  -17.910655340
   -0.475998887   -1.745329252   56.019764442    6.584399815  -19.602853850
   -0.285599332   -1.745329252   56.461924646   -2.737899640  -20.243393976
   -0.095199777   -1.745329252   54.746012764  -15.893941848  -19.994805041
    0.095199777   -1.745329252   50.302608693  -30.894754572  -19.158981193
    0.285599332   -1.745329252   43.128322530  -43.778188703  -18.092240719
    0.475998887   -1.745329252   34.112178845  -49.362570145  -17.102880621
    0.666398442   -1.745329252   25.097403337  -43.194881012  -16.348974459
    0.856797996   -1.745329252   18.504705211  -24.120460061  -15.760081770
    1.047197551   -1.745329252   16.523815782    4.252750630  -15.079542750
    1.237597106   -1.745329252   20.240826878   34.261640678  -13.989352784
    1.427996661   -1.745329252   29.124072626   57.174038337  -12.292236377
    1.618396215   -1.745329252   41.158017444   66.649553969  -10.002326882
    1.808795770   -1.745329252   53.535696912   60.889755766   -7.340502986
    1.999195325   -1.745329252   63.551557568   42.598192143   -4.629883551
    2.189594880   -1.745329252   69.317797369   17.290863722   -2.165072044
    2.379994435   -1.745329252   70.098919949   -8.735833918   -0.126679392
    2.570393989   -1.745329252   66.301935908  -30.023503347    1.440553507
    2.760793544   -1.745329252   59.216420076  -42.848624330    2.598040832
    2.951193099   -1.745329252   50.638598074  -45.681638319    3.458197422

   -3.141592654   -1.396263402   40.673723994  -39.740384296    1.806517491
   -2.951193099   -1.396263402   34.300268603  -26.643152778    1.816389917
   -2.760793544   -1.396263402   30.697315461  -11.349088039    1.784008238
   -2.570393989   -1.396263402   29.857935946    1.794035521    1.599663689
   -2.379994435   -1.396263402   31.074505165    9.994186948    1.034025795
   -2.189594880   -1.396263402   33.313386281   12.638398755   -0.214167912
   -1.999195325   -1.396263402   35.621137661   11.068123327   -2.408213084
   -1.808795770   -1.396263402   37.408841559    7.586929874   -5.634709729
   -1.618396215   -1.396263402   38.533425099    4.423822073   -9.699588527
   -1.427996661   -1.396263402   39.214906892    3.093176580  -14.128950854
   -1.237597106   -1.396263402   39.866874055    4.089824655  -18.283488746
   -1.047197551   -1.396263402   40.896469278    6.894232143  -21.539823110
   -0.856797996   -1.396263402   42.528274334   10.070376152  -23.453992938
   -0.666398442   -1.396263402   44.646096750   11.618376090  -23.862324138
   -0.475998887   -1.396263402   46.740569185    9.525461067  -22.882896922
   -0.285599332   -1.396263402   47.968058069    2.376247327  -20.860175546
   -0.095199777   -1.396263402   47.331311144   -9.908510125  -18.276139851
    0.095199777   -1.396263402   44.000271492  -25.414201865  -15.644831064
    0.285599332   -1.396263402   37.727831084  -39.932029426  -13.401256391
    0.475998887   -1.396263402   29.237352143  -47.725122220  -11.806889313
    0.666398442   -1.396263402   20.333665880  -43.567852114  -10.892051386
    0.856797996   -1.396263402   13.548333537  -25.576058292  -10.442221564
    1.047197551   -1.396263402   11.292223614    3.037083335  -10.096811916
    1.237597106   -1.396263402   14.897837275   34.441746102   -9.481673454
    1.427996661   -1.396263402   23.997926873   59.275448152   -8.373342305
    1.618396215   -1.396263402   36.599516741   70.390388346   -6.761680412
    1.808795770   -1.396263402   49.779228765   65.386551651   -4.830335535
    1.999195325   -1.396263402   60.639836320   46.801053673   -2.862082743
    2.189594880   -1.396263402   67.112059247   20.399722750   -1.125188947
    2.379994435   -1.396263402   68.351919946   -7.043065299    0.205448461
    2.570393989   -1.396263402   64.751998840  -29.588009369    1.077965063
    2.760793544   -1.396263402   57.664615134  -43.211886623    1.551591662
    2.951193099   -1.396263402   48.985314484  -46.295823445    1.749455625

   -3.141592654   -1.047197551   37.950543803  -41.154594228    3.524903808
   -2.951193099   -1.047197551   31.361816991  -27.491831910    2.248419359
   -2.760793544   -1.047197551   27.641614373  -11.793525204    0.816989739
   -2.570393989   -1.047197551   26.717406127    1.231821639   -0.736805946
   -2.379994435   -1.047197551   27.756596841    8.557372817   -2.533123331
   -2.189594880   -1.047197551   29.578020677    9.584260120   -4.826730643
   -1.999195325   -1.047197551   31.114856419    6.006459396   -7.871297007
   -1.808795770   -1.047197551   31.761863807    0.771987656  -11.718603670
   -1.618396215   -1.047197551   31.493698418   -3.177187114  -16.070830713
   -1.427996661   -1.047197551   30.767002615   -3.839574655  -20.298093001
   -1.237597106   -1.047197551   30.282905829   -0.688704669  -23.631832277
   -1.047197551   -1.047197551   30.694991876    5.303560629  -25.432802078
   -0.856797996   -1.047197551   32.358290902   11.969298355  -25.398310688
   -0.666398442   -1.047197551   35.139447120   16.549947176  -23.632868851
   -0.475998887   -1.047197551   38.383160547   16.459631186  -20.577002958
   -0.285599332   -1.047197551   41.017630104    9.989671338  -16.864835699
   -0.095199777   -1.047197551   41.789959014   -2.929782484  -13.149173831
    0.095199777   -1.047197551   39.641190370  -20.114588953   -9.942893512
    0.285599332   -1.047197551   34.167803633  -36.884679520   -7.512193269
    0.475998887   -1.047197551   26.040553209  -46.910270201   -5.859308752
    0.666398442   -1.047197551   17.124552283  -44.376618414   -4.792974272
    0.856797996   -1.047197551   10.109239532  -27.016939968   -4.025016584
    1.047197551   -1.047197551    7.605226915    2.024763765   -3.295650520
    1.237597106   -1.047197551   11.123414663   34.605586810   -2.421390608
    1.427996661   -1.047197551   20.389366869   60.825288654   -1.334970096
    1.618396215   -1.047197551   33.394230032   72.967490685   -0.057509387
    1.808795770   -1.047197551   47.106609680   68.258635662    1.325203463
    1.999195325   -1.047197551   58.478402728   49.170703309    2.686605344
    2.189594880   -1.047197551   65.305413640   21.686145762    3.878995699
    2.379994435   -1.047197551   66.668043393   -7.041404581    4.752956429
    2.570393989   -1.047197551   62.958703104  -30.677012279    5.183943341
    2.760793544   -1.047197551   55.595101876  -44.930767544    5.104620876
    2.951193099   -1.047197551   46.572894054  -48.086815926    4.522467075

   -3.141592654   -0.698131701   37.582266152  -45.079352598    4.055831941
   -2.951193099   -0.698131701   30.223307256  -31.587177133    1.891015118
   -2.760793544   -0.698131701   25.734643423  -15.740058569   -0.454588363
   -2.570393989   -0.698131701   24.074737667   -2.582873466   -2.873986032
   -2.379994435   -0.698131701   24.371536251    4.487438198   -5.419442385
   -2.189594880   -0.698131701   25.350864490    4.727254119   -8.290477074
   -1.999195325   -0.698131701   25.862753331    0.099896157  -11.677140803
   -1.808795770   -0.698131701   25.309173251   -5.804089669  -15.524905448
   -1.618396215   -0.698131701   23.806082333   -9.343794823  -19.388022608
   -1.427996661   -0.698131701   22.057715123   -8.164559522  -22.506240744
   -1.237597106   -0.698131701   21.025523701   -1.962946148  -24.099063154
   -1.047197551   -0.698131701   21.531111827    7.571712651  -23.703918265
   -0.856797996   -0.698131701   23.939834764   17.394624908  -21.374809499
   -0.666398442   -0.698131701   27.971092048   24.025109685  -17.641011455
   -0.475998887   -0.698131701   32.716592954   24.498286454  -13.290758378
   -0.285599332   -0.698131701   36.818039210   17.134660509   -9.103467809
   -0.095199777   -0.698131701   38.777973984    2.267901634   -5.613969757
    0.095199777   -0.698131701   37.396575780  -17.256482239   -2.982915183
    0.285599332   -0.698131701   32.265192270  -36.041592396   -1.014349996
    0.475998887   -0.698131701   24.173077441  -47.224726948    0.671478430
    0.666398442   -0.698131701   15.171318697  -44.806298124    2.391205102
    0.856797996   -0.698131701    8.133562721  -26.739338350    4.227152117
    1.047197551   -0.698131701    5.785724928    3.400486058    5.999156037
    1.237597106   -0.698131701    9.667732811   36.994477485    7.435067557
    1.427996661   -0.698131701   19.456514578   63.840672109    8.347810916
    1.618396215   -0.698131701   33.057443915   76.127991276    8.747605516
    1.808795770   -0.698131701   47.350900710   71.134568744    8.804709863
    1.999195325   -0.698131701   59.215882172   51.425799789    8.720641759
    2.189594880   -0.698131701   66.391198178   23.050430431    8.602405045
    2.379994435   -0.698131701   67.910531668   -6.791967547    8.411187830
    2.570393989   -0.698131701   64.130388006  -31.681735294    7.995969204
    2.760793544   -0.698131701   56.454613717  -47.188352056    7.183118928
    2.951193099   -0.698131701   46.898944056  -51.377273912    5.863713204

   -3.141592654   -0.349065850   38.529969293  -49.854809807    3.890308202
   -2.951193099   -0.349065850   30.216719564  -36.746483899    0.855446828
   -2.760793544   -0.349065850   24.742897231  -20.868426047   -2.296662933
   -2.570393989   -0.349065850   22.123261581   -7.539873942   -5.362019954
   -2.379994435   -0.349065850   21.476422022   -0.528102139   -8.313492718
   -2.189594880   -0.349065850   21.462989346   -0.742028216  -11.293201985
   -1.999195325   -0.349065850   20.876604471   -5.934073360  -14.432907429
   -1.808795770   -0.349065850   19.160104541  -11.818131689  -17.599473433
   -1.618396215   -0.349065850   16.612446316  -14.039928210  -20.267376713
   -1.427996661   -0.349065850   14.217817684  -10.019812431  -21.660348226
   -1.237597106   -0.349065850   13.188977833    0.020416478  -21.127529743
   -1.047197551   -0.349065850   14.440485224   13.310223322  -18.511568921
   -0.856797996   -0.349065850   18.212052024   25.695887262  -14.291973871
   -0.666398442   -0.349065850   23.922870942   33.036980822   -9.394335334
   -0.475998887   -0.349065850   30.302670875   32.378494863   -4.821576643
   -0.285599332   -0.349065850   35.693881991   22.668249491   -1.288516474
   -0.095199777   -0.349065850   38.457996755    5.224762380    1.009579848
    0.095199777   -0.349065850   37.447583261  -16.125183859    2.412348942
    0.285599332   -0.349065850   32.462517929  -35.396130239    3.600302454
    0.475998887   -0.349065850   24.553329563  -45.785659828    5.240303917
    0.666398442   -0.349065850   15.958009195  -41.961219575    7.634578361
    0.856797996   -0.349065850    9.579899066  -22.799371258   10.559140315
    1.047197551   -0.349065850    8.015479185    7.496780547   13.379408767
    1.237597106   -0.349065850   12.610322911   40.237850403   15.418469808
    1.427996661   -0.349065850   22.887026157   65.680735135   16.287948847
    1.618396215   -0.349065850   36.705994206   76.632760242   16.038113480
    1.808795770   -0.349065850   51.004234972   70.774122633   15.051457071
    1.999195325   -0.349065850   62.757911890   50.685093095   13.792596636
    2.189594880   -0.349065850   69.774686666   22.133549219   12.571107950
    2.379994435   -0.349065850   71.093534545   -8.028969164   11.436022215
    2.570393989   -0.349065850   67.020454766  -33.585168062   10.214407951
    2.760793544   -0.349065850   58.892190018  -50.080258918    8.647781470
    2.951193099   -0.349065850   48.683777008  -55.326617243    6.543713073

   -3.141592654    0.000000000   39.655524719  -55.211990962    2.247841371
   -2.951193099    0.000000000   30.283317613  -42.416083606   -0.672977830
   -2.760793544    0.000000000   23.735836865  -26.404762822   -3.507518862
   -2.570393989    0.000000000   20.094341872  -12.722979310   -6.117947642
   -2.379994435    0.000000000   18.487828373   -5.457810801   -8.531056968
   -2.189594880    0.000000000   17.541391889   -5.632694790  -10.893410262
   -1.999195325    0.000000000   16.030215471  -10.689830958  -13.278830200
   -1.808795770    0.000000000   13.473954567  -15.700394082  -15.466654583
   -1.618396215    0.000000000   10.369226563  -15.771887119  -16.885593268
   -1.427996661    0.000000000    7.949939974   -8.388510205  -16.829392557
   -1.237597106    0.000000000    7.590902290    5.395071659  -14.863070740
   -1.047197551    0.000000000   10.163044830   21.558465496  -11.145239276
   -0.856797996    0.000000000   15.634789567   34.943183037   -6.458311445
   -0.666398442    0.000000000   23.029108515   41.141606027   -1.875347705
   -0.475998887    0.000000000   30.711194803   37.769390567    1.697071292
   -0.285599332    0.000000000   36.826970526   24.917085418    3.881126549
   -0.095199777    0.000000000   39.776521801    5.144049349    4.955155128
    0.095199777    0.000000000   38.659778346  -16.840908188    5.696470892
    0.285599332    0.000000000   33.628213260  -34.893985342    7.027074686
    0.475998887    0.000000000   26.034581759  -42.874282165    9.565080076
    0.666398442    0.000000000   18.232255172  -36.667967803   13.297298540
    0.856797996    0.000000000   13.000414380  -16.352505321   17.533426844
    1.047197551    0.000000000   12.633640805   13.323905677   21.203226102
    1.237597106    0.000000000   18.155695423   43.970244847   23.371354607
    1.427996661    0.000000000   28.890005803   66.753237601   23.632268169
    1.618396215    0.000000000   42.685645441   75.450568739   22.209908558
    1.808795770    0.000000000   56.617669412   68.289367877   19.747185864
    1.999195325    0.000000000   67.849457155   47.820327809   16.953759843
    2.189594880    0.000000000   74.327287679   19.376344911   14.313075027
    2.379994435    0.000000000   75.132414097  -10.712366473   11.970980374
    2.570393989    0.000000000   70.527023106  -36.572436148    9.797502635
    2.760793544    0.000000000   61.766743411  -53.794690774    7.548992338
    2.951193099    0.000000000   50.764913935  -59.943708180    5.037479447

   -3.141592654    0.349065850   41.556078262  -59.327001907    1.233410088
   -2.951193099    0.349065850   31.365154344  -46.832023651   -0.715058414
   -2.760793544    0.349065850   23.969738161  -30.839228494   -2.440908368
   -2.570393989    0.349065850   19.496447231  -17.005929566   -3.936633060
   -2.379994435    0.349065850   17.088450163   -9.597455967   -5.306847824
   -2.189594880    0.349065850   15.364289142   -9.643102814   -6.700436068
   -1.999195325    0.349065850   13.121323015  -14.271513178   -8.148209642
   -1.808795770    0.349065850    9.982981500  -18.061954978   -9.414391988
   -1.618396215    0.349065850    6.629843369  -15.841608746  -10.007976707
   -1.427996661    0.349065850    4.480945042   -5.413627171   -9.407606748
   -1.237597106    0.349065850    4.972044620   11.228295745   -7.400737993
   -1.047197551    0.349065850    8.831188824   28.944214485   -4.293656053
   -0.856797996    0.349065850   15.703570715   41.934535720   -0.841867046
   -0.666398442    0.349065850   24.247676358   46.003445204    2.122154373
   -0.475998887    0.349065850   32.583041848   39.746435499    4.092801905
   -0.285599332    0.349065850   38.834714023   24.558719245    5.129518281
   -0.095199777    0.349065850   41.617006815    4.070725839    5.829178360
    0.095199777    0.349065850   40.391340881  -16.577106602    7.045130160
    0.285599332    0.349065850   35.673834334  -31.671306009    9.502533820
    0.475998887    0.349065850   29.023067343  -36.247075991   13.423456203
    0.666398442    0.349065850   22.734816630  -27.690995240   18.350898286
    0.856797996    0.349065850   19.268049277   -7.225388820   23.250549832
    1.047197551    0.349065850   20.459735477   20.198719357   26.906502300
    1.237597106    0.349065850   26.937844379   46.984519558   28.433484889
    1.427996661    0.349065850   37.846847493   65.660099447   27.610536624
    1.618396215    0.349065850   51.115370224   71.255265332   24.885427264
    1.808795770    0.349065850   64.080242620   62.611821840   21.095689461
    1.999195325    0.349065850   74.211690239   42.150777208   17.089070907
    2.189594880    0.349065850   79.685120465   14.577028361   13.439678808
    2.379994435    0.349065850   79.675060524  -14.512469377   10.358405950
    2.570393989    0.349065850   74.411906308  -39.780018087    7.772013748
    2.760793544    0.349065850   65.050671966  -56.997281161    5.481888744
    2.951193099    0.349065850   53.403554435  -63.556857418    3.318228218

   -3.141592654    0.698131701   43.246711592  -62.178440401    0.029045495
   -2.951193099    0.698131701   32.502475601  -49.743436943   -0.589041884
   -2.760793544    0.698131701   24.559794795  -33.632508297   -0.944659432
   -2.570393989    0.698131701   19.576349095  -19.549409874   -1.166165727
   -2.379994435    0.698131701   16.709143727  -11.876114904   -1.406799891
   -2.189594880    0.698131701   14.574166517  -11.668199516   -1.789795321
   -1.999195325    0.698131701   11.979091752  -15.894901022   -2.324789951
   -1.808795770    0.698131701    8.599831414  -18.883161836   -2.857725624
   -1.618396215    0.698131701    5.207238019  -15.359643167   -3.114432265
   -1.427996661    0.698131701    3.296509239   -3.397785796   -2.841939434
   -1.237597106    0.698131701    4.293514182   14.411833740   -1.978901233
   -1.047197551    0.698131701    8.798413123   32.348022712   -0.719543533
   -0.856797996    0.698131701   16.251842898   44.476426428    0.582808523
   -0.666398442    0.698131701   25.142860049   47.072914017    1.663146992
   -0.475998887    0.698131701   33.556017086   39.613194365    2.538284020
   -0.285599332    0.698131701   39.753237805   24.361309367    3.550340847
   -0.095199777    0.698131701   42.615631001    5.369914711    5.239188682
    0.095199777    0.698131701   41.891609983  -12.434847211    8.082169606
    0.285599332    0.698131701   38.281798490  -24.196299374   12.243799253
    0.475998887    0.698131701   33.323346399  -26.173195242   17.394583046
    0.666398442    0.698131701   29.057355788  -16.913151295   22.723302869
    0.856797996    0.698131701   27.516454678    1.809057643   27.134875903
    1.047197551    0.698131701   30.090705704   25.415559117   29.629936465
    1.237597106    0.698131701   37.113229873   47.459669451   29.679477117
    1.427996661    0.698131701   47.687974932   61.867297535   27.404415210
    1.618396215    0.698131701   59.943428292   64.712727837   23.466612536
    1.808795770    0.698131701   71.547756839   55.158391709   18.767410226
    1.999195325    0.698131701   80.295925408   35.267881558   14.121290287
    2.189594880    0.698131701   84.579985802    9.028386233   10.053854751
    2.379994435    0.698131701   83.650341297  -18.665490917    6.771091737
    2.570393989    0.698131701   77.699373202  -42.944559181    4.250759279
    2.760793544    0.698131701   67.785554586  -59.724972934    2.367654387
    2.951193099    0.698131701   55.624687650  -66.267019073    0.991042425

   -3.141592654    1.047197551   41.614633805  -62.808469694   -3.461052729
   -2.951193099    1.047197551   30.846308878  -49.381203683   -2.525296126
   -2.760793544    1.047197551   23.044713339  -32.561091828   -1.340743786
   -2.570393989    1.047197551   18.301865983  -18.156231254   -0.205791994
   -2.379994435    1.047197551   15.699091133  -10.546111401    0.680219338
   -2.189594880    1.047197551   13.788071681  -10.672324265    1.243000666
   -1.999195325    1.047197551   11.342444810  -15.317184588    1.504459200
   -1.808795770    1.047197551    8.039067619  -18.642206008    1.525755409
   -1.618396215    1.047197551    4.671880962  -15.316894603    1.359343657
   -1.427996661    1.047197551    2.756649533   -3.493814992    1.038235044
   -1.237597106    1.047197551    3.717379931   14.101324890    0.598759640
   -1.047197551    1.047197551    8.134486866   31.714348039    0.126859218
   -0.856797996    1.047197551   15.441470750   43.613619950   -0.203174977
   -0.666398442    1.047197551   24.181616998   46.468080445   -0.095083505
   -0.475998887    1.047197551   32.571752816   40.137546012    0.824256163
   -0.285599332    1.047197551   39.056553136   27.012464407    2.904182392
   -0.095199777    1.047197551   42.685393892   10.835819864    6.343040504
    0.095199777    1.047197551   43.276711306   -4.155327492   11.053822568
    0.285599332    1.047197551   41.447520034  -13.998820241   16.598792062
    0.475998887    1.047197551   38.484398150  -15.732829673   22.200745100
    0.666398442    1.047197551   36.066180195   -8.283928095   26.892159918
    0.856797996    1.047197551   35.849091605    6.844327206   29.742288749
    1.047197551    1.047197551   38.958907390   25.945318456   30.160370848
    1.237597106    1.047197551   45.663351909   43.726690677   28.091473491
    1.427996661    1.047197551   55.210431996   55.061054266   24.031680709
    1.618396215    1.047197551   66.004588545   56.434006524   18.810877191
    1.808795770    1.047197551   76.009181582   46.827355205   13.297292582
    1.999195325    1.047197551   83.241852830   27.777306682    8.161855101
    2.189594880    1.047197551   86.210965193    2.726397423    3.800466343
    2.379994435    1.047197551   84.197731146  -23.759286218    0.389612008
    2.570393989    1.047197551   77.385420132  -46.908064133   -2.011956097
    2.760793544    1.047197551   66.820879188  -62.590372851   -3.402415559
    2.951193099    1.047197551   54.219462378  -68.013317068   -3.836733798

   -3.141592654    1.396263402   37.136420146  -61.203981019   -9.262148354
   -2.951193099    1.396263402   26.821280918  -46.321271536   -7.829746325
   -2.760793544    1.396263402   19.683195487  -28.774246858   -6.038541728
   -2.570393989    1.396263402   15.673333910  -14.344452947   -4.193104690
   -2.379994435    1.396263402   13.757392032   -7.204343387   -2.469584331
   -2.189594880    1.396263402   12.414862044   -8.074065413   -0.910794048
   -1.999195325    1.396263402   10.380149054  -13.625280842    0.480944924
   -1.808795770    1.396263402    7.300028592  -18.021935808    1.634003223
   -1.618396215    1.396263402    3.937677582  -15.909535033    2.374268115
   -1.427996661    1.396263402    1.795538555   -5.263166974    2.519726072
   -1.237597106    1.396263402    2.336279953   11.550131127    2.046138913
   -1.047197551    1.396263402    6.255849446   29.190363972    1.205687919
   -0.856797996    1.396263402   13.171374011   42.215953620    0.507730417
   -0.666398442    1.396263402   21.842207880   47.304559646    0.576962146
   -0.475998887    1.396263402   30.670876108   43.990220175    1.933766888
   -0.285599332    1.396263402   38.196060527   34.056792358    4.809259448
   -0.095199777    1.396263402   43.428680887   20.472589222    9.051151171
    0.095199777    1.396263402   46.001041178    6.742490810   14.119689933
    0.285599332    1.396263402   46.224649738   -3.665528414   19.184168719
    0.475998887    1.396263402   45.022583067   -7.853412438   23.300500969
    0.666398442    1.396263402   43.748194349   -4.326763632   25.654550844
    0.856797996    1.396263402   43.854914795    6.280314953   25.764945232
    1.047197551    1.396263402   46.452590248   21.273809475   23.635271689
    1.237597106    1.396263402   51.969615650   36.170821934   19.716409811
    1.427996661    1.396263402   59.923965124   46.129054933   14.748754089
    1.618396215    1.396263402   68.991141985   47.388552465    9.489914138
    1.808795770    1.396263402   77.325126052   38.391901006    4.509819630
    1.999195325    1.396263402   83.031590446   20.193842391    0.115144175
    2.189594880    1.396263402   84.641354725   -3.957832549   -3.580836669
    2.379994435    1.396263402   81.451072060  -29.393520135   -6.527786887
    2.570393989    1.396263402   73.691610425  -51.146494346   -8.646050088
    2.760793544    1.396263402   62.486071264  -65.008671515   -9.826386092
    2.951193099    1.396263402   49.618108102  -68.364558272  -10.006383730

   -3.141592654    1.745329252   31.139995909  -58.899753487  -15.896845725
   -2.951193099    1.745329252   21.408595758  -42.607200085  -14.646674584
   -2.760793544    1.745329252   15.051824341  -24.408960984  -12.759554425
   -2.570393989    1.745329252   11.880996433   -9.988525208  -10.473415727
   -2.379994435    1.745329252   10.760787609   -3.245115119   -7.939884840
   -2.189594880    1.745329252   10.119546081   -4.694010776   -5.209115675
   -1.999195325    1.745329252    8.659935845  -11.011774865   -2.330033120
   -1.808795770    1.745329252    5.978825943  -16.520033561    0.523579420
   -1.618396215    1.745329252    2.766056992  -15.899446632    3.019636799
   -1.427996661    1.745329252    0.475037031   -6.810814690    4.798880544
   -1.237597106    1.745329252    0.614909885    9.031605722    5.702781612
   -1.047197551    1.745329252    4.060104571   26.962765450    5.930646630
   -0.856797996    1.745329252   10.703149592   41.830167008    6.003977649
   -0.666398442    1.745329252   19.580533022   50.012519700    6.553005447
   -0.475998887    1.745329252   29.263692906   50.247879175    8.037116231
   -0.285599332    1.745329252   38.282638165   43.315164842   10.544882038
   -0.095199777    1.745329252   45.453829930   31.277527593   13.736910144
    0.095199777    1.745329252   50.073390797   17.081931503   16.926183549
    0.285599332    1.745329252   52.056222951    4.146922872   19.265055798
    0.475998887    1.745329252   51.969762173   -4.134813649   20.011583578
    0.666398442    1.745329252   50.952682741   -5.352662342   18.793748950
    0.856797996    1.745329252   50.439111607    0.963308848   15.731396761
    1.047197551    1.745329252   51.717280367   12.995548213   11.406942683
    1.237597106    1.745329252   55.512721330   26.641831239    6.610130554
    1.427996661    1.745329252   61.654582388   36.808982368    2.061167818
    1.618396215    1.745329252   69.037900450   39.089908558   -1.835159509
    1.808795770    1.745329252   75.904279262   31.246688253   -5.037349786
    1.999195325    1.745329252   80.341151410   13.952925031   -7.744477658
    2.189594880    1.745329252   80.828769202   -9.512505137  -10.185207758
    2.379994435    1.745329252   76.650587154  -34.158651147  -12.439190058
    2.570393989    1.745329252   68.091133904  -54.683245813  -14.380936159
    2.760793544    1.745329252   56.372277044  -66.766762185  -15.749629572
    2.951193099    1.745329252   43.365666925  -68.030776225  -16.291257889

   -3.141592654    2.094395102   24.228175210  -57.912862562  -18.653324438
   -2.951193099    2.094395102   14.835608998  -40.093303097  -17.450712228
   -2.760793544    2.094395102    9.074081455  -20.749049880  -15.496300781
   -2.570393989    2.094395102    6.678181553   -5.572333421  -12.977518077
   -2.379994435    2.094395102    6.451300425    1.692309967  -10.027360377
   -2.189594880    2.094395102    6.789999713    0.635435793   -6.685304185
   -1.999195325    2.094395102    6.367424120   -5.508478625   -2.983268753
   -1.808795770    2.094395102    4.716090136  -11.312661631    0.916354640
   -1.618396215    2.094395102    2.417866829  -11.609947799    4.656718415
   -1.427996661    2.094395102    0.819270833   -3.867829828    7.795344349
   -1.237597106    2.094395102    1.397255810   10.756837770   10.036217619
   -1.047197551    2.094395102    5.111632058   28.218442447   11.412330470
   -0.856797996    2.094395102   12.031503894   43.644723968   12.277728485
   -0.666398442    2.094395102   21.374079708   53.165072889   13.099164465
   -0.475998887    2.094395102   31.800382431   54.847287744   14.187858016
   -0.285599332    2.094395102   41.784114925   48.668419164   15.524353128
   -0.095199777    2.094395102   49.943823205   36.052748806   16.732898341
    0.095199777    2.094395102   55.291584286   19.691607616   17.208726412
    0.285599332    2.094395102   57.458309450    3.297474401   16.332816388
    0.475998887    2.094395102   56.833722207   -8.924445403   13.745361360
    0.666398442    2.094395102   54.568564462  -13.474504357    9.553988207
    0.856797996    2.094395102   52.309693691   -8.914554883    4.350870745
    1.047197551    2.094395102   51.694958432    3.303342236   -0.963947554
    1.237597106    2.094395102   53.795749212   18.732838120   -5.547519612
    1.427996661    2.094395102   58.663960264   31.364522787   -8.904017815
    1.618396215    2.094395102   65.226473522   35.792283882  -11.033698808
    1.808795770    2.094395102   71.595262833   29.136283772  -12.330656032
    1.999195325    2.094395102   75.658242121   11.989773691  -13.332165306
    2.189594880    2.094395102   75.730732946  -11.955327444  -14.451936850
    2.379994435    2.094395102   71.035501898  -37.085903502  -15.816955504
    2.570393989    2.094395102   61.910275018  -57.571395466  -17.259280331
    2.760793544    2.094395102   49.704195854  -68.858975923  -18.430899783
    2.951193099    2.094395102   36.425552287  -68.714223695  -18.970214441

   -3.141592654    2.443460953   17.893569628  -57.240799564  -13.325423017
   -2.951193099    2.443460953    8.755652784  -38.122536870  -11.825740476
   -2.760793544    2.443460953    3.480698683  -17.657557950   -9.762611348
   -2.570393989    2.443460953    1.764392967   -1.562233441   -7.274103681
   -2.379994435    2.443460953    2.381916262    6.546425623   -4.431171276
   -2.189594880    2.443460953    3.728190895    6.365816518   -1.186895822
   -1.999195325    2.443460953    4.478476517    1.047273736    2.539983960
   -1.808795770    2.443460953    4.129909065   -4.278406054    6.701222633
   -1.618396215    2.443460953    3.167492083   -4.741116266   11.002366389
   -1.427996661    2.443460953    2.805678620    2.152833902   14.957258248
   -1.237597106    2.443460953    4.417624211   15.568383309   18.096278145
   -1.047197551    2.443460953    8.939740279   31.940748017   20.176732847
   -0.856797996    2.443460953   16.496517700   46.681622746   21.243904468
   -0.666398442    2.443460953   26.379788376   55.826343756   21.495880499
   -0.475998887    2.443460953   37.273162354   57.027819523   21.085525477
   -0.285599332    2.443460953   47.581757363   49.758089210   19.990371597
   -0.095199777    2.443460953   55.771609434   35.117052632   18.001682596
    0.095199777    2.443460953   60.674703172   15.827476238   14.844936948
    0.285599332    2.443460953   61.790397806   -3.887690151   10.358088443
    0.475998887    2.443460953   59.511301189  -18.955680828    4.694124560
    0.666398442    2.443460953   55.169577208  -24.952476404   -1.581064439
    0.856797996    2.443460953   50.740672135  -19.874512763   -7.585010371
    1.047197551    2.443460953   48.236902304   -5.326019300  -12.390504092
    1.237597106    2.443460953   49.005947798   13.454704378  -15.398959746
    1.427996661    2.443460953   53.188281301   29.336287542  -16.545389014
    1.618396215    2.443460953   59.596628137   35.985473168  -16.284030683
    1.808795770    2.443460953   66.100936148   30.139539152  -15.343640310
    1.999195325    2.443460953   70.331409116   12.593621792  -14.413653201
    2.189594880    2.443460953   70.425437734  -12.368610446  -13.910995439
    2.379994435    2.443460953   65.552498534  -38.470701714  -13.902928450
    2.570393989    2.443460953   56.110318875  -59.391874104  -14.175075509
    2.760793544    2.443460953   43.573994981  -70.379292375  -14.374920766
    2.951193099    2.443460953   30.085805364  -69.312817159  -14.161559580

   -3.141592654    2.792526803   14.722011124  -55.821588548    1.045337176
   -2.951193099    2.792526803    5.922828679  -36.001994435    3.190116965
   -2.760793544    2.792526803    1.117829421  -14.857807640    5.146292925
   -2.570393989    2.792526803    0.000000000    1.927074295    6.863234863
   -2.379994435    2.792526803    1.358676470   10.875103970    8.484732657
   -2.189594880    2.792526803    3.629676824   11.787502389   10.339137151
   -1.999195325    2.792526803    5.530389299    7.704965726   12.784497762
   -1.808795770    2.792526803    6.553048305    3.383729669   15.978846378
   -1.618396215    2.792526803    7.093906144    3.238356095   19.712495395
   -1.427996661    2.792526803    8.206793149    9.503573650   23.434768113
   -1.237597106    2.792526803   11.089997029   21.455103747   26.468989187
   -1.047197551    2.792526803   16.553425301   35.899334839   28.275474241
   -0.856797996    2.792526803   24.667914839   48.574087085   28.604130192
   -0.666398442    2.792526803   34.712971912   55.618497240   27.452701884
   -0.475998887    2.792526803   45.356922863   54.578957602   24.939989741
   -0.285599332    2.792526803   54.964117549   44.788003426   21.201878004
   -0.095199777    2.792526803   61.946894012   27.390136868   16.355229192
    0.095199777    2.792526803   65.119227950    5.428048172   10.560602011
    0.285599332    2.792526803   64.049449290  -16.275194892    4.108392837
    0.475998887    2.792526803   59.325530410  -31.969768367   -2.492607543
    0.666398442    2.792526803   52.588992338  -36.771229035   -8.534322203
    0.856797996    2.792526803   46.165848173  -28.733188906  -13.257521523
    1.047197551    2.792526803   42.348525152  -10.163550215  -16.098116382
    1.237597106    2.792526803   42.587139586   12.634067513  -16.927005532
    1.427996661    2.792526803   46.920898077   31.526240071  -16.085854158
    1.618396215    2.792526803   53.911702649   39.661407706  -14.225523741
    1.808795770    2.792526803   61.139400148   33.869537473  -12.022974983
    1.999195325    2.792526803   66.006961312   15.466079404   -9.942153750
    2.189594880    2.792526803   66.539099844  -10.629010470   -8.141646387
    2.379994435    2.792526803   61.902498976  -37.655019554   -6.533268417
    2.570393989    2.792526803   52.562557372  -59.046082371   -4.920144575
    2.760793544    2.792526803   40.087448562  -70.006820771   -3.134353652
    2.951193099    2.792526803   26.705315403  -68.530678244   -1.118985806
