#! FIELDS phi psi file.free der_phi der_psi
#! SET min_phi -pi
#! SET max_phi pi
#! SET nbins_phi  33
#! SET periodic_phi true
#! SET min_psi -pi
#! SET max_psi pi
#! SET nbins_psi  18
#! SET periodic_psi true
   -3.141592654   -3.141592654   18.002702839  -53.687512958   17.105744114
   -2.951193099   -3.141592654    9.539570197  -34.594870144   19.465656577
   -2.760793544   -3.141592654    4.949274389  -13.963822546   20.932541570
   -2.570393989   -3.141592654    3.981471692    2.692394546   21.682658489
   -2.379994435   -3.141592654    5.517683344   12.087339634   22.148123564
   -2.189594880   -3.141592654    8.118005713   14.150233440   22.899227731
   -1.999195325   -3.141592654   10.625897055   11.788146917   24.414069952
   -1.808795770   -3.141592654   12.600601167    9.259881645   26.829168816
   -1.618396215   -3.141592654   14.384219689   10.255586810   29.803557759
   -1.427996661   -3.141592654   16.841211883   16.362062616   32.604427494
   -1.237597106   -3.141592654   20.890831883   26.605289551   34.384941780
   -1.047197551   -3.141592654   27.062093891   38.016210980   34.501540540
   -0.856797996   -3.141592654   35.221751783   46.859046295   32.710783192
   -0.666398442   -3.141592654   44.555244835   49.879141229   29.142977146
   -0.475998887   -3.141592654   53.746578205   45.169586769   24.162189328
   -0.285599332   -3.141592654   61.271849394   32.505219010   18.207820129
   -0.095199777   -3.141592654   65.731775583   13.406124877   11.689373068
    0.095199777   -3.141592654   66.192117551   -8.811209995    4.985001558
    0.285599332   -3.141592654   62.512380602  -29.178591852   -1.513931471
    0.475998887   -3.141592654   55.579813333  -42.032654760   -7.332643991
    0.666398442   -3.141592654   47.290375661  -42.878132732  -11.931888555
    0.856797996   -3.141592654   40.118427319  -30.476014725  -14.823121970
    1.047197551   -3.141592654   36.350694087   -8.036571317  -15.762941268
    1.237597106   -3.141592654   37.267885901   17.407010387  -14.901970152
    1.427996661   -3.141592654   42.642196593   37.462008203  -12.736555786
    1.618396215   -3.141592654   50.774150832   45.579998407   -9.886256781
    1.808795770   -3.141592654   59.076881861   39.223345677   -6.827392944
    1.999195325   -3.141592654   64.907462715   20.269927034   -3.748224385
    2.189594880   -3.141592654   66.321449287   -6.124757627   -0.586854929
    2.379994435   -3.141592654   62.526514738  -33.307802650    2.801289963
    2.570393989   -3.141592654   53.993868285  -54.946432581    6.468369244
    2.760793544   -3.141592654   42.258442872  -66.384481410   10.282360529
    2.951193099   -3.141592654   29.503256806  -65.607878639   13.948644513

   -3.141592654   -2.792526803   25.541943663  -49.400388156   25.489705568
   -2.951193099   -2.792526803   17.706440646  -32.304769958   27.591151653
   -2.760793544   -2.792526803   13.378644345  -13.412950577   28.439182784
   -2.570393989   -2.792526803   12.407099872    2.261628868   28.364976411
   -2.379994435   -2.792526803   13.853230627   11.764679945   27.957278024
   -2.189594880   -2.792526803   16.491244580   15.028490549   27.878218443
   -1.999195325   -2.792526803   19.339015668   14.534904352   28.608865749
   -1.808795770   -2.792526803   22.012748386   13.762962225   30.217366513
   -1.618396215   -2.792526803   24.748767616   15.533445478   32.270746831
   -1.427996661   -2.792526803   28.160527401   20.833851097   33.958874094
   -1.237597106   -2.792526803   32.850151547   28.614155957   34.397399634
   -1.047197551   -2.792526803   39.067636950   36.368001884   32.955490518
   -0.856797996   -2.792526803   46.523039226   41.113419799   29.465162866
   -0.666398442   -2.792526803   54.392611359   40.366581713   24.203596509
   -0.475998887   -2.792526803   61.482106078   32.803288682   17.740761449
   -0.285599332   -2.792526803   66.476775499   18.518112837   10.742283888
   -0.095199777   -2.792526803   68.224596916   -0.866007130    3.809414037
    0.095199777   -2.792526803   66.042317084  -22.090353639   -2.576306562
    0.285599332   -2.792526803   60.020314015  -40.317181180   -8.039599326
    0.475998887   -2.792526803   51.247575744  -50.082613927  -12.253346653
    0.666398442   -2.792526803   41.773294477  -47.195751894  -14.936350101
    0.856797996   -2.792526803   34.149918556  -30.911135559  -15.906082896
    1.047197551   -2.792526803   30.633170040   -5.081230304  -15.192222862
    1.237597106   -2.792526803   32.354761372   22.709123714  -13.099652511
    1.427996661   -2.792526803   38.862987584   43.886325838  -10.127427943
    1.618396215   -2.792526803   48.244805090   52.180567168   -6.759868791
    1.808795770   -2.792526803   57.785943030   45.627117399   -3.273403712
    1.999195325   -2.792526803   64.826558055   26.632714766    0.328599194
    2.189594880   -2.792526803   67.477766616    0.560698947    4.211370757
    2.379994435   -2.792526803   65.003875617  -26.120264656    8.511783248
    2.570393989   -2.792526803   57.873529314  -47.483872254   13.170515581
    2.760793544   -2.792526803   47.540125739  -59.253905171   17.876109867
    2.951193099   -2.792526803   36.051192331  -59.579813010   22.146405303

   -3.141592654   -2.443460953   34.263629286  -44.934662455   23.098306854
   -2.951193099   -2.443460953   27.061852973  -30.119405472   24.729810562
   -2.760793544   -2.443460953   22.953559025  -13.194403608   25.318316827
   -2.570393989   -2.443460953   21.898426328    1.334119721   25.185998143
   -2.379994435   -2.443460953   23.143870557   10.765348209   24.814829881
   -2.189594880   -2.443460953   25.662848915   14.903293636   24.676045119
   -1.999195325   -2.443460953   28.608362502   15.694965607   25.039334611
   -1.808795770   -2.443460953   31.602055610   15.837213975   25.821961430
   -1.618396215   -2.443460953   34.736385816   17.418495941   26.569636697
   -1.427996661   -2.443460953   38.372958564   21.075569900   26.597216727
   -1.237597106   -2.443460953   42.847218257   25.953640296   25.259553694
   -1.047197551   -2.443460953   48.226949083   30.217275061   22.213683921
   -0.856797996   -2.443460953   54.191823080   31.730145648   17.561786167
   -0.666398442   -2.443460953   60.039893278   28.731585605   11.783431636
   -0.475998887   -2.443460953   64.806790582   20.296762809    5.552154657
   -0.285599332   -2.443460953   67.448540740    6.536304855   -0.473125686
   -0.095199777   -2.443460953   67.056945157  -11.194896321   -5.798819678
    0.095199777   -2.443460953   63.124983607  -30.051089077  -10.135305194
    0.285599332   -2.443460953   55.839555327  -45.591546796  -13.355904056
    0.475998887   -2.443460953   46.321835995  -52.642860225  -15.415128001
    0.666398442   -2.443460953   36.606972179  -47.194206023  -16.300364151
    0.856797996   -2.443460953   29.202267953  -28.674035146  -16.018860129
    1.047197551   -2.443460953   26.282312891   -1.136396213  -14.651404062
    1.237597106   -2.443460953   28.863240186   27.681123734  -12.396101985
    1.427996661   -2.443460953   36.364184325   49.259112936   -9.545773952
    1.618396215   -2.443460953   46.776386032   57.608816833   -6.375479306
    1.808795770   -2.443460953   57.357774381   51.165580670   -3.038575293
    1.999195325   -2.443460953   65.490501667   32.628806783    0.468334520
    2.189594880   -2.443460953   69.357356786    7.366776534    4.235906786
    2.379994435   -2.443460953   68.264297838  -18.456167944    8.308431749
    2.570393989   -2.443460953   62.646474470  -39.373465926   12.572419785
    2.760793544   -2.443460953   53.839309262  -51.494343544   16.727587360
    2.951193099   -2.443460953   43.721289152  -53.100634351   20.363194396

   -3.141592654   -2.094395102   40.516602428  -41.630770858   14.147462460
   -2.951193099   -2.094395102   33.803909306  -28.274213484   15.252565991
   -2.760793544   -2.094395102   29.927994981  -12.529839997   15.800527825
   -2.570393989   -2.094395102   28.926846443    1.335717162   15.958980838
   -2.379994435   -2.094395102   30.155136464   10.668223159   15.913547300
   -2.189594880   -2.094395102   32.677700484   15.069964836   15.777414258
   -1.999195325   -2.094395102   35.678556584   16.055891200   15.526273987
   -1.808795770   -2.094395102   38.716395258   15.807002994   14.974328997
   -1.618396215   -2.094395102   41.732112958   16.030776764   13.829776510
   -1.427996661   -2.094395102   44.895451720   17.361047114   11.807565770
   -1.237597106   -2.094395102   48.393408151   19.390416496    8.774121682
   -1.047197551   -2.094395102   52.263738181   21.048037198    4.836567491
   -0.856797996   -2.094395102   56.308494478   20.952991560    0.345954059
   -0.666398442   -2.094395102   60.063519072   17.777618912   -4.218105567
   -0.475998887   -2.094395102   62.840520018   10.564093127   -8.388646736
   -0.285599332   -2.094395102   63.825724881   -1.011061923  -11.826176522
   -0.095199777   -2.094395102   62.238193017  -16.197229886  -14.377022938
    0.095199777   -2.094395102   57.584983862  -32.682472681  -16.060963676
    0.285599332   -2.094395102   49.985454616  -46.340265826  -17.007230543
    0.475998887   -2.094395102   40.461603529  -52.033099259  -17.369308584
    0.666398442   -2.094395102   30.962218430  -45.575889906  -17.249462301
    0.856797996   -2.094395102   23.948004386  -26.191731686  -16.646747488
    1.047197551   -2.094395102   21.578131826    2.165988939  -15.492920723
    1.237597106   -2.094395102   24.860063364   31.723293452  -13.728648731
    1.427996661   -2.094395102   33.190155077   53.892918264  -11.386379797
    1.618396215   -2.094395102   44.528002261   62.669394677   -8.587379773
    1.808795770   -2.094395102   56.105911987   56.558311827   -5.499226312
    1.999195325   -2.094395102   65.297876322   38.358406643   -2.271182967
    2.189594880   -2.094395102   70.290735079   13.451278619    0.993531812
    2.379994435   -2.094395102   70.384048435  -12.119141495    4.214691367
    2.570393989   -2.094395102   65.974790770  -33.090570409    7.291550146
    2.760793544   -2.094395102   58.322101883  -45.745550762   10.079109073
    2.951193099   -2.094395102   49.207534223  -48.395631280   12.409454408

   -3.141592654   -1.745329252   43.349296296  -39.670750273    5.039116002
   -2.951193099   -1.745329252   36.940669859  -27.042483937    5.589113691
   -2.760793544   -1.745329252   33.234635854  -11.967135744    5.981966866
   -2.570393989   -1.745329252   32.283442484    1.308343753    6.201647887
   -2.379994435   -1.745329252   33.451789015   10.053030544    6.151922424
   -2.189594880   -1.745329252   35.790201200   13.707937731    5.658576883
   -1.999195325   -1.745329252   38.434585549   13.606798648    4.518768317
   -1.808795770   -1.745329252   40.869548775   11.864600111    2.574632917
   -1.618396215   -1.745329252   42.968802311   10.329581862   -0.203723721
   -1.427996661   -1.745329252   44.883849164   10.009614618   -3.674963383
   -1.237597106   -1.745329252   46.867803088   10.978387737   -7.525655745
   -1.047197551   -1.745329252   49.110825329   12.560857761  -11.332582222
   -0.856797996   -1.745329252   51.621714034   13.511056271  -14.653524054
   -0.666398442   -1.745329252   54.135443376   12.302881964  -17.144297559
   -0.475998887   -1.745329252   56.098481639    7.527903545  -18.633420838
   -0.285599332   -1.745329252   56.735536131   -1.681249454  -19.148608994
   -0.095199777   -1.745329252   55.206554102  -15.029146172  -18.892880079
    0.095199777   -1.745329252   50.889321349  -30.456143961  -18.183017910
    0.285599332   -1.745329252   43.749080354  -43.854439850  -17.356390698
    0.475998887   -1.745329252   34.674866039  -49.861197899  -16.671670933
    0.666398442   -1.745329252   25.542059200  -43.888573033  -16.222063882
    0.856797996   -1.745329252   18.819182238  -24.750902388  -15.879109417
    1.047197551   -1.745329252   16.738107019    3.849577644  -15.353479129
    1.237597106   -1.745329252   20.402654015   34.111472648  -14.325022783
    1.427996661   -1.745329252   29.276335715   57.214446350  -12.616548599
    1.618396215   -1.745329252   41.331765138   66.835853315  -10.268415050
    1.808795770   -1.745329252   53.760335463   61.253586667   -7.518725987
    1.999195325   -1.745329252   63.867571583   43.206978728   -4.693537316
    2.189594880   -1.745329252   69.773810977   18.145933270   -2.080823382
    2.379994435   -1.745329252   70.730623387   -7.775633007    0.142640860
    2.570393989   -1.745329252   67.105927717  -29.213273211    1.919730729
    2.760793544   -1.745329252   60.140094228  -42.425980966    3.279815968
    2.951193099   -1.745329252   51.597952357  -45.719879851    4.292980930

   -3.141592654   -1.396263402   41.935751138  -40.240236164    2.395389836
   -2.951193099   -1.396263402   35.446247198  -27.300511191    2.327396005
   -2.760793544   -1.396263402   31.728488358  -11.852235449    2.144331962
   -2.570393989   -1.396263402   30.819833368    1.576996211    1.775441345
   -2.379994435   -1.396263402   32.015538803    9.962695202    1.035053137
   -2.189594880   -1.396263402   34.247380298   12.554657579   -0.343621551
   -1.999195325   -1.396263402   36.515304699   10.710217633   -2.606482458
   -1.808795770   -1.396263402   38.200472381    6.871804518   -5.837538953
   -1.618396215   -1.396263402   39.161059040    3.452801023   -9.847108165
   -1.427996661   -1.396263402   39.650889863    2.105475026  -14.168472293
   -1.237597106   -1.396263402   40.135268405    3.370944702  -18.170943386
   -1.047197551   -1.396263402   41.071513842    6.667109410  -21.246208363
   -0.856797996   -1.396263402   42.713953980   10.412266156  -22.974189628
   -0.666398442   -1.396263402   44.943963823   12.426272857  -23.223976788
   -0.475998887   -1.396263402   47.216953501   10.544697897  -22.149422667
   -0.285599332   -1.396263402   48.632348235    3.280479060  -20.124621605
   -0.095199777   -1.396263402   48.131981017   -9.416412384  -17.644187172
    0.095199777   -1.396263402   44.839854475  -25.504419179  -15.209349890
    0.285599332   -1.396263402   38.494226445  -40.585244115  -13.216785666
    0.475998887   -1.396263402   29.841036891  -48.726547183  -11.874260918
    0.666398442   -1.396263402   20.738711093  -44.593859318  -11.161186262
    0.856797996   -1.396263402   13.779846748  -26.329084626  -10.831776136
    1.047197551   -1.396263402   11.418777544    2.698116219  -10.521717287
    1.237597106   -1.396263402   14.997028497   34.479539520   -9.875408297
    1.427996661   -1.396263402   24.129589015   59.560141575   -8.697413293
    1.618396215   -1.396263402   36.800828127   70.834688809   -7.001329216
    1.808795770   -1.396263402   50.080817008   66.012433325   -4.981399121
    1.999195325   -1.396263402   61.083865918   47.687007560   -2.917661009
    2.189594880   -1.396263402   67.751023645   21.555536428   -1.068484493
    2.379994435   -1.396263402   69.224983228   -5.774990044    0.397884808
    2.570393989   -1.396263402   65.853133165  -28.509637385    1.421513619
    2.760793544   -1.396263402   58.927742162  -42.623636034    2.035434738
    2.951193099   -1.396263402   50.301735312  -46.320760774    2.325717442

   -3.141592654   -1.047197551   39.434381841  -41.760432172    3.495300299
   -2.951193099   -1.047197551   32.695098290  -28.400026310    2.172728990
   -2.760793544   -1.047197551   28.802671990  -12.636244943    0.624403602
   -2.570393989   -1.047197551   27.742637955    0.669493359   -1.086161057
   -2.379994435   -1.047197551   28.701176100    8.254728097   -3.034539007
   -2.189594880   -1.047197551   30.475425120    9.356060291   -5.433354512
   -1.999195325   -1.047197551   31.958714444    5.649236320   -8.510439937
   -1.808795770   -1.047197551   32.516505325    0.192903813  -12.312577432
   -1.618396215   -1.047197551   32.120919556   -3.906370168  -16.553038261
   -1.427996661   -1.047197551   31.255347908   -4.522450152  -20.623804390
   -1.237597106   -1.047197551   30.663415328   -1.093635744  -23.782477398
   -1.047197551   -1.047197551   31.038071059    5.340985367  -25.418101531
   -0.856797996   -1.047197551   32.753270144   12.472475262  -25.254839482
   -0.666398442   -1.047197551   35.664231869   17.377306530  -23.419955434
   -0.475998887   -1.047197551   39.075196968   17.340916211  -20.367873767
   -0.285599332   -1.047197551   41.857111484   10.611447277  -16.733864112
   -0.095199777   -1.047197551   42.701660099   -2.819286687  -13.156534631
    0.095199777   -1.047197551   40.515496977  -20.610853177  -10.119261885
    0.285599332   -1.047197551   34.896202269  -37.881123599   -7.850587359
    0.475998887   -1.047197551   26.552920297  -48.119166543   -6.318840519
    0.666398442   -1.047197551   17.414690705  -45.442274546   -5.315632793
    0.856797996   -1.047197551   10.233143845  -27.661242244   -4.557461744
    1.047197551   -1.047197551    7.654528680    1.884623436   -3.805965622
    1.237597106   -1.047197551   11.186184201   34.863130029   -2.902765377
    1.427996661   -1.047197551   20.524086682   61.299271859   -1.797589750
    1.618396215   -1.047197551   33.630019748   73.553113202   -0.515027926
    1.808795770   -1.047197551   47.466004130   68.993282088    0.867587369
    1.999195325   -1.047197551   59.000514418   50.167323109    2.238253960
    2.189594880   -1.047197551   66.046350023   22.986935707    3.463937039
    2.379994435   -1.047197551   67.674842696   -5.586015881    4.404396288
    2.570393989   -1.047197551   64.231383797  -29.397015391    4.931754373
    2.760793544   -1.047197551   57.065050856  -44.185415441    4.959438731
    2.951193099   -1.047197551   48.116461197  -48.065487171    4.462829025

   -3.141592654   -0.698131701   39.036035631  -45.669841044    3.590663691
   -2.951193099   -0.698131701   31.518008102  -32.600264009    1.437046766
   -2.760793544   -0.698131701   26.827006940  -16.786182141   -0.961526882
   -2.570393989   -0.698131701   24.988166968   -3.381541923   -3.484253753
   -2.379994435   -0.698131701   25.162905480    3.999673979   -6.146372679
   -2.189594880   -0.698131701   26.070320824    4.432791840   -9.102113794
   -1.999195325   -0.698131701   26.529890089   -0.177927712  -12.506827654
   -1.808795770   -0.698131701   25.914889841   -6.177035697  -16.294492493
   -1.618396215   -0.698131701   24.331626606   -9.794288172  -20.032341089
   -1.427996661   -0.698131701   22.498860635   -8.565846260  -22.992641871
   -1.237597106   -0.698131701   21.407295364   -2.150492711  -24.434973196
   -1.047197551   -0.698131701   21.906644224    7.713826551  -23.933027686
   -0.856797996   -0.698131701   24.374473864   17.867822528  -21.563069541
   -0.666398442   -0.698131701   28.517374605   24.695667727  -17.858834441
   -0.475998887   -0.698131701   33.390729475   25.130532953  -13.594909302
   -0.285599332   -0.698131701   37.587671310   17.469934874   -9.523822993
   -0.095199777   -0.698131701   39.567000206    2.120907294   -6.147052619
    0.095199777   -0.698131701   38.107116467  -17.918208242   -3.592791603
    0.285599332   -0.698131701   32.810431717  -37.072839535   -1.643712422
    0.475998887   -0.698131701   24.508228570  -48.341070084    0.082405975
    0.666398442   -0.698131701   15.310481592  -45.699921021    1.882363128
    0.856797996   -0.698131701    8.141029486  -27.205680161    3.804041688
    1.047197551   -0.698131701    5.747518114    3.377742789    5.632466609
    1.237597106   -0.698131701    9.656711463   37.277379128    7.075114384
    1.427996661   -0.698131701   19.514101574   64.259298922    7.944873567
    1.618396215   -0.698131701   33.200915522   76.617615085    8.268339587
    1.808795770   -0.698131701   47.599562014   71.779094633    8.238660766
    1.999195325   -0.698131701   59.613677390   52.374685251    8.078307648
    2.189594880   -0.698131701   67.004532695   24.366940577    7.910241488
    2.379994435   -0.698131701   68.799257278   -5.253264453    7.706993437
    2.570393989   -0.698131701   65.306350034  -30.265836644    7.322175579
    2.760793544   -0.698131701   57.855960760  -46.291964142    6.575519113
    2.951193099   -0.698131701   48.399737889  -51.245515991    5.336667980

   -3.141592654   -0.349065850   39.806145762  -50.286646038    3.157826854
   -2.951193099   -0.349065850   31.355180485  -37.701588091    0.220686769
   -2.760793544   -0.349065850   25.678302628  -21.978529950   -2.893633544
   -2.570393989   -0.349065850   22.858453009   -8.487873888   -5.987258723
   -2.379994435   -0.349065850   22.059118881   -1.171580365   -9.006703841
   -2.189594880   -0.349065850   21.950223301   -1.116211235  -12.048292395
   -1.999195325   -0.349065850   21.307822163   -6.167730898  -15.201230294
   -1.808795770   -0.349065850   19.550044974  -12.029053226  -18.313390140
   -1.618396215   -0.349065850   16.960149801  -14.267054590  -20.871220089
   -1.427996661   -0.349065850   14.523108690  -10.218185425  -22.136640778
   -1.237597106   -0.349065850   13.465436052   -0.060137907  -21.506349734
   -1.047197551   -0.349065850   14.718371818   13.423328859  -18.860279043
   -0.856797996   -0.349065850   18.530844623   26.012464105  -14.689656465
   -0.666398442   -0.349065850   24.315292994   33.477016517   -9.903806650
   -0.475998887   -0.349065850   30.778233599   32.785987545   -5.467612142
   -0.285599332   -0.349065850   36.229130579   22.863781802   -2.049650892
   -0.095199777   -0.349065850   38.998855573    5.078651777    0.195451811
    0.095199777   -0.349065850   37.925086427  -16.631164902    1.632008918
    0.285599332   -0.349065850   32.816793168  -36.150731353    2.940422385
    0.475998887   -0.349065850   24.755988676  -46.579514596    4.760544795
    0.666398442   -0.349065850   16.023084535  -42.579080854    7.345470386
    0.856797996   -0.349065850    9.554861574  -23.114784520   10.416310522
    1.047197551   -0.349065850    7.958311936    7.463892229   13.296961863
    1.237597106   -0.349065850   12.563853430   40.363897797   15.297147115
    1.427996661   -0.349065850   22.869282716   65.847716667   16.044314389
    1.618396215   -0.349065850   36.722242602   76.838955945   15.622849399
    1.808795770   -0.349065850   51.073021406   71.156108591   14.451613753
    1.999195325   -0.349065850   62.930712149   51.426823349   13.023681881
    2.189594880   -0.349065850   70.130735787   23.321219031   11.668152618
    2.379994435   -0.349065850   71.709352037   -6.523392081   10.449562965
    2.570393989   -0.349065850   67.927122356  -32.098953889    9.207989075
    2.760793544   -0.349065850   60.046467733  -49.026056413    7.689439655
    2.951193099   -0.349065850   49.972092888  -54.999804477    5.688196468

   -3.141592654    0.000000000   40.674049591  -55.353483101    1.520855630
   -2.951193099    0.000000000   31.212505055  -43.165151728   -1.240150756
   -2.760793544    0.000000000   24.488826273  -27.441882252   -3.970616186
   -2.570393989    0.000000000   20.648872140  -13.718056327   -6.554130295
   -2.379994435    0.000000000   18.874626888   -6.200210723   -9.003308666
   -2.189594880    0.000000000   17.815934142   -6.071161060  -11.424277898
   -1.999195325    0.000000000   16.244953475  -10.894026660  -13.846039586
   -1.808795770    0.000000000   13.662578858  -15.786819449  -16.022094662
   -1.618396215    0.000000000   10.544113119  -15.838056274  -17.385502270
   -1.427996661    0.000000000    8.109508584   -8.479445902  -17.261554985
   -1.237597106    0.000000000    7.730748363    5.292632907  -15.256479692
   -1.047197551    0.000000000   10.285569090   21.498449210  -11.558135510
   -0.856797996    0.000000000   15.753926367   34.980111769   -6.950541378
   -0.666398442    0.000000000   23.165798580   41.290741492   -2.480917405
   -0.475998887    0.000000000   30.883203481   37.982637933    0.986693707
   -0.285599332    0.000000000   37.037712586   25.096471250    3.116766641
   -0.095199777    0.000000000   40.009641496    5.190279578    4.215851057
    0.095199777    0.000000000   38.884182096  -16.975584914    5.068369373
    0.285599332    0.000000000   33.810993907  -35.179990946    6.579057859
    0.475998887    0.000000000   26.155264339  -43.217040401    9.327484268
    0.666398442    0.000000000   18.290256156  -36.967301897   13.248244935
    0.856797996    0.000000000   13.009435033  -16.563037073   17.601265728
    1.047197551    0.000000000   12.607881245   13.160442050   21.284980580
    1.237597106    0.000000000   18.096187376   43.770996557   23.361874790
    1.427996661    0.000000000   28.785186185   66.483217042   23.450991911
    1.618396215    0.000000000   42.528389181   75.199894048   21.815467470
    1.808795770    0.000000000   56.430176179   68.268051510   19.136038886
    1.999195325    0.000000000   67.698010105   48.256131604   16.149799528
    2.189594880    0.000000000   74.311976680   20.377411170   13.357592797
    2.379994435    0.000000000   75.353767967   -9.261340678   10.919440464
    2.570393989    0.000000000   71.042076489  -35.002065248    8.720137375
    2.760793544    0.000000000   62.557910171  -52.529588393    6.525884945
    2.951193099    0.000000000   51.738850447  -59.326180256    4.141783625

   -3.141592654    0.349065850   42.304572889  -59.083647437    0.553837644
   -2.951193099    0.349065850   32.096437343  -47.225214241   -1.264912909
   -2.760793544    0.349065850   24.582672167  -31.634501097   -2.899465789
   -2.570393989    0.349065850   19.943319989  -17.901827745   -4.368259685
   -2.379994435    0.349065850   17.375164821  -10.350301263   -5.770739579
   -2.189594880    0.349065850   15.531597626  -10.134553953   -7.223796255
   -1.999195325    0.349065850   13.219696758  -14.511563546   -8.717112678
   -1.808795770    0.349065850   10.052161515  -18.145203528   -9.987136281
   -1.618396215    0.349065850    6.688169763  -15.887649384  -10.540671440
   -1.427996661    0.349065850    4.525872848   -5.513042253   -9.878477339
   -1.237597106    0.349065850    4.990042165   11.054110749   -7.819461066
   -1.047197551    0.349065850    8.812119565   28.752387080   -4.692561471
   -0.856797996    0.349065850   15.653455628   41.822262623   -1.255160269
   -0.666398442    0.349065850   24.189990118   46.048828615    1.676816167
   -0.475998887    0.349065850   32.549761680   39.956358946    3.623388204
   -0.285599332    0.349065850   38.851533242   24.862614270    4.667279215
   -0.095199777    0.349065850   41.691879632    4.363735947    5.419307808
    0.095199777    0.349065850   40.513498988  -16.378984448    6.735255779
    0.285599332    0.349065850   35.821270530  -31.599263195    9.328805235
    0.475998887    0.349065850   29.172938827  -36.283687912   13.396885915
    0.666398442    0.349065850   22.869290263  -27.810406488   18.446881490
    0.856797996    0.349065850   19.371552595   -7.431234513   23.409650947
    1.047197551    0.349065850   20.511822630   19.858952584   27.047865839
    1.237597106    0.349065850   26.908106886   46.465187707   28.477141831
    1.427996661    0.349065850   37.702058209   64.988195502   27.497821248
    1.618396215    0.349065850   50.838782867   70.581261667   24.589425992
    1.808795770    0.349065850   63.694344685   62.188440114   20.618411784
    1.999195325    0.349065850   73.789426158   42.231715727   16.451389854
    2.189594880    0.349065850   79.337834468   15.295279975   12.671978380
    2.379994435    0.349065850   79.520289654  -13.235413219    9.498523286
    2.570393989    0.349065850   74.531616193  -38.231132216    6.868903810
    2.760793544    0.349065850   65.459154823  -55.576531178    4.596593133
    2.951193099    0.349065850   54.039836198  -62.630067034    2.513764069

   -3.141592654    0.698131701   43.794546492  -61.693438684   -0.671198996
   -2.951193099    0.698131701   33.079390402  -49.905690036   -1.235638753
   -2.760793544    0.698131701   25.055148755  -34.282616688   -1.531588120
   -2.570393989    0.698131701   19.921692944  -20.423543868   -1.712559218
   -2.379994435    0.698131701   16.887697218  -12.713621965   -1.941632140
   -2.189594880    0.698131701   14.611582863  -12.291548797   -2.333300375
   -1.999195325    0.698131701   11.923450444  -16.246802489   -2.875970480
   -1.808795770    0.698131701    8.499435132  -19.013930674   -3.394956262
   -1.618396215    0.698131701    5.093903138  -15.381765482   -3.605376174
   -1.427996661    0.698131701    3.179600345   -3.422969212   -3.257057942
   -1.237597106    0.698131701    4.166527933   14.335546821   -2.300612079
   -1.047197551    0.698131701    8.654051488   32.263824890   -0.945561150
   -0.856797996    0.698131701   16.097838098   44.482079389    0.441553054
   -0.666398442    0.698131701   25.005233089   47.253086472    1.584860925
   -0.475998887    0.698131701   33.470266238   39.976903306    2.493826151
   -0.285599332    0.698131701   39.748326450   24.832960928    3.509618043
   -0.095199777    0.698131701   42.701295689    5.835322714    5.180925776
    0.095199777    0.698131701   42.056894444  -12.072193432    8.003181735
    0.285599332    0.698131701   38.501630697  -23.985536301   12.159659561
    0.475998887    0.698131701   33.567509898  -26.124041923   17.329406376
    0.666398442    0.698131701   29.294958605  -17.029934605   22.692654465
    0.856797996    0.698131701   27.713939232    1.503010223   27.133629346
    1.047197551    0.698131701   30.207991891   24.876566225   29.631772831
    1.237597106    0.698131701   37.103505148   46.670921451   29.648101542
    1.427996661    0.698131701   47.508582834   60.898217953   27.307822806
    1.618396215    0.698131701   59.576151320   63.751750539   23.286230276
    1.808795770    0.698131701   71.019395325   54.480623572   18.497199880
    1.999195325    0.698131701   79.686414678   35.133304706   13.760940112
    2.189594880    0.698131701   84.008297382    9.572787959    9.602116007
    2.379994435    0.698131701   83.242966213  -17.507461955    6.226224475
    2.570393989    0.698131701   77.551088642  -41.433226323    3.618593686
    2.760793544    0.698131701   67.928802747  -58.234484763    1.670804793
    2.951193099    0.698131701   56.019489920  -65.163277896    0.269652406

   -3.141592654    1.047197551   42.071601477  -62.373808563   -4.119991864
   -2.951193099    1.047197551   31.328535257  -49.536580200   -3.257262697
   -2.760793544    1.047197551   23.449921645  -33.176897402   -2.086447895
   -2.570393989    1.047197551   18.563103826  -19.006603946   -0.929131750
   -2.379994435    1.047197551   15.794899852  -11.395259939   -0.009435325
   -2.189594880    1.047197551   13.737158892  -11.339991012    0.584396519
   -1.999195325    1.047197551   11.189014106  -15.718002140    0.877507045
   -1.808795770    1.047197551    7.834399729  -18.784709613    0.946070890
   -1.618396215    1.047197551    4.458744219  -15.274457993    0.859423654
   -1.427996661    1.047197551    2.561497959   -3.354567160    0.658441679
   -1.237597106    1.047197551    3.553203917   14.288792707    0.371795455
   -1.047197551    1.047197551    8.010680831   31.965432213    0.061761727
   -0.856797996    1.047197551   15.374491033   43.970859069   -0.131493937
   -0.666398442    1.047197551   24.193797424   46.943508847    0.053680896
   -0.475998887    1.047197551   32.681066916   40.671671271    0.968010631
   -0.285599332    1.047197551   39.263977740   27.492924516    2.961533926
   -0.095199777    1.047197551   42.970297071   11.161835279    6.259727974
    0.095199777    1.047197551   43.605113457   -4.020020419   10.821362566
    0.285599332    1.047197551   41.785315020  -14.022106623   16.255462624
    0.475998887    1.047197551   38.806827279  -15.858858312   21.814593561
    0.666398442    1.047197551   36.356746937   -8.490549351   26.534752116
    0.856797996    1.047197551   36.089785449    6.520907328   29.466917411
    1.047197551    1.047197551   39.120341612   25.427163988   29.992953684
    1.237597106    1.047197551   45.702622650   42.962989896   28.034108996
    1.427996661    1.047197551   55.083454663   54.101164238   24.071481314
    1.618396215    1.047197551   65.689375546   55.460339165   18.926875867
    1.808795770    1.047197551   75.528396620   46.116050017   13.460802465
    1.999195325    1.047197551   82.671354165   27.586070037    8.333344385
    2.189594880    1.047197551   85.664696847    3.183558205    3.926837344
    2.379994435    1.047197551   83.795766256  -22.724486430    0.408999946
    2.570393989    1.047197551   77.216246336  -45.546753787   -2.155415778
    2.760793544    1.047197551   66.914221368  -61.248785156   -3.738975782
    2.951193099    1.047197551   54.539015558  -67.021111407   -4.357508159

   -3.141592654    1.396263402   37.528117124  -61.104591173   -9.755130299
   -2.951193099    1.396263402   27.187056142  -46.676133532   -8.489888482
   -2.760793544    1.396263402   19.946887571  -29.458800790   -6.755492000
   -2.570393989    1.396263402   15.789275103  -15.173327841   -4.876260274
   -2.379994435    1.396263402   13.716592423   -7.990668483   -3.068322158
   -2.189594880    1.396263402   12.240830705   -8.664342902   -1.414580630
   -1.999195325    1.396263402   10.119934672  -13.927849631    0.061408567
   -1.808795770    1.396263402    7.011608602  -18.013943747    1.290554831
   -1.618396215    1.396263402    3.677048059  -15.632052720    2.116541062
   -1.427996661    1.396263402    1.606449208   -4.798250724    2.374841767
   -1.237597106    1.396263402    2.246260360   12.117168128    2.042259034
   -1.047197551    1.396263402    6.277723449   29.797220998    1.349127431
   -0.856797996    1.396263402   13.307897283   42.808353065    0.764093013
   -0.666398442    1.396263402   22.084440293   47.812988875    0.868343993
   -0.475998887    1.396263402   30.994256089   44.323477885    2.155136095
   -0.285599332    1.396263402   38.559562184   34.141118873    4.860074661
   -0.095199777    1.396263402   43.783360038   20.309111930    8.870312626
    0.095199777    1.396263402   46.307587114    6.426930628   13.708811245
    0.285599332    1.396263402   46.468052240   -3.984410933   18.609200744
    0.475998887    1.396263402   45.214742987   -8.056188849   22.671027197
    0.666398442    1.396263402   43.915040630   -4.393403355   25.090935202
    0.856797996    1.396263402   44.015153463    6.259608064   25.367208000
    1.047197551    1.396263402   46.600606576   21.143993884   23.465052177
    1.237597106    1.396263402   52.071606626   35.807869340   19.794286348
    1.427996661    1.396263402   59.932617972   45.527623335   15.061772086
    1.618396215    1.396263402   68.872782446   46.695413222   10.001664704
    1.808795770    1.396263402   77.085178972   37.859528476    5.165843021
    1.999195325    1.396263402   82.724570970   20.058195195    0.843832513
    2.189594880    1.396263402   84.355786475   -3.588669155   -2.869462690
    2.379994435    1.396263402   81.278620799  -28.598173316   -5.937208760
    2.570393989    1.396263402   73.693357827  -50.154853074   -8.276549568
    2.760793544    1.396263402   62.671993299  -64.108200926   -9.748726563
    2.951193099    1.396263402   49.946127035  -67.800347883  -10.237214607

   -3.141592654    1.745329252   31.551293151  -59.364892839  -16.172997260
   -2.951193099    1.745329252   21.704673606  -43.325204496  -15.088890807
   -2.760793544    1.745329252   15.198488978  -25.230190976  -13.241144519
   -2.570393989    1.745329252   11.872281786  -10.771617170  -10.887643171
   -2.379994435    1.745329252   10.614910936   -3.885518204   -8.226931695
   -2.189594880    1.745329252    9.871699844   -5.110916456   -5.361239728
   -1.999195325    1.745329252    8.358537673  -11.145212399   -2.373285316
   -1.808795770    1.745329252    5.681661967  -16.334580784    0.556625390
   -1.618396215    1.745329252    2.533855221  -15.402535388    3.109782189
   -1.427996661    1.745329252    0.361759561   -6.067671861    4.944257598
   -1.237597106    1.745329252    0.657445123    9.907984049    5.904751160
   -1.047197551    1.745329252    4.270522767   27.831853916    6.173201386
   -0.856797996    1.745329252   11.065707021   42.537091996    6.238343755
   -0.666398442    1.745329252   20.049895486   50.408164160    6.700628713
   -0.475998887    1.745329252   29.769117448   50.223605328    8.010589840
   -0.285599332    1.745329252   38.741200489   42.860088031   10.279217704
   -0.095199777    1.745329252   45.793392208   30.520968902   13.217567663
    0.095199777    1.745329252   50.258887002   16.271293518   16.200928397
    0.285599332    1.745329252   52.104075696    3.556646526   18.435957252
    0.475998887    1.745329252   51.941577610   -4.322681715   19.209757038
    0.666398442    1.745329252   50.928939244   -5.129516914   18.147975996
    0.856797996    1.745329252   50.484951501    1.438358911   15.340698727
    1.047197551    1.745329252   51.857415580   13.472882488   11.325643682
    1.237597106    1.745329252   55.725700549   26.907246119    6.846422800
    1.427996661    1.745329252   61.890171533   36.788556995    2.585645857
    1.618396215    1.745329252   69.248659071   38.882997824   -1.077447168
    1.808795770    1.745329252   76.073988866   31.068740781   -4.118023901
    1.999195325    1.745329252   80.495624836   14.000559538   -6.747804946
    2.189594880    1.745329252   81.020015406   -9.172569190   -9.208350971
    2.379994435    1.745329252   76.926893894  -33.631284674  -11.589142290
    2.570393989    1.745329252   68.468680773  -54.183362787  -13.760507566
    2.760793544    1.745329252   56.824457810  -66.508679190  -15.432503281
    2.951193099    1.745329252   43.832843190  -68.137021623  -16.295638885

   -3.141592654    2.094395102   24.637631369  -58.837764097  -18.586969104
   -2.951193099    2.094395102   15.062285978  -41.051277902  -17.547299473
   -2.760793544    2.094395102    9.128779511  -21.571417460  -15.647021898
   -2.570393989    2.094395102    6.596067268   -6.172008026  -13.081035958
   -2.379994435    2.094395102    6.276830925    1.322472120  -10.018121430
   -2.189594880    2.094395102    6.565803049    0.484070894   -6.544723525
   -1.999195325    2.094395102    6.135030001   -5.435097185   -2.730125207
   -1.808795770    2.094395102    4.520591028  -10.988849435    1.245793817
   -1.618396215    2.094395102    2.308352417  -11.026022637    5.024859939
   -1.427996661    2.094395102    0.841544356   -3.075893435    8.169315658
   -1.237597106    2.094395102    1.580286618   11.632408037   10.381576204
   -1.047197551    2.094395102    5.454806373   28.999075716   11.684452717
   -0.856797996    2.094395102   12.498320782   44.134759435   12.418032214
   -0.666398442    2.094395102   21.892887366   53.202670187   13.046460053
   -0.475998887    2.094395102   32.276107699   54.359529370   13.899589378
   -0.285599332    2.094395102   42.120960740   47.727000155   14.998523457
   -0.095199777    2.094395102   50.075292926   34.892980961   16.018835208
    0.095199777    2.094395102   55.207931051   18.656573451   16.399794446
    0.285599332    2.094395102   57.216280083    2.718913386   15.545676485
    0.475998887    2.094395102   56.541184712   -8.859325144   13.093785194
    0.666398442    2.094395102   54.348430336  -12.801265570    9.127836319
    0.856797996    2.094395102   52.257721239   -7.867997034    4.203729779
    1.047197551    2.094395102   51.850919200    4.389586671   -0.816417149
    1.237597106    2.094395102   54.138169934   19.573148801   -5.122264274
    1.427996661    2.094395102   59.131142076   31.836799584   -8.240678673
    1.618396215    2.094395102   65.752549115   35.968989770  -10.184009199
    1.808795770    2.094395102   72.141564179   29.215555540  -11.351217686
    1.999195325    2.094395102   76.224610413   12.146270202  -12.282944716
    2.189594880    2.094395102   76.338188599  -11.684938325  -13.400704624
    2.379994435    2.094395102   71.695866084  -36.829213511  -14.843180638
    2.570393989    2.094395102   62.601743056  -57.531814383  -16.448216835
    2.760793544    2.094395102   50.369542059  -69.183524031  -17.854482240
    2.951193099    2.094395102   36.992483292  -69.407340175  -18.661187935

   -3.141592654    2.443460953   18.341351927  -58.466206462  -13.130190344
   -2.951193099    2.443460953    8.977014969  -39.228451949  -11.718046859
   -2.760793544    2.443460953    3.519354540  -18.444796292   -9.663974241
   -2.570393989    2.443460953    1.688599584   -1.970036069   -7.106014516
   -2.379994435    2.443460953    2.259768811    6.454866575   -4.140043251
   -2.189594880    2.443460953    3.610940079    6.497067737   -0.759020754
   -1.999195325    2.443460953    4.401778827    1.342028501    3.078376853
   -1.808795770    2.443460953    4.123159815   -3.832208777    7.294963062
   -1.618396215    2.443460953    3.259345441   -4.147513112   11.580431906
   -1.427996661    2.443460953    3.020153493    2.838240560   15.444708490
   -1.237597106    2.443460953    4.761223302   16.218223676   18.421857294
   -1.047197551    2.443460953    9.388943659   32.374462718   20.280569588
   -0.856797996    2.443460953   16.992837491   46.719380169   21.085792483
   -0.666398442    2.443460953   26.835537097   55.354341322   21.068362979
   -0.475998887    2.443460953   37.589635835   56.054276682   20.424473718
   -0.285599332    2.443460953   47.676665771   48.449383398   19.176400906
   -0.095199777    2.443460953   55.608923585   33.785847572   17.146798188
    0.095199777    2.443460953   60.285974297   14.850812846   14.065711445
    0.285599332    2.443460953   61.275310785   -4.194872042    9.747590189
    0.475998887    2.443460953   59.013402422  -18.462002022    4.303736800
    0.666398442    2.443460953   54.834783078  -23.767900342   -1.742293718
    0.856797996    2.443460953   50.673375243  -18.306741800   -7.538478030
    1.047197551    2.443460953   48.472868786   -3.767629986  -12.170843701
    1.237597106    2.443460953   49.510362071   14.680036722  -15.041329783
    1.427996661    2.443460953   53.881030567   30.090788183  -16.078891841
    1.618396215    2.443460953   60.392396042   36.345064289  -15.730966522
    1.808795770    2.443460953   66.943337521   30.315092678  -14.722077899
    1.999195325    2.443460953   71.204756667   12.767698407  -13.742705117
    2.189594880    2.443460953   71.335389220  -12.166203196  -13.217778855
    2.379994435    2.443460953   66.493012229  -38.384058500  -13.228149099
    2.570393989    2.443460953   57.039138267  -59.631065235  -13.570643988
    2.760793544    2.443460953   44.415052914  -71.064990653  -13.891081898
    2.951193099    2.443460953   30.756953384  -70.382041584  -13.826992074

   -3.141592654    2.792526803   15.206751015  -57.111460248    1.116184849
   -2.951193099    2.792526803    6.176490731  -37.087828331    3.253845707
   -2.760793544    2.792526803    1.201898504  -15.527971014    5.246921369
   -2.570393989    2.792526803    0.000000000    1.716656248    7.047685897
   -2.379994435    2.792526803    1.354260280   11.018606529    8.784441343
   -2.189594880    2.792526803    3.674128325   12.135937800   10.755736980
   -1.999195325    2.792526803    5.650569375    8.143667438   13.283937921
   -1.808795770    2.792526803    6.759691530    3.852604457   16.495534210
   -1.618396215    2.792526803    7.389053266    3.699085616   20.159670005
   -1.427996661    2.792526803    8.583101857    9.885165812   23.720508478
   -1.237597106    2.792526803   11.521928290   21.641599348   26.513823913
   -1.047197551    2.792526803   16.990739952   35.753875574   28.031131775
   -0.856797996    2.792526803   25.037231986   47.998179426   28.067814313
   -0.666398442    2.792526803   34.930245420   54.608589789   26.676120890
   -0.475998887    2.792526803   45.348986312   53.258043862   24.025856653
   -0.285599332    2.792526803   54.693570540   43.404674357   20.285140297
   -0.095199777    2.792526803   61.432389503   26.272758162   15.569994934
    0.095199777    2.792526803   64.442443872    4.891515983   10.001724535
    0.285599332    2.792526803   63.342497491  -16.034044023    3.804980989
    0.475998887    2.792526803   58.740136558  -30.947124731   -2.579561020
    0.666398442    2.792526803   52.257824338  -35.169031981   -8.487471996
    0.856797996    2.792526803   46.167898941  -26.892867260  -13.166143105
    1.047197551    2.792526803   42.692940823   -8.461125244  -16.025553516
    1.237597106    2.792526803   43.218457645   13.916978468  -16.897068904
    1.427996661    2.792526803   47.746693367   32.293399735  -16.087953031
    1.618396215    2.792526803   54.841025690   40.016343910  -14.231322215
    1.808795770    2.792526803   62.113905259   34.034229035  -12.003281970
    1.999195325    2.792526803   67.009808566   15.621614214   -9.878643909
    2.189594880    2.792526803   67.573619361  -10.462957814   -8.031461100
    2.379994435    2.792526803   62.958048832  -37.634112605   -6.389130513
    2.570393989    2.792526803   53.590608098  -59.385033088   -4.765779574
    2.760793544    2.792526803   41.006261450  -70.814735758   -2.996289985
    2.951193099    2.792526803   27.431110664  -69.713937034   -1.015257824
