#! FIELDS phi psi file.free der_phi der_psi
#! SET min_phi -pi
#! SET max_phi pi
#! SET nbins_phi  33
#! SET periodic_phi true
#! SET min_psi -pi
#! SET max_psi pi
#! SET nbins_psi  18
#! SET periodic_psi true
   -3.141592654   -3.141592654   18.292578066  -53.907426738   16.061370317
   -2.951193099   -3.141592654    9.748057000  -35.153091530   18.465785424
   -2.760793544   -3.141592654    5.049908776  -14.468991083   20.042871491
   -2.570393989   -3.141592654    4.010001409    2.470631133   20.923223876
   -2.379994435   -3.141592654    5.532637190   12.156797186   21.497386865
   -2.189594880   -3.141592654    8.161345517   14.352690578   22.306456976
   -1.999195325   -3.141592654   10.701911508   11.896171754   23.814166208
   -1.808795770   -3.141592654   12.670790419    9.064800513   26.152390508
   -1.618396215   -3.141592654   14.375382222    9.610470031   28.979156705
   -1.427996661   -3.141592654   16.659642688   15.201706552   31.563085090
   -1.237597106   -3.141592654   20.439599121   24.953443217   33.064335855
   -1.047197551   -3.141592654   26.258001507   35.998539421   32.867458983
   -0.856797996   -3.141592654   34.013254493   44.673932085   30.785001426
   -0.666398442   -3.141592654   42.933281975   47.771768156   27.029765894
   -0.475998887   -3.141592654   51.751979263   43.418251863   22.050897667
   -0.285599332   -3.141592654   59.001032553   31.415276101   16.338405725
   -0.095199777   -3.141592654   63.339365355   13.271676592   10.282378896
    0.095199777   -3.141592654   63.880665180   -7.800884018    4.161241694
    0.285599332   -3.141592654   60.500402491  -27.067217684   -1.787322410
    0.475998887   -3.141592654   54.048935933  -39.166698596   -7.239941905
    0.666398442   -3.141592654   46.329662641  -39.860797873  -11.744008257
    0.856797996   -3.141592654   39.691254913  -27.989496636  -14.796286639
    1.047197551   -3.141592654   36.300593755   -6.621504523  -16.043084944
    1.237597106   -3.141592654   37.364456254   17.537516595  -15.481448561
    1.427996661   -3.141592654   42.653155981   36.505832601  -13.481810520
    1.618396215   -3.141592654   50.541401986   44.096846913  -10.621509916
    1.808795770   -3.141592654   58.569291233   37.947580109   -7.430193930
    1.999195325   -3.141592654   64.227634087   19.820380396   -4.205724752
    2.189594880   -3.141592654   65.656706769   -5.516652042   -0.987658678
    2.379994435   -3.141592654   62.061483980  -31.895232724    2.326984164
    2.570393989   -3.141592654   53.827874329  -53.326377629    5.820869126
    2.760793544   -3.141592654   42.369475479  -65.175783977    9.436776536
    2.951193099   -3.141592654   29.774635025  -65.144216996   12.956155779

   -3.141592654   -2.792526803   25.468360729  -49.363295310   24.180413085
   -2.951193099   -2.792526803   17.608732677  -32.534908940   26.431582220
   -2.760793544   -2.792526803   13.234789946  -13.614533715   27.434367843
   -2.570393989   -2.792526803   12.240920564    2.249890285   27.471726648
   -2.379994435   -2.792526803   13.701485399   11.915374062   27.107128285
   -2.189594880   -2.792526803   16.370201281   15.174203058   26.999252651
   -1.999195325   -2.792526803   19.226897484   14.450729805   27.640293444
   -1.808795770   -2.792526803   21.845786182   13.245425352   29.115116788
   -1.618396215   -2.792526803   24.429832323   14.447484360   31.007393354
   -1.427996661   -2.792526803   27.575927596   19.143377526   32.524239618
   -1.237597106   -2.792526803   31.891501019   26.410475459   32.799842243
   -1.047197551   -2.792526803   37.657539030   33.888269220   31.234521212
   -0.856797996   -2.792526803   44.640659446   38.703219773   27.703373723
   -0.666398442   -2.792526803   52.088115656   38.413518018   22.534760107
   -0.475998887   -2.792526803   58.877312214   31.661230332   16.336495108
   -0.285599332   -2.792526803   63.752372674   18.443131528    9.771364488
   -0.095199777   -2.792526803   65.596146464    0.226345639    3.376409692
    0.095199777   -2.792526803   63.725497730  -19.937046166   -2.487230661
    0.285599332   -2.792526803   58.188401506  -37.445004270   -7.584626568
    0.475998887   -2.792526803   49.988953848  -47.025892169  -11.694279836
    0.666398442   -2.792526803   41.065228851  -44.559018624  -14.557925843
    0.856797996   -2.792526803   33.861999218  -29.191635790  -15.921066243
    1.047197551   -2.792526803   30.562384041   -4.528523721  -15.673177495
    1.237597106   -2.792526803   32.279984328   22.155891630  -13.971634914
    1.427996661   -2.792526803   38.602375287   42.569948859  -11.221642818
    1.618396215   -2.792526803   47.701807523   50.632199305   -7.901301848
    1.808795770   -2.792526803   56.972044362   44.425022804   -4.359417605
    1.999195325   -2.792526803   63.853283214   26.218038025   -0.702172436
    2.189594880   -2.792526803   66.513953309    1.068516251    3.161150512
    2.379994435   -2.792526803   64.208954706  -24.916541130    7.357282777
    2.570393989   -2.792526803   57.336050447  -46.068566957   11.877601507
    2.760793544   -2.792526803   47.250851037  -58.125450953   16.484264423
    2.951193099   -2.792526803   35.923979595  -59.014234693   20.747314921

   -3.141592654   -2.443460953   33.820597404  -44.566847076   22.268433924
   -2.951193099   -2.443460953   26.658890405  -30.024611958   24.065053272
   -2.760793544   -2.443460953   22.558142087  -13.170723265   24.766461829
   -2.570393989   -2.443460953   21.510213268    1.404007576   24.665785800
   -2.379994435   -2.443460953   22.771989038   10.858228606   24.249072242
   -2.189594880   -2.443460953   25.299988716   14.885989161   24.012964198
   -1.999195325   -2.443460953   28.216954451   15.386865929   24.258044365
   -1.808795770   -2.443460953   31.110916481   15.078059185   24.927967698
   -1.618396215   -2.443460953   34.048985353   16.116137387   25.588155237
   -1.427996661   -2.443460953   37.384702621   19.237290807   25.570635366
   -1.237597106   -2.443460953   41.467405969   23.723349634   24.244501837
   -1.047197551   -2.443460953   46.406570575   27.887308800   21.284627655
   -0.856797996   -2.443460953   51.948754404   29.698557198   16.809112066
   -0.666398442   -2.443460953   57.470939440   27.410877253   11.308757228
   -0.475998887   -2.443460953   62.079863391   20.004839813    5.449891316
   -0.285599332   -2.443460953   64.775708388    7.407922213   -0.148378392
   -0.095199777   -2.443460953   64.654126939   -9.258491997   -5.070588086
    0.095199777   -2.443460953   61.166806717  -27.380089972   -9.127920894
    0.285599332   -2.443460953   54.419929850  -42.691759604  -12.281113040
    0.475998887   -2.443460953   45.430396678  -50.078421045  -14.518051517
    0.666398442   -2.443460953   36.132114443  -45.439917138  -15.783122817
    0.856797996   -2.443460953   28.961332991  -27.982091090  -15.978750077
    1.047197551   -2.443460953   26.070464906   -1.491762385  -15.058710573
    1.237597106   -2.443460953   28.501570208   26.522725187  -13.124105057
    1.427996661   -2.443460953   35.734714878   47.680649310  -10.434436372
    1.618396215   -2.443460953   45.840338831   56.042950723   -7.298181021
    1.808795770   -2.443460953   56.157621354   50.023111457   -3.942956446
    1.999195325   -2.443460953   64.137761377   32.208986685   -0.437189614
    2.189594880   -2.443460953   68.002346191    7.758685820    3.277701250
    2.379994435   -2.443460953   67.049662480  -17.417872857    7.265616133
    2.570393989   -2.443460953   61.662000978  -38.058056088   11.467229690
    2.760793544   -2.443460953   53.097981974  -50.308043001   15.633855993
    2.951193099   -2.443460953   43.169768870  -52.306276367   19.371043409

   -3.141592654   -2.094395102   39.964861144  -41.011889135   14.130859727
   -2.951193099   -2.094395102   33.330614578  -28.040581444   15.332411813
   -2.760793544   -2.094395102   29.473861018  -12.526404964   15.892097678
   -2.570393989   -2.094395102   28.461920480    1.244369674   15.978547834
   -2.379994435   -2.094395102   29.667280244   10.522708117   15.811982979
   -2.189594880   -2.094395102   32.152200335   14.812290586   15.554378726
   -1.999195325   -2.094395102   35.083785897   15.568116675   15.223171657
   -1.808795770   -2.094395102   37.997072494   14.971600876   14.657103034
   -1.618396215   -2.094395102   40.814364049   14.787213624   13.572055996
   -1.427996661   -2.094395102   43.702908949   15.739611277   11.681648493
   -1.237597106   -2.094395102   46.867137618   17.553114311    8.843722520
   -1.047197551   -2.094395102   50.388534252   19.285184124    5.155504700
   -0.856797996   -2.094395102   54.133138839   19.634301290    0.951938360
   -0.666398442   -2.094395102   57.707009455   17.250255188   -3.308526919
   -0.475998887   -2.094395102   60.476511492   11.038285181   -7.190122199
   -0.285599332   -2.094395102   61.647962954    0.456891856  -10.398311457
   -0.095199777   -2.094395102   60.415879263  -13.982736750  -12.835227666
    0.095199777   -2.094395102   56.221082199  -30.156004652  -14.571053015
    0.285599332   -2.094395102   49.090907032  -44.014486363  -15.753932068
    0.475998887   -2.094395102   39.952906408  -50.361556764  -16.503716394
    0.666398442   -2.094395102   30.685381824  -44.832332981  -16.837686905
    0.856797996   -2.094395102   23.719165863  -26.407895505  -16.649837987
    1.047197551   -2.094395102   21.228794720    1.165591707  -15.787416302
    1.237597106   -2.094395102   24.268274861   30.235250448  -14.160875254
    1.427996661   -2.094395102   32.294043339   52.244457055  -11.831280254
    1.618396215   -2.094395102   43.327225846   61.171739537   -8.983978522
    1.808795770   -2.094395102   54.657152068   55.499934684   -5.851858282
    1.999195325   -2.094395102   63.707873863   37.969357409   -2.619878144
    2.189594880   -2.094395102   68.699032748   13.826161054    0.614443658
    2.379994435   -2.094395102   68.929587669  -11.082422299    3.807784034
    2.570393989   -2.094395102   64.757380874  -31.690417172    6.902834007
    2.760793544   -2.094395102   57.374841456  -44.360777398    9.776823194
    2.951193099   -2.094395102   48.495934988  -47.330497879   12.246927830

   -3.141592654   -1.745329252   42.950892270  -38.980275661    5.465033792
   -2.951193099   -1.745329252   36.621752518  -26.874914153    6.001282907
   -2.760793544   -1.745329252   32.908953245  -12.163962026    6.302832910
   -2.570393989   -1.745329252   31.900621634    0.944934229    6.383534865
   -2.379994435   -1.745329252   32.994601411    9.655740763    6.202303329
   -2.189594880   -1.745329252   35.256284526   13.302988324    5.641841076
   -1.999195325   -1.745329252   37.818050404   13.131630910    4.535379463
   -1.808795770   -1.745329252   40.148204379   11.225199106    2.731759475
   -1.618396215   -1.745329252   42.104048539    9.467894406    0.182987197
   -1.427996661   -1.745329252   43.833597183    8.939347457   -2.998828753
   -1.237597106   -1.745329252   45.602169585    9.825736943   -6.533434998
   -1.047197551   -1.745329252   47.634106938   11.547500336  -10.027739443
   -0.856797996   -1.745329252   49.986209705   12.910032035  -13.070383307
   -0.666398442   -1.745329252   52.443362866   12.347493977  -15.347859818
   -0.475998887   -1.745329252   54.484886708    8.315984352  -16.720643942
   -0.285599332   -1.745329252   55.336079047   -0.245683158  -17.248114101
   -0.095199777   -1.745329252   54.119907235  -13.230660612  -17.156907308
    0.095199777   -1.745329252   50.147920808  -28.688327059  -16.765043710
    0.285599332   -1.745329252   43.310003907  -42.495110782  -16.373894895
    0.475998887   -1.745329252   34.433700419  -49.159420838  -16.165769782
    0.666398442   -1.745329252   25.365096565  -43.905193605  -16.135794872
    0.856797996   -1.745329252   18.577441812  -25.377689719  -16.072815687
    1.047197551   -1.745329252   16.333045392    2.800831999  -15.652770060
    1.237597106   -1.745329252   19.772433516   32.827615352  -14.580979298
    1.427996661   -1.745329252   28.391145434   55.852534295  -12.748773607
    1.618396215   -1.745329252   40.191781434   65.557141996  -10.271691639
    1.808795770   -1.745329252   52.401290603   60.277610674   -7.437397824
    1.999195325   -1.745329252   62.370961255   42.785605326   -4.580450866
    2.189594880   -1.745329252   68.264412168   18.453096921   -1.963150201
    2.379994435   -1.745329252   69.349067204   -6.757064177    0.275613024
    2.570393989   -1.745329252   65.966556517  -27.738072917    2.104838526
    2.760793544   -1.745329252   59.293058105  -40.891587018    3.552956593
    2.951193099   -1.745329252   51.016905842  -44.501156219    4.660909646

   -3.141592654   -1.396263402   41.752591548  -39.616982995    2.585139827
   -2.951193099   -1.396263402   35.320224266  -27.298557950    2.493640568
   -2.760793544   -1.396263402   31.557393965  -12.275306240    2.238027727
   -2.570393989   -1.396263402   30.548713394    1.004825488    1.776641166
   -2.379994435   -1.396263402   31.639193804    9.465229858    0.973946593
   -2.189594880   -1.396263402   33.791538268   12.229734694   -0.386516647
   -1.999195325   -1.396263402   36.012210173   10.527667687   -2.522430756
   -1.808795770   -1.396263402   37.667995761    6.726513008   -5.520797122
   -1.618396215   -1.396263402   38.595020142    3.241878330   -9.221822090
   -1.427996661   -1.396263402   39.032643849    1.771169879  -13.200499277
   -1.237597106   -1.396263402   39.442823242    2.950170847  -16.868875430
   -1.047197551   -1.396263402   40.298675807    6.276822955  -19.655171404
   -0.856797996   -1.396263402   41.882201506   10.220901559  -21.172557752
   -0.666398442   -1.396263402   44.106177990   12.580392187  -21.320439249
   -0.475998887   -1.396263402   46.445501800   11.090769633  -20.278445732
   -0.285599332   -1.396263402   47.994892293    4.120570127  -18.435874973
   -0.095199777   -1.396263402   47.664447760   -8.507992281  -16.281489024
    0.095199777   -1.396263402   44.529661390  -24.793976536  -14.280123018
    0.285599332   -1.396263402   38.283722188  -40.262313332  -12.759936237
    0.475998887   -1.396263402   29.649649817  -48.832868653  -11.839799935
    0.666398442   -1.396263402   20.492920210  -45.029417281  -11.417074247
    0.856797996   -1.396263402   13.431403981  -26.938131137  -11.202177480
    1.047197551   -1.396263402   10.945794439    2.014538179  -10.843366116
    1.237597106   -1.396263402   14.386803215   33.719290564  -10.046829113
    1.427996661   -1.396263402   23.362485935   58.676096853   -8.699986519
    1.618396215   -1.396263402   35.853815305   69.852240802   -6.883169019
    1.808795770   -1.396263402   48.950888557   65.125791337   -4.818236982
    1.999195325   -1.396263402   59.818492603   47.216091517   -2.772089310
    2.189594880   -1.396263402   66.458411082   21.778374838   -0.965740191
    2.379994435   -1.396263402   68.047482054   -4.796448720    0.471146238
    2.570393989   -1.396263402   64.916527607  -27.009905393    1.500348096
    2.760793544   -1.396263402   58.291836846  -41.036110246    2.152695232
    2.951193099   -1.396263402   49.939840403  -45.083018007    2.490899517

   -3.141592654   -1.047197551   39.480579043  -41.246152838    3.258477348
   -2.951193099   -1.047197551   32.771745394  -28.565386025    1.974601417
   -2.760793544   -1.047197551   28.799841759  -13.242724153    0.415984074
   -2.570393989   -1.047197551   27.608919873   -0.028913642   -1.333167755
   -2.379994435   -1.047197551   28.450313271    7.771738581   -3.306467555
   -2.189594880   -1.047197551   30.166348613    9.246210192   -5.671024757
   -1.999195325   -1.047197551   31.663601974    5.891019566   -8.626694040
   -1.808795770   -1.047197551   32.289104800    0.630394608  -12.220025722
   -1.618396215   -1.047197551   31.978746342   -3.468908174  -16.189770130
   -1.427996661   -1.047197551   31.181982385   -4.251173445  -19.966888498
   -1.237597106   -1.047197551   30.619186447   -1.048348118  -22.849554400
   -1.047197551   -1.047197551   30.982815280    5.203458825  -24.262906212
   -0.856797996   -1.047197551   32.663047411   12.274657025  -23.962373122
   -0.666398442   -1.047197551   35.540465254   17.248965376  -22.101138581
   -0.475998887   -1.047197551   38.938638904   17.343898307  -19.148996933
   -0.285599332   -1.047197551   41.730251231   10.701622525  -15.738665327
   -0.095199777   -1.047197551   42.589598975   -2.770688499  -12.481453065
    0.095199777   -1.047197551   40.397115625  -20.735516330   -9.808619344
    0.285599332   -1.047197551   34.732899687  -38.217696903   -7.881295969
    0.475998887   -1.047197551   26.310082976  -48.585855311   -6.601797280
    0.666398442   -1.047197551   17.082104530  -45.887479646   -5.718341558
    0.856797996   -1.047197551    9.826369331  -27.977526344   -4.942793460
    1.047197551   -1.047197551    7.197537675    1.663460159   -4.075971179
    1.237597106   -1.047197551   10.682832800   34.569557101   -3.028086791
    1.427996661   -1.047197551   19.942299631   60.758242533   -1.821281264
    1.618396215   -1.047197551   32.917321168   72.742957334   -0.526225997
    1.808795770   -1.047197551   46.589010293   68.141092127    0.777120906
    1.999195325   -1.047197551   57.987205365   49.666312333    2.013516784
    2.189594880   -1.047197551   64.999268528   23.180300434    3.105412519
    2.379994435   -1.047197551   66.739817835   -4.609026268    3.961502696
    2.570393989   -1.047197551   63.539126983  -27.880660343    4.476890973
    2.760793544   -1.047197551   56.676040242  -42.594586468    4.557564997
    2.951193099   -1.047197551   47.998238828  -46.870980015    4.147333303

   -3.141592654   -0.698131701   39.143079627  -44.996379207    3.133262999
   -2.951193099   -0.698131701   31.676267589  -32.708382056    1.117471486
   -2.760793544   -0.698131701   26.907984325  -17.418585696   -1.200224227
   -2.570393989   -0.698131701   24.930112729   -4.126107076   -3.691383487
   -2.379994435   -0.698131701   24.983440808    3.531277485   -6.340301324
   -2.189594880   -0.698131701   25.846330908    4.458175974   -9.261603832
   -1.999195325   -0.698131701   26.358383866    0.330037233  -12.583774590
   -1.808795770   -0.698131701   25.871083398   -5.386950617  -16.238553371
   -1.618396215   -0.698131701   24.442283071   -8.996621659  -19.815084887
   -1.427996661   -0.698131701   22.741028033   -8.008056285  -22.620090324
   -1.237597106   -0.698131701   21.721182341   -1.952170200  -23.944027861
   -1.047197551   -0.698131701   22.223296206    7.566038971  -23.381398325
   -0.856797996   -0.698131701   24.638103092   17.491833755  -21.017141398
   -0.666398442   -0.698131701   28.698759836   24.238901701  -17.385916767
   -0.475998887   -0.698131701   33.485499062   24.695437374  -13.254733131
   -0.285599332   -0.698131701   37.603294971   17.078194634   -9.358078714
   -0.095199777   -0.698131701   39.508255993    1.730219094   -6.167005249
    0.095199777   -0.698131701   37.969695143  -18.350327990   -3.771307879
    0.285599332   -0.698131701   32.587634186  -37.519361428   -1.918249836
    0.475998887   -0.698131701   24.205470414  -48.704183791   -0.205490434
    0.666398442   -0.698131701   14.954920118  -45.871726429    1.658882893
    0.856797996   -0.698131701    7.772191758  -27.174735700    3.692063203
    1.047197551   -0.698131701    5.392059663    3.458261304    5.627615325
    1.237597106   -0.698131701    9.299209869   37.133942787    7.118274134
    1.427996661   -0.698131701   19.087553035   63.663974351    7.937513522
    1.618396215   -0.698131701   32.614662481   75.569621475    8.105604117
    1.808795770   -0.698131701   46.792686443   70.591663617    7.848114766
    1.999195325   -0.698131701   58.606646272   51.557698707    7.446479996
    2.189594880   -0.698131701   65.913685518   24.364557902    7.086718525
    2.379994435   -0.698131701   67.798988849   -4.303645531    6.787372610
    2.570393989   -0.698131701   64.559151460  -28.621684538    6.416998023
    2.760793544   -0.698131701   57.446394588  -44.481673655    5.779678305
    2.951193099   -0.698131701   48.304770383  -49.824848312    4.706354478

   -3.141592654   -0.349065850   39.826285962  -49.211620893    2.717052491
   -2.951193099   -0.349065850   31.495437913  -37.497107946    0.022902435
   -2.760793544   -0.349065850   25.789396354  -22.417569052   -2.934885742
   -2.570393989   -0.349065850   22.857302633   -9.136807501   -5.952507874
   -2.379994435   -0.349065850   21.949982189   -1.583675325   -8.948293827
   -2.189594880   -0.349065850   21.808428339   -1.015445161  -11.983799184
   -1.999195325   -0.349065850   21.236964420   -5.541772364  -15.126154557
   -1.808795770   -0.349065850   19.631766480  -11.103516765  -18.221846683
   -1.618396215   -0.349065850   17.219247533  -13.376297913  -20.773063519
   -1.427996661   -0.349065850   14.922575676   -9.668404003  -22.062349716
   -1.237597106   -0.349065850   13.922940024    0.000313805  -21.494953674
   -1.047197551   -0.349065850   15.140849375   13.022468222  -18.945444879
   -0.856797996   -0.349065850   18.844702077   25.315445321  -14.886454450
   -0.666398442   -0.349065850   24.484346557   32.695849221  -10.206917492
   -0.475998887   -0.349065850   30.804001464   32.091376887   -5.854007547
   -0.285599332   -0.349065850   36.137434618   22.338579114   -2.482550007
   -0.095199777   -0.349065850   38.822979570    4.723249672   -0.235253212
    0.095199777   -0.349065850   37.694369761  -16.850647678    1.260828405
    0.285599332   -0.349065850   32.555498585  -36.244394882    2.685790467
    0.475998887   -0.349065850   24.489209312  -46.528943718    4.663961663
    0.666398442   -0.349065850   15.779927096  -42.377844866    7.414882901
    0.856797996   -0.349065850    9.357753377  -22.848298419   10.613727257
    1.047197551   -0.349065850    7.800611161    7.574794645   13.533796751
    1.237597106   -0.349065850   12.387914838   40.019854680   15.446766953
    1.427996661   -0.349065850   22.565678832   64.844869962   15.968996246
    1.618396215   -0.349065850   36.167034528   75.248692614   15.212155551
    1.808795770   -0.349065850   50.189346490   69.397328670   13.660641540
    1.999195325   -0.349065850   61.744562778   50.124036471   11.893174516
    2.189594880   -0.349065850   68.784163852   23.013186770   10.317149470
    2.379994435   -0.349065850   70.416701898   -5.649573618    9.044022091
    2.570393989   -0.349065850   66.895296960  -30.302845775    7.915543617
    2.760793544   -0.349065850   59.399005415  -46.889011683    6.639135160
    2.951193099   -0.349065850   49.711211836  -53.165978252    4.944930514

   -3.141592654    0.000000000   40.572804927  -53.673509960    1.230287560
   -2.951193099    0.000000000   31.331885326  -42.518676953   -1.288664389
   -2.760793544    0.000000000   24.645462237  -27.622871490   -3.865463689
   -2.570393989    0.000000000   20.727132034  -14.260765350   -6.374364045
   -2.379994435    0.000000000   18.855438124   -6.598074918   -8.803899370
   -2.189594880    0.000000000   17.762375677   -5.997730033  -11.235886731
   -1.999195325    0.000000000   16.254771722  -10.321597460  -13.688544973
   -1.808795770    0.000000000   13.810837765  -14.962574479  -15.920542183
   -1.618396215    0.000000000   10.843111050  -15.133357435  -17.377839846
   -1.427996661    0.000000000    8.503774427   -8.216800938  -17.393025131
   -1.237597106    0.000000000    8.120364920    4.988235803  -15.558378679
   -1.047197551    0.000000000   10.568340176   20.721998439  -12.030947689
   -0.856797996    0.000000000   15.862177726   33.980892005   -7.554735425
   -0.666398442    0.000000000   23.084716956   40.354810223   -3.147360437
   -0.475998887    0.000000000   30.647202028   37.325111129    0.337023930
   -0.285599332    0.000000000   36.710421269   24.807728705    2.554120621
   -0.095199777    0.000000000   39.660162070    5.242124905    3.793018693
    0.095199777    0.000000000   38.568908153  -16.679939695    4.820237008
    0.285599332    0.000000000   33.566253629  -34.744029791    6.522913799
    0.475998887    0.000000000   25.998625134  -42.731547187    9.457352420
    0.666398442    0.000000000   18.222593508  -36.528373595   13.524080620
    0.856797996    0.000000000   13.008345958  -16.327372855   17.942083603
    1.047197551    0.000000000   12.612547006   12.949381406   21.570749471
    1.237597106    0.000000000   17.995596252   42.844132155   23.453624523
    1.427996661    0.000000000   28.427352171   64.718467071   23.223352521
    1.618396215    0.000000000   41.766495152   72.793051762   21.193506188
    1.808795770    0.000000000   55.190683970   65.783580619   18.123895734
    1.999195325    0.000000000   66.037678729   46.454876240   14.836419837
    2.189594880    0.000000000   72.425764162   19.891046720   11.896183170
    2.379994435    0.000000000   73.520374359   -8.223478003    9.488890277
    2.570393989    0.000000000   69.529896172  -32.749751816    7.480509284
    2.760793544    0.000000000   61.536375397  -49.753572918    5.584789371
    2.951193099    0.000000000   51.232080216  -56.807275079    3.538600905

   -3.141592654    0.349065850   42.086727157  -56.876129920    0.369604404
   -2.951193099    0.349065850   32.186948386  -46.189808840   -1.286224083
   -2.760793544    0.349065850   24.770069470  -31.576191682   -2.836185176
   -2.570393989    0.349065850   20.085070564  -18.335267616   -4.280706701
   -2.379994435    0.349065850   17.430394531  -10.739157018   -5.697113314
   -2.189594880    0.349065850   15.546310545  -10.135025951   -7.188123353
   -1.999195325    0.349065850   13.275682121  -14.100382848   -8.743103277
   -1.808795770    0.349065850   10.206321192  -17.585176455  -10.107139343
   -1.618396215    0.349065850    6.932722815  -15.551810163  -10.792650641
   -1.427996661    0.349065850    4.788242594   -5.684012538  -10.291317593
   -1.237597106    0.349065850    5.165509662   10.334926898   -8.389535315
   -1.047197551    0.349065850    8.812285090   27.690067954   -5.373637209
   -0.856797996    0.349065850   15.444500718   40.757451604   -1.963661393
   -0.666398442    0.349065850   23.803508885   45.303146797    1.033747117
   -0.475998887    0.349065850   32.066825407   39.712311043    3.114692648
   -0.285599332    0.349065850   38.370840008   25.126738542    4.317757590
   -0.095199777    0.349065850   41.299478951    5.006852309    5.213926804
    0.095199777    0.349065850   40.264120448  -15.544809250    6.641360390
    0.285599332    0.349065850   35.733974099  -30.750899882    9.317906322
    0.475998887    0.349065850   29.235536268  -35.570425388   13.449128650
    0.666398442    0.349065850   23.042593829  -27.376824759   18.536503245
    0.856797996    0.349065850   19.585658482   -7.464403468   23.486114012
    1.047197551    0.349065850   20.655451536   19.120072390   27.026879726
    1.237597106    0.349065850   26.825158671   44.804418272   28.255254402
    1.427996661    0.349065850   37.210587134   62.387940412   26.984932475
    1.618396215    0.349065850   49.785511701   67.376995233   23.745336166
    1.808795770    0.349065850   62.026626021   59.084953831   19.477198500
    1.999195325    0.349065850   71.608706572   40.093663963   15.119707360
    2.189594880    0.349065850   76.897703851   14.795216123   11.301739637
    2.379994435    0.349065850   77.159394691  -11.915568378    8.245521891
    2.570393989    0.349065850   72.567827948  -35.479731385    5.852909476
    2.760793544    0.349065850   64.093337570  -52.190358687    3.877688147
    2.951193099    0.349065850   53.306798695  -59.498164428    2.088558565

   -3.141592654    0.698131701   43.441883727  -59.133040158   -0.869661660
   -2.951193099    0.698131701   33.091180626  -48.634433067   -1.428274720
   -2.760793544    0.698131701   25.198228071  -34.095225613   -1.757011608
   -2.570393989    0.698131701   20.035075789  -20.815948701   -1.988105810
   -2.379994435    0.698131701   16.914892711  -13.141001164   -2.274057906
   -2.189594880    0.698131701   14.582959952  -12.417581497   -2.730876674
   -1.999195325    0.698131701   11.903042465  -16.058612401   -3.353677320
   -1.808795770    0.698131701    8.525982197  -18.764477773   -3.969402300
   -1.618396215    0.698131701    5.146962690  -15.396089034   -4.280586348
   -1.427996661    0.698131701    3.186866153   -3.894103040   -4.009154700
   -1.237597106    0.698131701    4.042879912   13.469711858   -3.066888016
   -1.047197551    0.698131701    8.348603332   31.289060326   -1.634190193
   -0.856797996    0.698131701   15.623895409   43.752042431   -0.074668613
   -0.666398442    0.698131701   24.435977978   47.018138323    1.298877687
   -0.475998887    0.698131701   32.908287349   40.287061971    2.427906617
   -0.285599332    0.698131701   39.286888319   25.555044588    3.583147225
   -0.095199777    0.698131701   42.398493497    6.750861452    5.275260716
    0.095199777    0.698131701   41.929696546  -11.163755863    8.013056476
    0.285599332    0.698131701   38.535074316  -23.216206021   12.034148012
    0.475998887    0.698131701   33.726073075  -25.583514416   17.078967083
    0.666398442    0.698131701   29.525333605  -16.829230968   22.361332939
    0.856797996    0.698131701   27.935179018    1.174639128   26.757773296
    1.047197551    0.698131701   30.295115934   23.760347475   29.209960719
    1.237597106    0.698131701   36.883699978   44.544374235   29.140979226
    1.427996661    0.698131701   46.785379750   57.775130188   26.665257552
    1.618396215    0.698131701   58.191804593   60.041617592   22.484207134
    1.808795770    0.698131701   68.933527304   50.984916426   17.564224326
    1.999195325    0.698131701   77.030696323   32.802534806   12.777699996
    2.189594880    0.698131701   81.079166881    9.121438718    8.674794067
    2.379994435    0.698131701   80.424356123  -15.915473648    5.447044605
    2.570393989    0.698131701   75.197466923  -38.255753155    3.034208798
    2.760793544    0.698131701   66.261308031  -54.365199578    1.272260102
    2.951193099    0.698131701   55.074706743  -61.582808042    0.005291419

   -3.141592654    1.047197551   41.768658780  -59.856867952   -4.545763659
   -2.951193099    1.047197551   31.372679469  -48.396531079   -3.841895464
   -2.760793544    1.047197551   23.595662573  -33.162742290   -2.778944933
   -2.570393989    1.047197551   18.644701707  -19.584440568   -1.666961702
   -2.379994435    1.047197551   15.754671587  -12.012819081   -0.751833474
   -2.189594880    1.047197551   13.604233636  -11.664333717   -0.159237478
   -1.999195325    1.047197551   11.026116781  -15.729983801    0.108176380
   -1.808795770    1.047197551    7.682563338  -18.703269287    0.125773684
   -1.618396215    1.047197551    4.309346895  -15.361725822   -0.008242466
   -1.427996661    1.047197551    2.367567597   -3.726204452   -0.209188968
   -1.237597106    1.047197551    3.268446814   13.749700987   -0.409927812
   -1.047197551    1.047197551    7.628313975   31.540929915   -0.540258748
   -0.856797996    1.047197551   14.943205736   43.924252937   -0.492566017
   -0.666398442    1.047197551   23.796989881   47.356041061   -0.075491779
   -0.475998887    1.047197551   32.395766019   41.398728174    0.977939646
   -0.285599332    1.047197551   39.124793508   28.262585342    2.956831846
   -0.095199777    1.047197551   42.961402889   11.741991600    6.080167288
    0.095199777    1.047197551   43.680463668   -3.705314536   10.362770783
    0.285599332    1.047197551   41.899786956  -13.899161899   15.509304718
    0.475998887    1.047197551   38.934274077  -15.824355976   20.864121076
    0.666398442    1.047197551   36.481757378   -8.557906717   25.511762623
    0.856797996    1.047197551   36.176397766    6.140045288   28.494217149
    1.047197551    1.047197551   39.075360400   24.368017930   29.141381921
    1.237597106    1.047197551   45.362474527   40.886006398   27.313407060
    1.427996661    1.047197551   54.242954657   50.956400159   23.453983578
    1.618396215    1.047197551   64.177528865   51.673844340   18.383803658
    1.808795770    1.047197551   73.300875541   42.563645639   12.988644560
    1.999195325    1.047197551   79.871378866   25.296837705    7.953703570
    2.189594880    1.047197551   82.611496176    2.902982036    3.662097945
    2.379994435    1.047197551   80.895625995  -20.867179293    0.250838172
    2.570393989    1.047197551   74.834329341  -42.091305454   -2.260912166
    2.760793544    1.047197551   65.265606077  -57.174808267   -3.878645934
    2.951193099    1.047197551   53.640731351  -63.359877074   -4.616632750

   -3.141592654    1.396263402   37.336812449  -59.116412165  -10.195530007
   -2.951193099    1.396263402   27.247717717  -45.986726357   -9.176830392
   -2.760793544    1.396263402   20.037761854  -29.736649497   -7.579635038
   -2.570393989    1.396263402   15.775873698  -15.887341689   -5.727095624
   -2.379994435    1.396263402   13.565633471   -8.650697798   -3.880674930
   -2.189594880    1.396263402   11.992296742   -9.006783207   -2.184625373
   -1.999195325    1.396263402    9.837518176  -13.962184908   -0.702675183
   -1.808795770    1.396263402    6.737573626  -17.927855094    0.497585976
   -1.618396215    1.396263402    3.414326339  -15.616723320    1.298884660
   -1.427996661    1.396263402    1.333403654   -4.903667797    1.586010020
   -1.237597106    1.396263402    1.950027016   12.017723556    1.366402098
   -1.047197551    1.396263402    5.979088480   29.913588681    0.858801469
   -0.856797996    1.396263402   13.061576528   43.254244084    0.478253987
   -0.666398442    1.396263402   21.947238394   48.487140363    0.726729429
   -0.475998887    1.396263402   30.984364054   44.937916661    2.023903505
   -0.285599332    1.396263402   38.634929349   34.389945567    4.570470146
   -0.095199777    1.396263402   43.858481763   20.068433442    8.278697488
    0.095199777    1.396263402   46.299170882    5.843300443   12.754171829
    0.285599332    1.396263402   46.340736298   -4.583413721   17.342128152
    0.475998887    1.396263402   44.995620198   -8.379859178   21.239049379
    0.666398442    1.396263402   43.665294576   -4.403019488   23.686358075
    0.856797996    1.396263402   43.771652352    6.265770370   24.162626993
    1.047197551    1.396263402   46.317469551   20.632804463   22.565324436
    1.237597106    1.396263402   51.599599804   34.277498171   19.223353218
    1.427996661    1.396263402   59.056425605   42.840316471   14.784516377
    1.618396215    1.396263402   67.403558692   43.281654589    9.960436158
    1.808795770    1.396263402   74.967364018   34.649709983    5.309281248
    1.999195325    1.396263402   80.099817715   18.116893619    1.132326232
    2.189594880    1.396263402   81.542573359   -3.548853965   -2.480376230
    2.379994435    1.396263402   78.669737971  -26.541583040   -5.519547515
    2.570393989    1.396263402   71.621026082  -46.719917423   -7.935515622
    2.760793544    1.396263402   61.304701161  -60.309569311   -9.601967663
    2.951193099    1.396263402   49.256741895  -64.607712350  -10.373500362

   -3.141592654    1.745329252   31.428629402  -58.132364916  -16.326686791
   -2.951193099    1.745329252   21.708666026  -43.173932342  -15.514908379
   -2.760793544    1.745329252   15.157906093  -25.752158664  -13.794486143
   -2.570393989    1.745329252   11.706442404  -11.477068149  -11.435778479
   -2.379994435    1.745329252   10.328055786   -4.402791880   -8.699086632
   -2.189594880    1.745329252    9.517318664   -5.295507508   -5.760282940
   -1.999195325    1.745329252    7.996517910  -11.063125130   -2.748023966
   -1.808795770    1.745329252    5.347450981  -16.150304499    0.156750471
   -1.618396215    1.745329252    2.233023167  -15.241782432    2.670212570
   -1.427996661    1.745329252    0.086978634   -5.931287717    4.490392611
   -1.237597106    1.745329252    0.413740799   10.127595204    5.478578379
   -1.047197551    1.745329252    4.085537420   28.250185562    5.795335985
   -0.856797996    1.745329252   10.978021838   43.128562453    5.879680189
   -0.666398442    1.745329252   20.073777960   50.944822932    6.277513350
   -0.475998887    1.745329252   29.862075919   50.362572335    7.407929174
   -0.285599332    1.745329252   38.800167813   42.350310559    9.393832989
   -0.095199777    1.745329252   45.692941594   29.401177663   12.004852608
    0.095199777    1.745329252   49.913760093   14.913457677   14.705303715
    0.285599332    1.745329252   51.519865541    2.499422188   16.790733321
    0.475998887    1.745329252   51.219242611   -4.665257308   17.603768505
    0.666398442    1.745329252   50.214849944   -4.724415637   16.771755463
    0.856797996    1.745329252   49.888535618    2.173204528   14.335500699
    1.047197551    1.745329252   51.376248333   13.830348134   10.756277750
    1.237597106    1.745329252   55.221576603   26.230717172    6.704892668
    1.427996661    1.745329252   61.135235074   34.850647440    2.819275263
    1.618396215    1.745329252   68.031223481   36.091482813   -0.535179874
    1.808795770    1.745329252   74.314776102   28.360122862   -3.330511026
    1.999195325    1.745329252   78.312675676   12.427384362   -5.779366135
    2.189594880    1.745329252   78.702208450   -8.950708548   -8.142088593
    2.379994435    1.745329252   74.824521159  -31.652913358  -10.541361937
    2.570393989    1.745329252   66.859036293  -51.134004931  -12.873147693
    2.760793544    1.745329252   55.819126596  -63.369689494  -14.840586494
    2.951193099    1.745329252   43.363551195  -65.747268022  -16.080404101

   -3.141592654    2.094395102   24.576579477  -58.242579932  -18.233961564
   -2.951193099    2.094395102   15.028959433  -41.286092960  -17.457966390
   -2.760793544    2.094395102    9.004992774  -22.192466577  -15.682904546
   -2.570393989    2.094395102    6.350525340   -6.760286006  -13.117337235
   -2.379994435    2.094395102    5.942934642    1.008848604   -9.985514665
   -2.189594880    2.094395102    6.201584417    0.472884737   -6.438953683
   -1.999195325    2.094395102    5.788396375   -5.262606216   -2.589473233
   -1.808795770    2.094395102    4.211810173  -10.781740729    1.374028840
   -1.618396215    2.094395102    2.034297399  -10.866467896    5.107352363
   -1.427996661    2.094395102    0.593064617   -2.942619673    8.185766047
   -1.237597106    2.094395102    1.360052244   11.816345061   10.306363523
   -1.047197551    2.094395102    5.277911270   29.277532619   11.467668692
   -0.856797996    2.094395102   12.376116657   44.407644900   11.983861365
   -0.666398442    2.094395102   21.801722951   53.211928773   12.314343127
   -0.475998887    2.094395102   32.136792892   53.808785368   12.819718126
   -0.285599332    2.094395102   41.810304595   46.490124224   13.585529138
   -0.095199777    2.094395102   49.476686527   33.179828005   14.366606436
    0.095199777    2.094395102   54.277630449   17.001635413   14.669068496
    0.285599332    2.094395102   56.026867498    1.756920982   13.927349873
    0.475998887    2.094395102   55.269808300   -8.717166457   11.761455019
    0.666398442    2.094395102   53.207582123  -11.619304360    8.198066090
    0.856797996    2.094395102   51.398571442   -6.213035458    3.720594804
    1.047197551    2.094395102   51.284144879    5.666730114   -0.868194243
    1.237597106    2.094395102   53.715481135   19.721696596   -4.787650062
    1.427996661    2.094395102   58.602373186   30.592340193   -7.564877678
    1.618396215    2.094395102   64.880579379   33.737809012   -9.201720916
    1.808795770    2.094395102   70.821815346   26.932041836  -10.097239605
    1.999195325    2.094395102   74.547251427   10.835016591  -10.813887232
    2.189594880    2.094395102   74.556370827  -11.416984917  -11.812801547
    2.379994435    2.094395102   70.113678530  -35.070192973  -13.272977390
    2.570393989    2.094395102   61.444235947  -54.974373402  -15.050213908
    2.760793544    2.094395102   49.701648763  -66.739925481  -16.762685344
    2.951193099    2.094395102   36.719947202  -67.771735436  -17.947067669

   -3.141592654    2.443460953   18.466623228  -58.373257150  -12.598911610
   -2.951193099    2.443460953    9.054883595  -39.741244597  -11.397641804
   -2.760793544    2.443460953    3.476240513  -19.115150161   -9.444895170
   -2.570393989    2.443460953    1.530656705   -2.452909131   -6.894453326
   -2.379994435    2.443460953    2.039694326    6.294197792   -3.885084496
   -2.189594880    2.443460953    3.386844234    6.600378909   -0.456708286
   -1.999195325    2.443460953    4.209814392    1.551659260    3.400174598
   -1.808795770    2.443460953    3.968468959   -3.666054530    7.593766954
   -1.618396215    2.443460953    3.124465769   -4.104027593   11.806450490
   -1.427996661    2.443460953    2.880154951    2.759685111   15.536170968
   -1.237597106    2.443460953    4.596493379   16.049971822   18.297153196
   -1.047197551    2.443460953    9.183994590   32.123851768   19.843781698
   -0.856797996    2.443460953   16.725506468   46.298905896   20.251365020
   -0.666398442    2.443460953   26.457854834   54.591654910   19.800390007
   -0.475998887    2.443460953   37.020854092   54.802086018   18.771872719
   -0.285599332    2.443460953   46.823297272   46.751094140   17.284699488
   -0.095199777    2.443460953   54.413506659   31.981363264   15.233694192
    0.095199777    2.443460953   58.780819560   13.516007927   12.365394644
    0.285599332    2.443460953   59.606777803   -4.489994444    8.444234965
    0.475998887    2.443460953   57.411809807  -17.451341575    3.481972401
    0.666398442    2.443460953   53.534799278  -21.684226822   -2.107760628
    0.856797996    2.443460953   49.819172860  -15.844731063   -7.548717078
    1.047197551    2.443460953   48.051084091   -1.827578202  -11.940104189
    1.237597106    2.443460953   49.346624282   15.371479897  -14.639550442
    1.427996661    2.443460953   53.707364259   29.321882650  -15.507045380
    1.618396215    2.443460953   59.962461921   34.551830209  -14.941707769
    1.808795770    2.443460953   66.144068310   28.408490673  -13.670470346
    1.999195325    2.443460953   70.108611075   11.702331713  -12.435642955
    2.189594880    2.443460953   70.162782977  -11.863934050  -11.736235281
    2.379994435    2.443460953   65.502291852  -36.850059358  -11.712621798
    2.570393989    2.443460953   56.406282367  -57.542309829  -12.179561316
    2.760793544    2.443460953   44.165992789  -69.243924341  -12.752576796
    2.951193099    2.443460953   30.781069298  -69.381289341  -13.001784411

   -3.141592654    2.792526803   15.494722301  -57.264416264    1.061114149
   -2.951193099    2.792526803    6.386692165  -37.671761851    3.065397526
   -2.760793544    2.792526803    1.292788129  -16.119319242    5.024459720
   -2.570393989    2.792526803    0.000000000    1.391835981    6.866003125
   -2.379994435    2.792526803    1.323046278   11.012246952    8.677538072
   -2.189594880    2.792526803    3.662548757   12.326899143   10.716370894
   -1.999195325    2.792526803    5.678315466    8.338166198   13.274732508
   -1.808795770    2.792526803    6.810231185    3.878421117   16.458951719
   -1.618396215    2.792526803    7.418551174    3.448509765   20.021533086
   -1.427996661    2.792526803    8.533807519    9.319924055   23.390159245
   -1.237597106    2.792526803   11.334517122   20.767895209   25.887903770
   -1.047197551    2.792526803   16.609467141   34.605421637   27.015131137
   -0.856797996    2.792526803   24.412398142   46.598368057   26.611921703
   -0.666398442    2.792526803   34.015706556   52.978086786   24.815724469
   -0.475998887    2.792526803   44.106848354   51.476655150   21.903617022
   -0.285599332    2.792526803   53.113335562   41.694745682   18.136173345
   -0.095199777    2.792526803   59.562334271   25.022839052   13.664439183
    0.095199777    2.792526803   62.413857665    4.556970834    8.562347851
    0.285599332    2.792526803   61.363515754  -15.142636729    2.933243851
    0.475998887    2.792526803   57.047496446  -28.866231656   -2.934384285
    0.666398442    2.792526803   51.040369269  -32.358388812   -8.498183845
    0.856797996    2.792526803   45.495328665  -24.111319137  -13.047611889
    1.047197551    2.792526803   42.482301841   -6.500571267  -15.939492243
    1.237597106    2.792526803   43.257701348   14.539564207  -16.888780032
    1.427996661    2.792526803   47.770507869   31.560327085  -16.084058491
    1.618396215    2.792526803   54.633073269   38.445138157  -14.098121021
    1.808795770    2.792526803   61.593090467   32.477902687  -11.632056028
    1.999195325    2.792526803   66.259765252   14.886897079   -9.250681701
    2.189594880    2.792526803   66.796225753   -9.997499842   -7.232115795
    2.379994435    2.792526803   62.371113092  -36.177901781   -5.570417484
    2.570393989    2.792526803   53.325163026  -57.588206149   -4.083940835
    2.760793544    2.792526803   41.056573564  -69.394134102   -2.556893970
    2.951193099    2.792526803   27.678490519  -69.089334378   -0.845950890
