#! FIELDS phi psi file.free der_phi der_psi
#! SET min_phi -pi
#! SET max_phi pi
#! SET nbins_phi  33
#! SET periodic_phi true
#! SET min_psi -pi
#! SET max_psi pi
#! SET nbins_psi  18
#! SET periodic_psi true
   -3.141592654   -3.141592654   17.801636605  -53.044412454   16.775022915
   -2.951193099   -3.141592654    9.441563269  -34.164374249   19.167066916
   -2.760793544   -3.141592654    4.910401869  -13.766796356   20.674629092
   -2.570393989   -3.141592654    3.961245734    2.704619283   21.458631388
   -2.379994435   -3.141592654    5.488061838   11.992568202   21.942501475
   -2.189594880   -3.141592654    8.065320366   14.016318709   22.695729161
   -1.999195325   -3.141592654   10.546935265   11.649763387   24.201233219
   -1.808795770   -3.141592654   12.495045179    9.115572775   26.600601522
   -1.618396215   -3.141592654   14.248397267   10.075008498   29.554174679
   -1.427996661   -3.141592654   16.664473705   16.110706140   32.325507528
   -1.237597106   -3.141592654   20.657668180   26.264643792   34.061787597
   -1.047197551   -3.141592654   26.756402432   37.603043834   34.119072599
   -0.856797996   -3.141592654   34.833862602   46.422056227   32.265280691
   -0.666398442   -3.141592654   44.087296308   49.492508637   28.655690044
   -0.475998887   -3.141592654   53.217270801   44.932177953   23.684060120
   -0.285599332   -3.141592654   60.720166841   32.526736815   17.808382746
   -0.095199777   -3.141592654   65.215809865   13.771925683   11.431587639
    0.095199777   -3.141592654   65.779774695   -8.093140461    4.897595259
    0.285599332   -3.141592654   62.262447547  -28.216218672   -1.452017761
    0.475998887   -3.141592654   55.520458650  -41.031317949   -7.186992549
    0.666398442   -3.141592654   47.406098867  -42.073697183  -11.788452252
    0.856797996   -3.141592654   40.353369421  -30.047817672  -14.757474605
    1.047197551   -3.141592654   36.624905394   -8.051207629  -15.815959270
    1.237597106   -3.141592654   37.499241114   16.985251487  -15.071798267
    1.427996661   -3.141592654   42.761818351   36.730861234  -12.987668247
    1.618396215   -3.141592654   50.734449362   44.661124860  -10.169821163
    1.808795770   -3.141592654   58.855300591   38.261045714   -7.103886556
    1.999195325   -3.141592654   64.511894967   19.435979291   -4.002420281
    2.189594880   -3.141592654   65.793692076   -6.651138389   -0.828958498
    2.379994435   -3.141592654   61.938247509  -33.403971551    2.546874043
    2.570393989   -3.141592654   53.429354021  -54.610084805    6.181363025
    2.760793544   -3.141592654   41.789404889  -65.744793500    9.960187448
    2.951193099   -3.141592654   29.168425378  -64.869072624   13.608571090

   -3.141592654   -2.792526803   25.248374406  -48.680806238   25.187024803
   -2.951193099   -2.792526803   17.532394384  -31.783229630   27.335310957
   -2.760793544   -2.792526803   13.279984320  -13.141121954   28.222255456
   -2.570393989   -2.792526803   12.338017177    2.312276381   28.167784429
   -2.379994435   -2.792526803   13.778163206   11.667942767   27.758342063
   -2.189594880   -2.792526803   16.389530807   14.860701906   27.661374694
   -1.999195325   -2.792526803   19.202506899   14.342246569   28.367275355
   -1.808795770   -2.792526803   21.838002945   13.551199523   29.952712206
   -1.618396215   -2.792526803   24.529729159   15.272810521   31.989444284
   -1.427996661   -2.792526803   27.883954960   20.487359932   33.667347704
   -1.237597106   -2.792526803   32.497836322   28.167411916   34.098198277
   -1.047197551   -2.792526803   38.623037691   35.858186856   32.649661128
   -0.856797996   -2.792526803   45.981912727   40.630922353   29.159252226
   -0.666398442   -2.792526803   53.771746690   40.037140874   23.918918629
   -0.475998887   -2.792526803   60.823624530   32.761091666   17.515914776
   -0.285599332   -2.792526803   65.845998180   18.864213464   10.622619140
   -0.095199777   -2.792526803   67.698961220   -0.110394621    3.825701255
    0.095199777   -2.792526803   65.692760276  -21.019115864   -2.428821485
    0.285599332   -2.792526803   59.888801268  -39.137665949   -7.808751203
    0.475998887   -2.792526803   51.330195646  -49.054844882  -12.018145555
    0.666398442   -2.792526803   42.018175400  -46.545512078  -14.780069457
    0.856797996   -2.792526803   34.472353218  -30.752339104  -15.888547031
    1.047197551   -2.792526803   30.939649642   -5.391996696  -15.332844477
    1.237597106   -2.792526803   32.565734112   22.040374650  -13.378117009
    1.427996661   -2.792526803   38.923335348   42.996642506  -10.498087886
    1.618396215   -2.792526803   48.124264406   51.190092418   -7.171617181
    1.808795770   -2.792526803   57.475938547   44.649481649   -3.687016117
    1.999195325   -2.792526803   64.341824204   25.799696420   -0.068206575
    2.189594880   -2.792526803   66.860024550    0.021297019    3.831222369
    2.379994435   -2.792526803   64.321091312  -26.249234835    8.138663644
    2.570393989   -2.792526803   57.207581352  -47.182436913   12.798386597
    2.760793544   -2.792526803   46.965037808  -58.622635833   17.510616883
    2.951193099   -2.792526803   35.612815053  -58.804417591   21.803771969

   -3.141592654   -2.443460953   33.892125630  -44.086119535   23.034029344
   -2.951193099   -2.443460953   26.833462118  -29.484696569   24.717795997
   -2.760793544   -2.443460953   22.818367173  -12.852036968   25.334513807
   -2.570393989   -2.443460953   21.801280444    1.403641910   25.201512092
   -2.379994435   -2.443460953   23.040077029   10.645455738   24.806690719
   -2.189594880   -2.443460953   25.525657260   14.691316400   24.634037799
   -1.999195325   -2.443460953   28.427831771   15.459894051   24.967624922
   -1.808795770   -2.443460953   31.376862892   15.602662841   25.736312914
   -1.618396215   -2.443460953   34.465269439   17.164557132   26.491974344
   -1.427996661   -2.443460953   38.048535835   20.765627958   26.549061480
   -1.237597106   -2.443460953   42.456435303   25.567764636   25.254733402
   -1.047197551   -2.443460953   47.757318940   29.787200485   22.255966488
   -0.856797996   -2.443460953   53.642829456   31.349554102   17.647778021
   -0.666398442   -2.443460953   59.433570183   28.537912995   11.910579796
   -0.475998887   -2.443460953   64.192551289   20.430629695    5.724614815
   -0.285599332   -2.443460953   66.898345559    7.082616979   -0.247983638
   -0.095199777   -2.443460953   66.648829820  -10.261434933   -5.522552203
    0.095199777   -2.443460953   62.919618070  -28.888055654   -9.830516654
    0.285599332   -2.443460953   55.857200177  -44.457561641  -13.067933445
    0.475998887   -2.443460953   46.530605621  -51.808638042  -15.199589350
    0.666398442   -2.443460953   36.929782673  -46.847292921  -16.202239010
    0.856797996   -2.443460953   29.539998340  -28.856596079  -16.056199182
    1.047197551   -2.443460953   26.541481913   -1.752621629  -14.811108636
    1.237597106   -2.443460953   28.976363736   26.792252828  -12.643771204
    1.427996661   -2.443460953   36.294146070   48.247359444   -9.841490367
    1.618396215   -2.443460953   46.510294548   56.576082717   -6.686821384
    1.808795770   -2.443460953   56.899258469   50.192936099   -3.346337206
    1.999195325   -2.443460953   64.860186478   31.817614706    0.172363035
    2.189594880   -2.443460953   68.598295771    6.849112212    3.955165631
    2.379994435   -2.443460953   67.444355877  -18.560756772    8.047583244
    2.570393989   -2.443460953   61.849430535  -39.029065750   12.341599426
    2.760793544   -2.443460953   53.144403568  -50.785323336   16.541584333
    2.951193099   -2.443460953   43.181423790  -52.211881734   20.235853292

   -3.141592654   -2.094395102   40.190503477  -40.681277029   14.429823221
   -2.951193099   -2.094395102   33.634960270  -27.596069775   15.567430989
   -2.760793544   -2.094395102   29.854333879  -12.208390825   16.113092722
   -2.570393989   -2.094395102   28.882084608    1.334263643   16.239732929
   -2.379994435   -2.094395102   30.087704126   10.456575324   16.148150768
   -2.189594880   -2.094395102   32.560128776   14.778875292   15.970624883
   -1.999195325   -2.094395102   35.506176971   15.783246737   15.699916194
   -1.808795770   -2.094395102   38.497734243   15.595075542   15.161759993
   -1.618396215   -2.094395102   41.478112042   15.865503630   14.068089167
   -1.427996661   -2.094395102   44.610611664   17.194894385   12.128947137
   -1.237597106   -2.094395102   48.072861275   19.177462712    9.195630215
   -1.047197551   -2.094395102   51.897296601   20.785651304    5.353838391
   -0.856797996   -2.094395102   55.891700280   20.705751274    0.933142907
   -0.666398442   -2.094395102   59.610264625   17.669121907   -3.600536822
   -0.475998887   -2.094395102   62.390762794   10.733007311   -7.782537130
   -0.285599332   -2.094395102   63.441947280   -0.480094074  -11.268632124
   -0.095199777   -2.094395102   61.988278656  -15.336391909  -13.899706552
    0.095199777   -2.094395102   57.517716143  -31.659046009  -15.691937621
    0.285599332   -2.094395102   50.108189425  -45.411650555  -16.769301059
    0.475998887   -2.094395102   40.731682118  -51.447666833  -17.272868854
    0.666398442   -2.094395102   31.297999417  -45.480680702  -17.284167743
    0.856797996   -2.094395102   24.254026614  -26.585440598  -16.780153932
    1.047197551   -2.094395102   21.771599123    1.406446655  -15.678633997
    1.237597106   -2.094395102   24.887090625   30.762288894  -13.921708817
    1.427996661   -2.094395102   33.025815018   52.864317767  -11.556624730
    1.618396215   -2.094395102   44.167916643   61.653576016   -8.723347669
    1.808795770   -2.094395102   55.558663936   55.622481165   -5.602476981
    1.999195325   -2.094395102   64.587398940   37.600983362   -2.344856344
    2.189594880   -2.094395102   69.463614186   13.008111832    0.953499802
    2.379994435   -2.094395102   69.512589635  -12.123496457    4.220916528
    2.570393989   -2.094395102   65.147785408  -32.620571838    7.360682112
    2.760793544   -2.094395102   57.622881989  -44.895346413   10.223666352
    2.951193099   -2.094395102   48.690097878  -47.371629642   12.630340541

   -3.141592654   -1.745329252   43.165652087  -38.674402230    5.558400055
   -2.951193099   -1.745329252   36.917495514  -26.376752062    6.103345196
   -2.760793544   -1.745329252   33.299272189  -11.708810158    6.453425324
   -2.570393989   -1.745329252   32.362088775    1.219211769    6.607780471
   -2.379994435   -1.745329252   33.491408776    9.763466242    6.493527258
   -2.189594880   -1.745329252   35.768404901   13.380864115    5.960046174
   -1.999195325   -1.745329252   38.357165882   13.364640076    4.821269732
   -1.808795770   -1.745329252   40.759106560   11.762583546    2.926092520
   -1.618396215   -1.745329252   42.851588907   10.353682116    0.240256866
   -1.427996661   -1.745329252   44.778112682   10.093759291   -3.108922458
   -1.237597106   -1.745329252   46.776868273   11.037762154   -6.831294647
   -1.047197551   -1.745329252   49.023573165   12.537406191  -10.531752873
   -0.856797996   -1.745329252   51.521775760   13.411891299  -13.794227883
   -0.666398442   -1.745329252   54.015186432   12.211676377  -16.291187199
   -0.475998887   -1.745329252   55.971321658    7.570832140  -17.853109116
   -0.285599332   -1.745329252   56.637765622   -1.404206069  -18.497521196
   -0.095199777   -1.745329252   55.184832306  -14.514301211  -18.409871069
    0.095199777   -1.745329252   50.979396884  -29.821870645  -17.885679744
    0.285599332   -1.745329252   43.955499600  -43.300320449  -17.238098219
    0.475998887   -1.745329252   34.963393109  -49.577100762  -16.699459033
    0.666398442   -1.745329252   25.849727683  -43.975516732  -16.339466469
    0.856797996   -1.745329252   19.075435582  -25.189925394  -16.017714010
    1.047197551   -1.745329252   16.884849879    3.161024323  -15.451018916
    1.237597106   -1.745329252   20.403610447   33.286697773  -14.343150046
    1.427996661   -1.745329252   29.113149490   56.327430137  -12.548699459
    1.618396215   -1.745329252   40.996650215   65.924594902  -10.132852394
    1.808795770   -1.745329252   53.253535922   60.377623860   -7.341703486
    1.999195325   -1.745329252   63.206239511   42.486765454   -4.490990079
    2.189594880   -1.745329252   69.003323371   17.749457145   -1.849547112
    2.379994435   -1.745329252   69.927427578   -7.702378498    0.420572782
    2.570393989   -1.745329252   66.365018674  -28.635769362    2.264327557
    2.760793544   -1.745329252   59.548777115  -41.459226113    3.699592981
    2.951193099   -1.745329252   51.209084412  -44.600863585    4.777239552

   -3.141592654   -1.396263402   41.951648733  -39.243604147    2.866343092
   -2.951193099   -1.396263402   35.618249181  -26.680461681    2.792885150
   -2.760793544   -1.396263402   31.976043151  -11.673644689    2.574403853
   -2.570393989   -1.396263402   31.064900113    1.399603137    2.155201813
   -2.379994435   -1.396263402   32.206501649    9.608859798    1.371304526
   -2.189594880   -1.396263402   34.369478125   12.218214743   -0.022566446
   -1.999195325   -1.396263402   36.587048511   10.535391362   -2.258193016
   -1.808795770   -1.396263402   38.259954043    6.920121929   -5.415914446
   -1.618396215   -1.396263402   39.249439755    3.697992609   -9.314228172
   -1.427996661   -1.396263402   39.796981668    2.446939835  -13.503683973
   -1.237597106   -1.396263402   40.344462223    3.670450754  -17.378216013
   -1.047197551   -1.396263402   41.323501848    6.804669087  -20.357245824
   -0.856797996   -1.396263402   42.972002268   10.342026144  -22.045852381
   -0.666398442   -1.396263402   45.172303535   12.206325045  -22.329604786
   -0.475998887   -1.396263402   47.399195491   10.308765824  -21.364131576
   -0.285599332   -1.396263402   48.779323031    3.165177504  -19.510668162
   -0.095199777   -1.396263402   48.273795915   -9.351797331  -17.239024363
    0.095199777   -1.396263402   45.007409977  -25.312361859  -15.018521485
    0.285599332   -1.396263402   38.700210694  -40.395985978  -13.211866740
    0.475998887   -1.396263402   30.071953260  -48.669404120  -11.996747528
    0.666398442   -1.396263402   20.961806342  -44.734063794  -11.334357596
    0.856797996   -1.396263402   13.957985276  -26.651105110  -10.979407125
    1.047197551   -1.396263402   11.522444175    2.250105438  -10.588310756
    1.237597106   -1.396263402   15.006544558   33.943549089   -9.839786989
    1.427996661   -1.396263402   24.028232519   58.933840861   -8.572949716
    1.618396215   -1.396263402   36.570275346   70.107134637   -6.821580391
    1.808795770   -1.396263402   49.705441298   65.237627286   -4.779314375
    1.999195325   -1.396263402   60.567476873   47.014762455   -2.708225480
    2.189594880   -1.396263402   67.132770627   21.194229444   -0.843901209
    2.379994435   -1.396263402   68.581839736   -5.652098267    0.659620097
    2.570393989   -1.396263402   65.283536217  -27.865405431    1.741728865
    2.760793544   -1.396263402   58.520855835  -41.590223785    2.422057144
    2.951193099   -1.396263402   50.108104176  -45.159325905    2.767946262

   -3.141592654   -1.047197551   39.636151620  -40.756203310    3.903322447
   -2.951193099   -1.047197551   33.048626248  -27.830807168    2.559396656
   -2.760793544   -1.047197551   29.218299310  -12.542189983    0.964207083
   -2.570393989   -1.047197551   28.139480261    0.412815662   -0.802588893
   -2.379994435   -1.047197551   29.032618479    7.868005943   -2.797289590
   -2.189594880   -1.047197551   30.738693873    9.062830679   -5.215436491
   -1.999195325   -1.047197551   32.188015061    5.603170557   -8.275070198
   -1.808795770   -1.047197551   32.765198674    0.440787912  -12.022103770
   -1.618396215   -1.047197551   32.440684667   -3.424121155  -16.178481928
   -1.427996661   -1.047197551   31.677915749   -3.952429888  -20.151464337
   -1.237597106   -1.047197551   31.187841624   -0.623733016  -23.218143708
   -1.047197551   -1.047197551   31.628479440    5.545743083  -24.788242937
   -0.856797996   -1.047197551   33.350029856   12.334572629  -24.603835192
   -0.666398442   -1.047197551   36.204738519   16.947443292  -22.804000060
   -0.475998887   -1.047197551   39.517467115   16.773057319  -19.844316189
   -0.285599332   -1.047197551   42.192776286   10.088478552  -16.349486564
   -0.095199777   -1.047197551   42.952377265   -3.173327162  -12.936830294
    0.095199777   -1.047197551   40.716876926  -20.777260374  -10.061872173
    0.285599332   -1.047197551   35.078644579  -37.927051566   -7.924365423
    0.475998887   -1.047197551   26.730416071  -48.137308765   -6.469508411
    0.666398442   -1.047197551   17.585342823  -45.500796632   -5.478208810
    0.856797996   -1.047197551   10.386072465  -27.789159335   -4.672502562
    1.047197551   -1.047197551    7.774932469    1.670632080   -3.835059583
    1.237597106   -1.047197551   11.254761677   34.527471837   -2.837392840
    1.427996661   -1.047197551   20.512690107   60.793752984   -1.657125927
    1.618396215   -1.047197551   33.504235256   72.863790061   -0.333376268
    1.808795770   -1.047197551   47.197409286   68.209545714    1.060584292
    1.999195325   -1.047197551   58.588708177   49.489431764    2.431736512
    2.189594880   -1.047197551   65.535115059   22.661415469    3.669010098
    2.379994435   -1.047197551   67.150451926   -5.377013348    4.644525109
    2.570393989   -1.047197551   63.800364258  -28.636336958    5.226723959
    2.760793544   -1.047197551   56.819001191  -43.041624833    5.312910476
    2.951193099   -1.047197551   48.101255905  -46.835186913    4.858735082

   -3.141592654   -0.698131701   39.413479387  -44.690105673    3.847585317
   -2.951193099   -0.698131701   32.036691406  -32.113694961    1.678756612
   -2.760793544   -0.698131701   27.388630376  -16.804772819   -0.757175307
   -2.570393989   -0.698131701   25.509554356   -3.744403817   -3.323251884
   -2.379994435   -0.698131701   25.601923162    3.545768622   -6.018435378
   -2.189594880   -0.698131701   26.433751477    4.130410410   -8.985015961
   -1.999195325   -0.698131701   26.863321093   -0.174437063  -12.374526363
   -1.808795770   -0.698131701   26.281460835   -5.838392076  -16.125114320
   -1.618396215   -0.698131701   24.788238897   -9.208570487  -19.815258926
   -1.427996661   -0.698131701   23.076637660   -7.911073016  -22.730980734
   -1.237597106   -0.698131701   22.099087097   -1.641477749  -24.143667291
   -1.047197551   -0.698131701   22.665962981    7.894127683  -23.634482171
   -0.856797996   -0.698131701   25.128681562   17.633916021  -21.281667149
   -0.666398442   -0.698131701   29.190530612   24.103311400  -17.617375622
   -0.475998887   -0.698131701   33.929754515   24.352373479  -13.411212566
   -0.285599332   -0.698131701   37.977873011   16.720278861   -9.407696069
   -0.095199777   -0.698131701   39.830693038    1.564094132   -6.097088239
    0.095199777   -0.698131701   38.288494048  -18.222005538   -3.595002896
    0.285599332   -0.698131701   32.955619763  -37.158690787   -1.673039478
    0.475998887   -0.698131701   24.651208488  -48.290669361    0.056775143
    0.666398442   -0.698131701   15.468919931  -45.597387206    1.888590811
    0.856797996   -0.698131701    8.318150387  -27.120590129    3.859086280
    1.047197551   -0.698131701    5.933324043    3.374576543    5.736006351
    1.237597106   -0.698131701    9.826457403   37.099811035    7.209184577
    1.427996661   -0.698131701   19.626408611   63.830455939    8.080243036
    1.618396215   -0.698131701   33.205767864   75.928262193    8.376843824
    1.808795770   -0.698131701   47.456961435   70.954547456    8.306944411
    1.999195325   -0.698131701   59.320170873   51.664930639    8.115620959
    2.189594880   -0.698131701   66.609606919   24.057036413    7.945365470
    2.379994435   -0.698131701   68.399574734   -4.973521358    7.775620047
    2.570393989   -0.698131701   65.017087349  -29.403379131    7.450175471
    2.760793544   -0.698131701   57.770735012  -45.057285370    6.767999563
    2.951193099   -0.698131701   48.558493531  -49.973409389    5.576768243

   -3.141592654   -0.349065850   40.280719758  -49.296027418    3.303153472
   -2.951193099   -0.349065850   31.968373263  -37.250645615    0.357040710
   -2.760793544   -0.349065850   26.324884028  -22.057476472   -2.785883578
   -2.570393989   -0.349065850   23.452960692   -8.910693710   -5.911419066
   -2.379994435   -0.349065850   22.561555904   -1.664729705   -8.953123048
   -2.189594880   -0.349065850   22.372485441   -1.427444317  -12.002172247
   -1.999195325   -0.349065850   21.701114819   -6.146229143  -15.151919790
   -1.808795770   -0.349065850   19.981205990  -11.662336772  -18.260632691
   -1.618396215   -0.349065850   17.485809772  -13.666715396  -20.826932352
   -1.427996661   -0.349065850   15.169753103   -9.582189845  -22.120478851
   -1.237597106   -0.349065850   14.218644035    0.389495114  -21.536188425
   -1.047197551   -0.349065850   15.524548023   13.513460833  -18.943462451
   -0.856797996   -0.349065850   19.313398637   25.678696715  -14.817996855
   -0.666398442   -0.349065850   24.998874161   32.800160668  -10.056161715
   -0.475998887   -0.349065850   31.314822336   31.960112448   -5.617106968
   -0.285599332   -0.349065850   36.612375149   22.116120802   -2.171065440
   -0.095199777   -0.349065850   39.261027433    4.576542745    0.121505386
    0.095199777   -0.349065850   38.119873984  -16.835304378    1.617721345
    0.285599332   -0.349065850   32.997251263  -36.110525783    2.991168167
    0.475998887   -0.349065850   24.958672980  -46.403092615    4.874539145
    0.666398442   -0.349065850   16.262996164  -42.377945762    7.512757152
    0.856797996   -0.349065850    9.827886222  -22.979502610   10.618278275
    1.047197551   -0.349065850    8.244054618    7.452489468   13.506997125
    1.237597106   -0.349065850   12.826464387   40.121882930   15.483777140
    1.427996661   -0.349065850   23.057990615   65.313734210   16.177090078
    1.618396215   -0.349065850   36.781755348   76.031852042   15.680787707
    1.808795770   -0.349065850   50.964230276   70.236301230   14.432648872
    1.999195325   -0.349065850   62.657641415   50.676016310   12.949003008
    2.189594880   -0.349065850   69.754969826   23.039959750   11.577413640
    2.379994435   -0.349065850   71.340353247   -6.155065763   10.387642255
    2.570393989   -0.349065850   67.688810005  -31.118687345    9.207419493
    2.760793544   -0.349065850   60.034245059  -47.683825512    7.758759069
    2.951193099   -0.349065850   50.220689076  -53.662219796    5.811120527

   -3.141592654    0.000000000   41.191600760  -54.337346707    1.530288262
   -2.951193099    0.000000000   31.867862689  -42.745059231   -1.237199407
   -2.760793544    0.000000000   25.168276122  -27.582472107   -3.986000337
   -2.570393989    0.000000000   21.263903668  -14.204657836   -6.585562264
   -2.379994435    0.000000000   19.386888258   -6.740251088   -9.040794845
   -2.189594880    0.000000000   18.241023774   -6.410618454  -11.459933373
   -1.999195325    0.000000000   16.636365470  -10.897459572  -13.882969246
   -1.808795770    0.000000000   14.085464161  -15.466826244  -16.077948415
   -1.618396215    0.000000000   11.048788533  -15.327330436  -17.489071003
   -1.427996661    0.000000000    8.713622087   -7.978190138  -17.442787311
   -1.237597106    0.000000000    8.413122519    5.585609169  -15.531708312
   -1.047197551    0.000000000   10.992441241   21.454931136  -11.919243203
   -0.856797996    0.000000000   16.417819931   34.584486759   -7.362279078
   -0.666398442    0.000000000   23.728635242   40.657181910   -2.890044973
   -0.475998887    0.000000000   31.318060787   37.311603642    0.634956949
   -0.285599332    0.000000000   37.357753406   24.593404271    2.864072679
   -0.095199777    0.000000000   40.260570828    4.981358779    4.083718553
    0.095199777    0.000000000   39.124309277  -16.886955357    5.058796476
    0.285599332    0.000000000   34.088692838  -34.894654994    6.679467756
    0.475998887    0.000000000   26.494287399  -42.879846258    9.514687870
    0.666398442    0.000000000   18.687332508  -36.709731616   13.490705032
    0.856797996    0.000000000   13.440234856  -16.476538937   17.861176716
    1.047197551    0.000000000   13.033220940   13.010479080   21.521585101
    1.237597106    0.000000000   18.465491663   43.326835082   23.537236815
    1.427996661    0.000000000   29.038733246   65.717079168   23.536893618
    1.618396215    0.000000000   42.608808070   74.170145489   21.799845451
    1.808795770    0.000000000   56.304058291   67.175854941   19.028047304
    1.999195325    0.000000000   67.382372544   47.416736146   15.979241438
    2.189594880    0.000000000   73.886077903   20.105851300   13.167462711
    2.379994435    0.000000000   74.944953313   -8.799075926   10.753300066
    2.570393989    0.000000000   70.786922102  -33.882261100    8.607390180
    2.760793544    0.000000000   62.555765890  -51.052056240    6.473005196
    2.951193099    0.000000000   52.019408644  -57.899008030    4.133425570

   -3.141592654    0.349065850   42.774048411  -58.040029315    0.428619771
   -2.951193099    0.349065850   32.706085092  -46.804155089   -1.394719287
   -2.760793544    0.349065850   25.215860121  -31.778114943   -3.039109080
   -2.570393989    0.349065850   20.512551681  -18.379154274   -4.513179075
   -2.379994435    0.349065850   17.844761166  -10.868467833   -5.913991866
   -2.189594880    0.349065850   15.918146440  -10.457140547   -7.365299463
   -1.999195325    0.349065850   13.573108354  -14.531350864   -8.870217416
   -1.808795770    0.349065850   10.428605135  -17.900917294  -10.178596364
   -1.618396215    0.349065850    7.125509036  -15.520550409  -10.802946708
   -1.427996661    0.349065850    5.030240137   -5.202259465  -10.236661115
   -1.237597106    0.349065850    5.535711835   11.159371001   -8.275967448
   -1.047197551    0.349065850    9.351933943   28.588475340   -5.219553662
   -0.856797996    0.349065850   16.138200764   41.426995191   -1.798486498
   -0.666398442    0.349065850   24.587147520   45.555894855    1.181604503
   -0.475998887    0.349065850   32.857735901   39.545501302    3.230148119
   -0.285599332    0.349065850   39.101664718   24.688121328    4.405526089
   -0.095199777    0.349065850   41.937148135    4.491081274    5.292667827
    0.095199777    0.349065850   40.808429112  -15.999101691    6.729033699
    0.285599332    0.349065850   36.201840663  -31.105134248    9.419373337
    0.475998887    0.349065850   29.644923082  -35.841473526   13.556089620
    0.666398442    0.349065850   23.408732859  -27.559034513   18.641915402
    0.856797996    0.349065850   19.933306230   -7.456642262   23.602703688
    1.047197551    0.349065850   21.038136771   19.509917569   27.199014366
    1.237597106    0.349065850   27.334513387   45.764854539   28.551453405
    1.427996661    0.349065850   37.961672238   63.948305955   27.473574841
    1.618396215    0.349065850   50.874988955   69.304247231   24.463484701
    1.808795770    0.349065850   63.482633825   60.914563777   20.407718062
    1.999195325    0.349065850   73.362003988   41.301207724   16.188352734
    2.189594880    0.349065850   78.791836469   15.026225892   12.395534355
    2.379994435    0.349065850   78.999208799  -12.698420891    9.243601557
    2.570393989    0.349065850   74.182332844  -37.002566560    6.656364883
    2.760793544    0.349065850   65.383530482  -53.996784249    4.428807102
    2.951193099    0.349065850   54.263352453  -61.135031070    2.377259666

   -3.141592654    0.698131701   44.180196468  -60.638030672   -0.966386076
   -2.951193099    0.698131701   33.607531378  -49.469279713   -1.549419054
   -2.760793544    0.698131701   25.611205972  -34.394554428   -1.857103233
   -2.570393989    0.698131701   20.421432471  -20.854621565   -2.040253450
   -2.379994435    0.698131701   17.296519765  -13.191412415   -2.266944545
   -2.189594880    0.698131701   14.941937726  -12.612097637   -2.662028346
   -1.999195325    0.698131701   12.215002191  -16.331986132   -3.224718842
   -1.808795770    0.698131701    8.794197962  -18.911773848   -3.786175153
   -1.618396215    0.698131701    5.416579615  -15.213699176   -4.057658293
   -1.427996661    0.698131701    3.529706593   -3.318858818   -3.774413590
   -1.237597106    0.698131701    4.522909614   14.290274227   -2.863140740
   -1.047197551    0.698131701    8.985919749   32.061545775   -1.509444308
   -0.856797996    0.698131701   16.380223012   44.184567154   -0.066889806
   -0.666398442    0.698131701   25.230338844   46.973636100    1.182447444
   -0.475998887    0.698131701   33.653762683   39.841462354    2.222832083
   -0.285599332    0.698131701   39.927236863   24.932789256    3.363403506
   -0.095199777    0.698131701   42.923534253    6.188764727    5.128562325
    0.095199777    0.698131701   42.365361988  -11.535690076    8.005543812
    0.285599332    0.698131701   38.918637336  -23.406962275   12.183212902
    0.475998887    0.698131701   34.085512930  -25.664676493   17.350808370
    0.666398442    0.698131701   29.877730559  -16.822895000   22.695205923
    0.856797996    0.698131701   28.305377585    1.380265183   27.102282422
    1.047197551    0.698131701   30.741594004   24.392243344   29.551668475
    1.237597106    0.698131701   37.509503795   45.818307478   29.507979601
    1.427996661    0.698131701   47.719044484   59.711322494   27.105117865
    1.618396215    0.698131701   59.537282431   62.352080090   23.029295810
    1.808795770    0.698131701   70.712592382   53.121031898   18.203851744
    1.999195325    0.698131701   79.151632938   34.160092754   13.452834050
    2.189594880    0.698131701   83.350877606    9.303018676    9.297951284
    2.379994435    0.698131701   82.613564954  -16.939726916    5.936587351
    2.570393989    0.698131701   77.100924330  -40.160580463    3.343361752
    2.760793544    0.698131701   67.760408054  -56.616347435    1.400794568
    2.951193099    0.698131701   56.156083467  -63.645382057   -0.008145806

   -3.141592654    1.047197551   42.363388526  -61.339926202   -4.631621603
   -2.951193099    1.047197551   31.759799355  -49.109509875   -3.801140116
   -2.760793544    1.047197551   23.908541955  -33.286434129   -2.627719727
   -2.570393989    1.047197551   18.966258099  -19.434157729   -1.438460425
   -2.379994435    1.047197551   16.106685274  -11.884473080   -0.474557862
   -2.189594880    1.047197551   13.965748624  -11.700168796    0.154659261
   -1.999195325    1.047197551   11.368268303  -15.873443101    0.457853975
   -1.808795770    1.047197551    8.001510100  -18.770026343    0.505992526
   -1.618396215    1.047197551    4.637648077  -15.183010002    0.377198780
   -1.427996661    1.047197551    2.757275461   -3.277987485    0.132164148
   -1.237597106    1.047197551    3.757605951   14.300683835   -0.175574356
   -1.047197551    1.047197551    8.211104917   31.921695007   -0.464817108
   -0.856797996    1.047197551   15.564231193   43.916322289   -0.592193293
   -0.666398442    1.047197551   24.376581228   46.938351460   -0.312315573
   -0.475998887    1.047197551   32.871892751   40.771854218    0.695353735
   -0.285599332    1.047197551   39.486632539   27.732747838    2.752035433
   -0.095199777    1.047197551   43.251952987   11.540376258    6.069862123
    0.095199777    1.047197551   43.968282827   -3.552018940   10.614444615
    0.285599332    1.047197551   42.238484429  -13.561962423   16.014327770
    0.475998887    1.047197551   39.337121983  -15.526349946   21.541371690
    0.666398442    1.047197551   36.928910834   -8.395033619   26.241037807
    0.856797996    1.047197551   36.651359064    6.306954774   29.163346998
    1.047197551    1.047197551   39.608401566   24.868207911   29.684586298
    1.237597106    1.047197551   46.050210661   42.049345087   27.722654272
    1.427996661    1.047197551   55.225304276   52.868130281   23.760376685
    1.618396215    1.047197551   65.574744096   54.032109644   18.623077659
    1.808795770    1.047197551   75.141992845   44.744770674   13.171806763
    1.999195325    1.047197551   82.055897299   26.612326524    8.060527189
    2.189594880    1.047197551   84.926934974    2.916512459    3.660368727
    2.379994435    1.047197551   83.086221604  -22.158501822    0.128208202
    2.570393989    1.047197551   76.684737836  -44.285399598   -2.476251878
    2.760793544    1.047197551   66.661338270  -59.652121791   -4.121332450
    2.951193099    1.047197551   54.586455338  -65.529405781   -4.809659163

   -3.141592654    1.396263402   37.693590667  -60.165882495  -10.369230165
   -2.951193099    1.396263402   27.479689485  -46.281378759   -9.142202423
   -2.760793544    1.396263402   20.266839098  -29.538468368   -7.392448087
   -2.570393989    1.396263402   16.063837697  -15.530459649   -5.458432251
   -2.379994435    1.396263402   13.914465821   -8.402098278   -3.582823570
   -2.189594880    1.396263402   12.368422038   -8.970566810   -1.875749007
   -1.999195325    1.396263402   10.204768493  -14.068842772   -0.377825881
   -1.808795770    1.396263402    7.083700525  -18.016804578    0.840203155
   -1.618396215    1.396263402    3.756650474  -15.562393565    1.635209713
   -1.427996661    1.396263402    1.701308970   -4.710688728    1.864093570
   -1.237597106    1.396263402    2.357320634   12.200398756    1.525231166
   -1.047197551    1.396263402    6.404501940   29.885672035    0.861179341
   -0.856797996    1.396263402   13.452517633   42.912608822    0.336660984
   -0.666398442    1.396263402   22.250197989   47.933182882    0.512443315
   -0.475998887    1.396263402   31.184026133   44.458370075    1.852526997
   -0.285599332    1.396263402   38.776885059   34.301054008    4.569082488
   -0.095199777    1.396263402   44.035112893   20.517273498    8.544060327
    0.095199777    1.396263402   46.604448508    6.694620881   13.316572825
    0.285599332    1.396263402   46.819372665   -3.687054779   18.148803169
    0.475998887    1.396263402   45.619608798   -7.804319115   22.166808691
    0.666398442    1.396263402   44.355204693   -4.287961697   24.580307085
    0.856797996    1.396263402   44.453634197    6.123946922   24.885320814
    1.047197551    1.396263402   46.984308353   20.697527160   23.035602641
    1.237597106    1.396263402   52.337163834   35.012208534   19.429079152
    1.427996661    1.396263402   60.014057080   44.401705980   14.764977070
    1.618396215    1.396263402   68.716409344   45.355438199    9.771762745
    1.808795770    1.396263402   76.671380352   36.549690513    4.992885958
    1.999195325    1.396263402   82.089944495   19.107450227    0.704318012
    2.189594880    1.396263402   83.598679663   -3.882369848   -3.013811818
    2.379994435    1.396263402   80.539535006  -28.112621699   -6.132956243
    2.570393989    1.396263402   73.112449294  -49.019077472   -8.566189247
    2.760793544    1.396263402   62.343222367  -62.659677322  -10.157359830
    2.951193099    1.396263402   49.889913481  -66.446653869  -10.763383700

   -3.141592654    1.745329252   31.571672893  -58.571343716  -16.744868719
   -2.951193099    1.745329252   21.834952611  -42.964885618  -15.689077480
   -2.760793544    1.745329252   15.359646545  -25.242445687  -13.808573300
   -2.570393989    1.745329252   12.007650068  -10.999160338  -11.381423484
   -2.379994435    1.745329252   10.700026377   -4.157499807   -8.637515152
   -2.189594880    1.745329252    9.910385106   -5.310830997   -5.708853017
   -1.999195325    1.745329252    8.369867582  -11.230843783   -2.695404901
   -1.808795770    1.745329252    5.686555189  -16.322815423    0.221519968
   -1.618396215    1.745329252    2.547311154  -15.331369414    2.736598155
   -1.427996661    1.745329252    0.391891665   -5.962562381    4.527762342
   -1.237597106    1.745329252    0.709963778   10.039188864    5.457705749
   -1.047197551    1.745329252    4.350230064   27.988570337    5.717329130
   -0.856797996    1.745329252   11.175681095   42.695858339    5.791178588
   -0.666398442    1.745329252   20.186441436   50.523177635    6.264227988
   -0.475998887    1.745329252   29.920062916   50.259062574    7.567502153
   -0.285599332    1.745329252   38.891392679   42.825271580    9.800071352
   -0.095199777    1.745329252   45.934771425   30.479430675   12.677134730
    0.095199777    1.745329252   50.397950022   16.303043448   15.594767230
    0.285599332    1.745329252   52.259579077    3.700520639   17.787366497
    0.475998887    1.745329252   52.132857198   -4.100698041   18.563307266
    0.666398442    1.745329252   51.161983813   -4.929412380   17.553414404
    0.856797996    1.745329252   50.743820560    1.489928432   14.836964536
    1.047197551    1.745329252   52.102496169   13.262573047   10.932879989
    1.237597106    1.745329252   55.899235543   26.359719487    6.568065400
    1.427996661    1.745329252   61.925927486   35.897622274    2.415016913
    1.618396215    1.745329252   69.088412381   37.743699474   -1.154015853
    1.808795770    1.745329252   75.689207776   29.899334254   -4.124067713
    1.999195325    1.745329252   79.908705540   13.101256432   -6.721771008
    2.189594880    1.745329252   80.310320912   -9.522933364   -9.203291497
    2.379994435    1.745329252   76.214199476  -33.307490081  -11.663004069
    2.570393989    1.745329252   67.875499194  -53.285265393  -13.960285509
    2.760793544    1.745329252   56.434832398  -65.323598369  -15.779329230
    2.951193099    1.745329252   43.667915120  -67.013312023  -16.776909823

   -3.141592654    2.094395102   24.529543352  -58.150635777  -18.948599809
   -2.951193099    2.094395102   15.054431943  -40.686538858  -17.920456373
   -2.760793544    2.094395102    9.161754867  -21.489781092  -15.983507695
   -2.570393989    2.094395102    6.626038925   -6.263478041  -13.353505708
   -2.379994435    2.094395102    6.282185210    1.175463037  -10.225397460
   -2.189594880    2.094395102    6.544148494    0.359494916   -6.707337350
   -1.999195325    2.094395102    6.094364785   -5.508034002   -2.878745683
   -1.808795770    2.094395102    4.470749805  -11.014941752    1.081989801
   -1.618396215    2.094395102    2.256954880  -11.018807389    4.826335822
   -1.427996661    2.094395102    0.794099912   -3.037370936    7.927431522
   -1.237597106    2.094395102    1.543411655   11.706831243   10.094908778
   -1.047197551    2.094395102    5.435161873   29.105719100   11.353388899
   -0.856797996    2.094395102   12.498921228   44.234446325   12.040266433
   -0.666398442    2.094395102   21.906302901   53.228985861   12.616165601
   -0.475998887    2.094395102   32.283206229   54.265819564   13.410296640
   -0.285599332    2.094395102   42.099620342   47.534553816   14.449430958
   -0.095199777    2.094395102   50.015183587   34.702287851   15.421477733
    0.095199777    2.094395102   55.121820573   18.596926431   15.781732346
    0.285599332    2.094395102   57.138004384    2.868383988   14.947262403
    0.475998887    2.094395102   56.510133327   -8.524058019   12.558539372
    0.666398442    2.094395102   54.389468990  -12.401741502    8.690360875
    0.856797996    2.094395102   52.367543857   -7.571907343    3.881907562
    1.047197551    2.094395102   51.994624686    4.430124436   -1.021251263
    1.237597106    2.094395102   54.256743895   19.259765656   -5.218235728
    1.427996661    2.094395102   59.154158962   31.153850745   -8.238312543
    1.618396215    2.094395102   65.615969532   35.001716862  -10.095994705
    1.808795770    2.094395102   71.808161652   28.160834831  -11.199212334
    1.999195325    2.094395102   75.703145005   11.275144422  -12.104590405
    2.189594880    2.094395102   75.689376617  -12.113700061  -13.248330261
    2.379994435    2.094395102   71.019193153  -36.685225782  -14.771712645
    2.570393989    2.094395102   62.003305018  -56.879536616  -16.497771295
    2.760793544    2.094395102   49.926002585  -68.253600752  -18.036772088
    2.951193099    2.094395102   36.729110131  -68.487071981  -18.955828399

   -3.141592654    2.443460953   18.156040030  -57.829953921  -13.288518453
   -2.951193099    2.443460953    8.890316283  -38.833390336  -11.882805366
   -2.760793544    2.443460953    3.484552014  -18.283670837   -9.809900786
   -2.570393989    2.443460953    1.667345211   -1.973641492   -7.223504228
   -2.379994435    2.443460953    2.228696013    6.371356655   -4.234279060
   -2.189594880    2.443460953    3.561283330    6.397434670   -0.843969636
   -1.999195325    2.443460953    4.334250343    1.257742424    2.987791434
   -1.808795770    2.443460953    4.041698884   -3.894926365    7.186942360
   -1.618396215    2.443460953    3.167651275   -4.194012180   11.446099003
   -1.427996661    2.443460953    2.920693378    2.806776297   15.274192716
   -1.237597106    2.443460953    4.657135200   16.202192105   18.200658497
   -1.047197551    2.443460953    9.282713449   32.367759862   19.990533094
   -0.856797996    2.443460953   16.883587544   46.689614269   20.711102698
   -0.666398442    2.443460953   26.714192728   55.252070879   20.604890402
   -0.475998887    2.443460953   37.439466935   55.857218374   19.886993205
   -0.285599332    2.443460953   47.482884989   48.204662576   18.599799914
   -0.095199777    2.443460953   55.372902423   33.613412905   16.579495114
    0.095199777    2.443460953   60.034813356   14.886841195   13.557596682
    0.285599332    2.443460953   61.057003485   -3.881057969    9.336292535
    0.475998887    2.443460953   58.878435023  -17.916742988    4.004817153
    0.666398442    2.443460953   54.813796152  -23.143561490   -1.937478006
    0.856797996    2.443460953   50.763019656  -17.799825843   -7.655297262
    1.047197551    2.443460953   48.633786569   -3.546651288  -12.237473454
    1.237597106    2.443460953   49.677355436   14.514494719  -15.074598506
    1.427996661    2.443460953   53.977824238   29.526588222  -16.078388525
    1.618396215    2.443460953   60.349262197   35.463723511  -15.685487701
    1.808795770    2.443460953   66.715325540   29.295790220  -14.625002179
    1.999195325    2.443460953   70.788734054   11.857756735  -13.605926452
    2.189594880    2.443460953   70.776469718  -12.720100947  -13.074143526
    2.379994435    2.443460953   65.875091680  -38.437520833  -13.120535519
    2.570393989    2.443460953   56.458035513  -59.208054976  -13.533917654
    2.760793544    2.443460953   43.946375905  -70.342925536  -13.937942272
    2.951193099    2.443460953   30.434705413  -69.602198400  -13.944739467

   -3.141592654    2.792526803   15.014582801  -56.457759255    0.952312950
   -2.951193099    2.792526803    6.089661010  -36.642733965    3.083297438
   -2.760793544    2.792526803    1.177814677  -15.307063061    5.083971221
   -2.570393989    2.792526803    0.000000000    1.761084636    6.895963159
   -2.379994435    2.792526803    1.351374500   10.958775453    8.640270110
   -2.189594880    2.792526803    3.654589000   12.033602942   10.612908127
   -1.999195325    2.792526803    5.610339818    8.033113575   13.137277605
   -1.808795770    2.792526803    6.698418847    3.741117206   16.340165570
   -1.618396215    2.792526803    7.305611682    3.574149084   19.987407542
   -1.427996661    2.792526803    8.473069371    9.731615908   23.515827302
   -1.237597106    2.792526803   11.378875743   21.448348329   26.253213246
   -1.047197551    2.792526803   16.806751043   35.519405676   27.689632829
   -0.856797996    2.792526803   24.804319564   47.721458822   27.631243362
   -0.666398442    2.792526803   34.640597524   54.294867659   26.154727990
   -0.475998887    2.792526803   44.998568238   52.946513877   23.460783167
   -0.285599332    2.792526803   54.290715561   43.186153067   19.741796044
   -0.095199777    2.792526803   61.006414279   26.271982650   15.118782279
    0.095199777    2.792526803   64.044995485    5.204648957    9.694014248
    0.285599332    2.792526803   63.035070454  -15.410418003    3.655124094
    0.475998887    2.792526803   58.571807678  -30.138191075   -2.597608667
    0.666398442    2.792526803   52.244534380  -34.383155909   -8.427879427
    0.856797996    2.792526803   46.284838725  -26.339686363  -13.089108750
    1.047197551    2.792526803   42.881231453   -8.277129584  -15.975137657
    1.237597106    2.792526803   43.402426645   13.689533100  -16.888014020
    1.427996661    2.792526803   47.850794311   31.696448606  -16.106526332
    1.618396215    2.792526803   54.803897287   39.154176944  -14.248943540
    1.808795770    2.792526803   61.899492283   33.069434511  -11.996085832
    1.999195325    2.792526803   66.618051794   14.761468264   -9.842708802
    2.189594880    2.792526803   67.045029193  -11.007733424   -7.985490585
    2.379994435    2.792526803   62.367370949  -37.728188514   -6.364647194
    2.570393989    2.792526803   53.025734067  -59.031592024   -4.790348706
    2.760793544    2.792526803   40.540584453  -70.155681461   -3.080569066
    2.951193099    2.792526803   27.102913512  -68.961224473   -1.150116148
