#! FIELDS phi psi file.free der_phi der_psi
#! SET min_phi -pi
#! SET max_phi pi
#! SET nbins_phi  33
#! SET periodic_phi true
#! SET min_psi -pi
#! SET max_psi pi
#! SET nbins_psi  18
#! SET periodic_psi true
   -3.141592654   -3.141592654   17.952008480  -53.168765521   16.604711785
   -2.951193099   -3.141592654    9.550946505  -34.441668597   19.012058841
   -2.760793544   -3.141592654    4.965129004  -14.039818965   20.548876587
   -2.570393989   -3.141592654    3.973276071    2.542287533   21.362638483
   -2.379994435   -3.141592654    5.482721277   11.973188434   21.863851571
   -2.189594880   -3.141592654    8.068270614   14.115926051   22.613850886
   -1.999195325   -3.141592654   10.576153387   11.815929941   24.093773590
   -1.808795770   -3.141592654   12.557211000    9.284166038   26.449028651
   -1.618396215   -3.141592654   14.337451447   10.179090073   29.346986606
   -1.427996661   -3.141592654   16.762070685   16.088887503   32.059899932
   -1.237597106   -3.141592654   20.735355660   26.074735310   33.744633189
   -1.047197551   -3.141592654   26.781206890   37.243039731   33.767899969
   -0.856797996   -3.141592654   34.777035051   45.937173882   31.908183733
   -0.666398442   -3.141592654   43.932786454   48.969373896   28.329230604
   -0.475998887   -3.141592654   52.967998121   44.479358167   23.427190970
   -0.285599332   -3.141592654   60.399927066   32.252332550   17.654068229
   -0.095199777   -3.141592654   64.866909379   13.756091870   11.397854251
    0.095199777   -3.141592654   65.454553601   -7.830679411    4.981927754
    0.285599332   -3.141592654   62.008899332  -27.743514409   -1.272110619
    0.475998887   -3.141592654   55.365156612  -40.502921739   -6.946617094
    0.666398442   -3.141592654   47.341420668  -41.680642170  -11.524528109
    0.856797996   -3.141592654   40.337801062  -29.941683121  -14.498347592
    1.047197551   -3.141592654   36.597183036   -8.281240464  -15.575378197
    1.237597106   -3.141592654   37.400269101   16.489316472  -14.850422761
    1.427996661   -3.141592654   42.555249869   36.129721633  -12.780707825
    1.618396215   -3.141592654   50.419392258   44.157283193   -9.976592685
    1.808795770   -3.141592654   58.468868960   38.042469117   -6.933566886
    1.999195325   -3.141592654   64.120618369   19.613926207   -3.872643111
    2.189594880   -3.141592654   65.473697430   -6.095531029   -0.758539800
    2.379994435   -3.141592654   61.748342020  -32.629055226    2.546284032
    2.570393989   -3.141592654   53.388843308  -53.857407177    6.110485030
    2.760793544   -3.141592654   41.872018875  -65.232884399    9.832290965
    2.951193099   -3.141592654   29.316254765  -64.697841244   13.446302012

   -3.141592654   -2.792526803   25.346472376  -48.779444708   24.981966095
   -2.951193099   -2.792526803   17.597951943  -32.001853415   27.138926613
   -2.760793544   -2.792526803   13.302880977  -13.351884865   28.046595708
   -2.570393989   -2.792526803   12.328112897    2.187568631   28.007445539
   -2.379994435   -2.792526803   13.754110573   11.643163659   27.593649127
   -2.189594880   -2.792526803   16.368119072   14.906641451   27.466258785
   -1.999195325   -2.792526803   19.192975984   14.412760607   28.117845712
   -1.808795770   -2.792526803   21.840221332   13.595371627   29.634157111
   -1.618396215   -2.792526803   24.533808664   15.241854902   31.599634602
   -1.427996661   -2.792526803   27.871642253   20.342671193   33.218545612
   -1.237597106   -2.792526803   32.445504852   27.893868258   33.616757369
   -1.047197551   -2.792526803   38.507854284   35.481033241   32.174707639
   -0.856797996   -2.792526803   45.789869468   40.215603613   28.737683128
   -0.666398442   -2.792526803   53.503965722   39.673566483   23.597791711
   -0.475998887   -2.792526803   60.498711199   32.538912760   17.331288345
   -0.285599332   -2.792526803   65.497724586   18.851379636   10.589227231
   -0.095199777   -2.792526803   67.370780312    0.115943931    3.930809755
    0.095199777   -2.792526803   65.428939495  -20.577516857   -2.223309178
    0.285599332   -2.792526803   59.722845925  -38.570205421   -7.555092168
    0.475998887   -2.792526803   51.272792860  -48.509587135  -11.765899790
    0.666398442   -2.792526803   42.049362135  -46.184878142  -14.560657390
    0.856797996   -2.792526803   34.544703452  -30.691410901  -15.707918318
    1.047197551   -2.792526803   30.992429325   -5.651572046  -15.174397392
    1.237597106   -2.792526803   32.544036520   21.539466397  -13.215109625
    1.427996661   -2.792526803   38.794604519   42.402522237  -10.309457762
    1.618396215   -2.792526803   47.887475422   50.678765530   -6.954753939
    1.808795770   -2.792526803   57.162848733   44.383196131   -3.461692920
    1.999195325   -2.792526803   64.009933114   25.878717902    0.129847830
    2.189594880   -2.792526803   66.576355240    0.437115563    3.964097598
    2.379994435   -2.792526803   64.139078442  -25.627557601    8.180396086
    2.570393989   -2.792526803   57.147143144  -46.563366748   12.743643009
    2.760793544   -2.792526803   47.006382979  -58.197660927   17.374861935
    2.951193099   -2.792526803   35.708370438  -58.661131465   21.616657005

   -3.141592654   -2.443460953   33.930152263  -44.198163931   22.912725000
   -2.951193099   -2.443460953   26.839926910  -29.684076791   24.589195595
   -2.760793544   -2.443460953   22.786592224  -13.040876978   25.206877513
   -2.570393989   -2.443460953   21.738761673    1.274428265   25.067260487
   -2.379994435   -2.443460953   22.958450327   10.571525139   24.646142979
   -2.189594880   -2.443460953   25.432749747   14.641292920   24.423359351
   -1.999195325   -2.443460953   28.325027890   15.401053873   24.687225784
   -1.808795770   -2.443460953   31.259856351   15.508211751   25.377797445
   -1.618396215   -2.443460953   34.325219371   17.016143076   26.062016393
   -1.427996661   -2.443460953   37.874268466   20.556049505   26.071542888
   -1.237597106   -2.443460953   42.237063264   25.309825233   24.769573962
   -1.047197551   -2.443460953   47.487169501   29.522304650   21.815644985
   -0.856797996   -2.443460953   53.326427908   31.141409362   17.308064011
   -0.666398442   -2.443460953   59.088110062   28.451160636   11.718612983
   -0.475998887   -2.443460953   63.845755815   20.508616052    5.704672273
   -0.285599332   -2.443460953   66.582948901    7.335034362   -0.104676872
   -0.095199777   -2.443460953   66.396339368   -9.858096064   -5.259507308
    0.095199777   -2.443460953   62.754180683  -28.387451204   -9.515592568
    0.285599332   -2.443460953   55.789875051  -43.942343388  -12.772450488
    0.475998887   -2.443460953   46.554355092  -51.385435704  -14.974399131
    0.666398442   -2.443460953   37.017014590  -46.618140581  -16.061122831
    0.856797996   -2.443460953   29.647020547  -28.881198600  -15.974900664
    1.047197551   -2.443460953   26.619679852   -2.022159316  -14.741049137
    1.237597106   -2.443460953   28.985227832   26.351321020  -12.534706992
    1.427996661   -2.443460953   36.211411037   47.747466545   -9.662353680
    1.618396215   -2.443460953   46.336780882   56.143706861   -6.437283740
    1.808795770   -2.443460953   56.659459680   49.947420090   -3.055537978
    1.999195325   -2.443460953   64.598159479   31.839309047    0.457619589
    2.189594880   -2.443460953   68.366630975    7.138620089    4.187592268
    2.379994435   -2.443460953   67.286143651  -18.102215920    8.194382469
    2.570393989   -2.443460953   61.781435914  -38.569383592   12.392560355
    2.760793544   -2.443460953   53.151008268  -50.481813106   16.508270304
    2.951193099   -2.443460953   43.224267481  -52.134674891   20.143995782

   -3.141592654   -2.094395102   40.221156049  -40.848623032   14.451528596
   -2.951193099   -2.094395102   33.625601975  -27.832040529   15.545547778
   -2.760793544   -2.094395102   29.799901135  -12.436003711   16.055794198
   -2.570393989   -2.094395102   28.787706829    1.144552669   16.146546404
   -2.379994435   -2.094395102   29.959708143   10.290295039   16.011534182
   -2.189594880   -2.094395102   32.400344182   14.607420625   15.781034772
   -1.999195325   -2.094395102   35.311746664   15.589558802   15.451278319
   -1.808795770   -2.094395102   38.264035085   15.376770919   14.856367548
   -1.618396215   -2.094395102   41.201167321   15.634367365   13.719102347
   -1.427996661   -2.094395102   44.290041929   16.973929861   11.762140974
   -1.237597106   -2.094395102   47.713867230   19.004735750    8.848016166
   -1.047197551   -2.094395102   51.513865289   20.711660854    5.070545539
   -0.856797996   -2.094395102   55.507496637   20.779701119    0.758561675
   -0.666398442   -2.094395102   59.256180446   17.912355178   -3.633520774
   -0.475998887   -2.094395102   62.097639208   11.123329016   -7.665075981
   -0.285599332   -2.094395102   63.232269138   -0.004305020  -11.024029521
   -0.095199777   -2.094395102   61.871098851  -14.851636272  -13.582485772
    0.095199777   -2.094395102   57.488191132  -31.231726281  -15.374830406
    0.285599332   -2.094395102   50.150687203  -45.087380935  -16.520141150
    0.475998887   -2.094395102   40.823466523  -51.257830821  -17.130145123
    0.666398442   -2.094395102   31.411698654  -45.441760445  -17.242310972
    0.856797996   -2.094395102   24.360717037  -26.694231337  -16.793293110
    1.047197551   -2.094395102   21.845440650    1.177424633  -15.679973181
    1.237597106   -2.094395102   24.909314683   30.458937631  -13.850152319
    1.427996661   -2.094395102   32.987428158   52.541364621  -11.377772217
    1.618396215   -2.094395102   44.071092116   61.374385469   -8.437893537
    1.808795770   -2.094395102   55.418532306   55.459761579   -5.241132479
    1.999195325   -2.094395102   64.432389289   37.617298678   -1.954956864
    2.189594880   -2.094395102   69.330189589   13.214974923    1.323562406
    2.379994435   -2.094395102   69.431853340  -11.794154383    4.533571779
    2.570393989   -2.094395102   65.131091140  -32.300604578    7.595204762
    2.760793544   -2.094395102   57.655575129  -44.713056655   10.376310389
    2.951193099   -2.094395102   48.739036942  -47.382237723   12.709984271

   -3.141592654   -1.745329252   43.243874700  -38.946949382    5.607271454
   -2.951193099   -1.745329252   36.936805894  -26.706469923    6.079372718
   -2.760793544   -1.745329252   33.256390016  -12.023589475    6.370440463
   -2.570393989   -1.745329252   32.262624697    0.940682179    6.478909606
   -2.379994435   -1.745329252   33.340743989    9.501060767    6.329493273
   -2.189594880   -1.745329252   35.566979431   13.107204916    5.769725355
   -1.999195325   -1.745329252   38.101768680   13.072802786    4.612640384
   -1.808795770   -1.745329252   40.447450793   11.467252274    2.708045874
   -1.618396215   -1.745329252   42.485683787   10.088248214    0.023986089
   -1.427996661   -1.745329252   44.367726465    9.901142114   -3.307421634
   -1.237597106   -1.745329252   46.340566896   10.969985507   -6.990769390
   -1.047197551   -1.745329252   48.590164941   12.643588850  -10.626706823
   -0.856797996   -1.745329252   51.127625087   13.721000414  -13.801282727
   -0.666398442   -1.745329252   53.698038357   12.703829512  -16.197192831
   -0.475998887   -1.745329252   55.759492170    8.168453328  -17.664242222
   -0.285599332   -1.745329252   56.540400152   -0.818006178  -18.244033765
   -0.095199777   -1.745329252   55.188680635  -14.051674820  -18.142707681
    0.095199777   -1.745329252   51.053876436  -29.547301686  -17.663526505
    0.285599332   -1.745329252   44.063870072  -43.212970358  -17.107490019
    0.475998887   -1.745329252   35.073974538  -49.630289063  -16.675962099
    0.666398442   -1.745329252   25.941999624  -44.104311434  -16.398996519
    0.856797996   -1.745329252   19.140480086  -25.338285429  -16.104495113
    1.047197551   -1.745329252   16.922616830    3.026747114  -15.497916222
    1.237597106   -1.745329252   20.417902559   33.175235542  -14.295622270
    1.427996661   -1.745329252   29.107885707   56.233245271  -12.380706942
    1.618396215   -1.745329252   40.975218785   65.852199382   -9.850134991
    1.808795770   -1.745329252   53.222663557   60.359344588   -6.974179874
    1.999195325   -1.745329252   63.180544451   42.569121995   -4.080831458
    2.189594880   -1.745329252   69.004512307   17.948359284   -1.440212685
    2.379994435   -1.745329252   69.974043211   -7.437706267    0.791481329
    2.570393989   -1.745329252   66.459649650  -28.415556399    2.568790114
    2.760793544   -1.745329252   59.672068690  -41.391895617    3.920964247
    2.951193099   -1.745329252   51.326586003  -44.726163373    4.910129791

   -3.141592654   -1.396263402   42.032899665  -39.645481240    2.809409033
   -2.951193099   -1.396263402   35.618202852  -27.114650801    2.666050854
   -2.760793544   -1.396263402   31.896744989  -12.062545476    2.394262470
   -2.570393989   -1.396263402   30.917774161    1.076747442    1.941827045
   -2.379994435   -1.396263402   32.002226513    9.327732417    1.145577523
   -2.189594880   -1.396263402   34.112887785   11.946161359   -0.241163464
   -1.999195325   -1.396263402   36.278394682   10.261876220   -2.454460875
   -1.808795770   -1.396263402   37.900012807    6.658810485   -5.580063578
   -1.618396215   -1.396263402   38.843365803    3.484926971   -9.441418794
   -1.427996661   -1.396263402   39.358413678    2.328661980  -13.590925715
   -1.237597106   -1.396263402   39.896437930    3.701624049  -17.421960230
   -1.047197551   -1.396263402   40.899275783    7.029731900  -20.352604088
   -0.856797996   -1.396263402   42.610545111   10.775879068  -21.990084614
   -0.666398442   -1.396263402   44.910298390   12.804673613  -22.226989577
   -0.475998887   -1.396263402   47.258607857   10.964217227  -21.230210730
   -0.285599332   -1.396263402   48.757446011    3.734732392  -19.372646195
   -0.095199777   -1.396263402   48.341869745   -8.990659815  -17.130644508
    0.095199777   -1.396263402   45.119751106  -25.208153100  -14.970301368
    0.285599332   -1.396263402   38.810844857  -40.502729709  -13.239434012
    0.475998887   -1.396263402   30.150497874  -48.877762110  -12.092059158
    0.666398442   -1.396263402   21.000938068  -44.921907049  -11.464515100
    0.856797996   -1.396263402   13.970243520  -26.735688954  -11.095965351
    1.047197551   -1.396263402   11.530358082    2.286734210  -10.643169738
    1.237597106   -1.396263402   15.029905849   34.059946795   -9.801002025
    1.427996661   -1.396263402   24.075879250   59.062449360   -8.432906828
    1.618396215   -1.396263402   36.639552613   70.202824794   -6.595419767
    1.808795770   -1.396263402   49.789901293   65.308321070   -4.496728767
    1.999195325   -1.396263402   60.666341527   47.106993350   -2.404265557
    2.189594880   -1.396263402   67.253942617   21.338456343   -0.552321265
    2.379994435   -1.396263402   68.733369431   -5.487904474    0.909854770
    2.570393989   -1.396263402   65.460946467  -27.774389471    1.928102354
    2.760793544   -1.396263402   58.700768197  -41.666201202    2.530073437
    2.951193099   -1.396263402   50.254757224  -45.427852259    2.791887353

   -3.141592654   -1.047197551   39.727069354  -41.319680682    3.644551699
   -2.951193099   -1.047197551   33.029723674  -28.399540415    2.268112962
   -2.760793544   -1.047197551   29.098549554  -13.020695721    0.652143620
   -2.570393989   -1.047197551   27.939985021    0.055407054   -1.121063859
   -2.379994435   -1.047197551   28.774813842    7.609102302   -3.104495655
   -2.189594880   -1.047197551   30.437677230    8.862322554   -5.491991117
   -1.999195325   -1.047197551   31.852129926    5.436075262   -8.505165385
   -1.808795770   -1.047197551   32.400162314    0.302421852  -12.198075980
   -1.618396215   -1.047197551   32.053019118   -3.515526016  -16.302364808
   -1.427996661   -1.047197551   31.279518315   -3.965599402  -20.232294036
   -1.237597106   -1.047197551   30.797540136   -0.514571347  -23.267810396
   -1.047197551   -1.047197551   31.273633260    5.814046479  -24.818375715
   -0.856797996   -1.047197551   33.062498322   12.772185764  -24.625824547
   -0.666398442   -1.047197551   36.013438520   17.508244494  -22.830228647
   -0.475998887   -1.047197551   39.436694022   17.352407622  -19.888006933
   -0.285599332   -1.047197551   42.213240649   10.552542059  -16.422534666
   -0.095199777   -1.047197551   43.041138109   -2.930970214  -13.046042267
    0.095199777   -1.047197551   40.827761761  -20.782746469  -10.205877845
    0.285599332   -1.047197551   35.169887717  -38.108124578   -8.092420563
    0.475998887   -1.047197551   26.780733647  -48.360647687   -6.642504188
    0.666398442   -1.047197551   17.600219897  -45.631165828   -5.631733836
    0.856797996   -1.047197551   10.391612386  -27.749602256   -4.782559265
    1.047197551   -1.047197551    7.804225009    1.872872301   -3.885149654
    1.237597106   -1.047197551   11.332150756   34.815211909   -2.824127539
    1.427996661   -1.047197551   20.644871222   61.067215745   -1.591573260
    1.618396215   -1.047197551   33.681509543   73.059593306   -0.237584450
    1.808795770   -1.047197551   47.404276084   68.331959622    1.159598525
    1.999195325   -1.047197551   58.815512282   49.588927434    2.507515652
    2.189594880   -1.047197551   65.781665089   22.771791356    3.699569490
    2.379994435   -1.047197551   67.417017236   -5.287786730    4.615068730
    2.570393989   -1.047197551   64.074623279  -28.660634726    5.131003326
    2.760793544   -1.047197551   57.070447092  -43.266426102    5.153385096
    2.951193099   -1.047197551   48.289153881  -47.269992445    4.643960240

   -3.141592654   -0.698131701   39.428923135  -45.292906836    3.511697478
   -2.951193099   -0.698131701   31.936068717  -32.708798991    1.351567411
   -2.760793544   -0.698131701   27.183608698  -17.292477044   -1.071789793
   -2.570393989   -0.698131701   25.225470983   -4.083588994   -3.619999341
   -2.379994435   -0.698131701   25.266486969    3.343040331   -6.285922509
   -2.189594880   -0.698131701   26.069505412    4.023830053   -9.205985529
   -1.999195325   -0.698131701   26.484597062   -0.224847532  -12.532867106
   -1.808795770   -0.698131701   25.896002640   -5.862544772  -16.214055993
   -1.618396215   -0.698131701   24.399594148   -9.213496554  -19.841883866
   -1.427996661   -0.698131701   22.689717582   -7.881445306  -22.715152973
   -1.237597106   -0.698131701   21.723932617   -1.536236897  -24.112760286
   -1.047197551   -0.698131701   22.321535659    8.118180527  -23.617377966
   -0.856797996   -0.698131701   24.840199962   17.998186729  -21.304041332
   -0.666398442   -0.698131701   28.982622689   24.575676957  -17.698323638
   -0.475998887   -0.698131701   33.815432920   24.845173426  -13.559258063
   -0.285599332   -0.698131701   37.950077584   17.119442745   -9.617923612
   -0.095199777   -0.698131701   39.862386869    1.781247337   -6.350543049
    0.095199777   -0.698131701   38.342185521  -18.202947456   -3.862390215
    0.285599332   -0.698131701   32.999022065  -37.267447523   -1.922003253
    0.475998887   -0.698131701   24.670994383  -48.407359206   -0.146329827
    0.666398442   -0.698131701   15.475223680  -45.607246090    1.748377732
    0.856797996   -0.698131701    8.337568544  -26.969332254    3.785821126
    1.047197551   -0.698131701    5.995286401    3.659672355    5.720326525
    1.237597106   -0.698131701    9.948447121   37.428504156    7.230660365
    1.427996661   -0.698131701   19.806648975   64.099589300    8.111726417
    1.618396215   -0.698131701   33.426350542   76.080155984    8.390310424
    1.808795770   -0.698131701   47.695829802   71.004015960    8.278506324
    1.999195325   -0.698131701   59.563231458   51.673511059    8.028354755
    2.189594880   -0.698131701   66.854173310   24.068198341    7.790470666
    2.379994435   -0.698131701   68.645186529   -4.982973528    7.553620970
    2.570393989   -0.698131701   65.252363985  -29.516711018    7.171228363
    2.760793544   -0.698131701   57.967724791  -45.354931271    6.450439255
    2.951193099   -0.698131701   48.679812048  -50.462877524    5.241550943

   -3.141592654   -0.349065850   40.180555841  -49.851400092    2.974169417
   -2.951193099   -0.349065850   31.761820373  -37.793870125    0.076660211
   -2.760793544   -0.349065850   26.023635437  -22.494247599   -3.023761173
   -2.570393989   -0.349065850   23.082971768   -9.190019929   -6.113386140
   -2.379994435   -0.349065850   22.153817852   -1.781874259   -9.118106391
   -2.189594880   -0.349065850   21.955362466   -1.415817893  -12.119923353
   -1.999195325   -0.349065850   21.294297697   -6.058359934  -15.210362271
   -1.808795770   -0.349065850   19.593685122  -11.557020287  -18.256110502
   -1.618396215   -0.349065850   17.116221664  -13.584595206  -20.770525100
   -1.427996661   -0.349065850   14.812380170   -9.532405965  -22.038063492
   -1.237597106   -0.349065850   13.869794629    0.440423844  -21.462477347
   -1.047197551   -0.349065850   15.189619904   13.617987767  -18.914205055
   -0.856797996   -0.349065850   19.007174427   25.880736004  -14.862427012
   -0.666398442   -0.349065850   24.740761013   33.100049681  -10.191298845
   -0.475998887   -0.349065850   31.119481673   32.308038695   -5.842578913
   -0.285599332   -0.349065850   36.481574848   22.434200370   -2.467373855
   -0.095199777   -0.349065850   39.182363791    4.799600402   -0.209765197
    0.095199777   -0.349065850   38.072864498  -16.722751997    1.295374876
    0.285599332   -0.349065850   32.964363601  -36.062187340    2.717819893
    0.475998887   -0.349065850   24.935001372  -46.339204262    4.675642691
    0.666398442   -0.349065850   16.258975125  -42.226527788    7.393769881
    0.856797996   -0.349065850    9.863073803  -22.719663521   10.565518877
    1.047197551   -0.349065850    8.335929264    7.776304916   13.492317865
    1.237597106   -0.349065850   12.978984805   40.419517153   15.472477046
    1.427996661   -0.349065850   23.257204892   65.495587929   16.135809849
    1.618396215   -0.349065850   37.000929444   76.060485931   15.584119212
    1.808795770   -0.349065850   51.176405223   70.146341169   14.266206510
    1.999195325   -0.349065850   62.847248063   50.544750789   12.709076063
    2.189594880   -0.349065850   69.920479649   22.924096825   11.269159378
    2.379994435   -0.349065850   71.485003456   -6.265444493   10.024891795
    2.570393989   -0.349065850   67.807471797  -31.293375836    8.812562720
    2.760793544   -0.349065850   60.107309780  -47.996716891    7.360723430
    2.951193099   -0.349065850   50.219205744  -54.126808108    5.438173618

   -3.141592654    0.000000000   40.978152231  -54.773895580    1.279007602
   -2.951193099    0.000000000   31.570800521  -43.172003408   -1.428232619
   -2.760793544    0.000000000   24.797029087  -27.920549218   -4.129511591
   -2.570393989    0.000000000   20.841309925  -14.397996165   -6.693135279
   -2.379994435    0.000000000   18.943071110   -6.766932221   -9.114405263
   -2.189594880    0.000000000   17.806497108   -6.292624230  -11.490872657
   -1.999195325    0.000000000   16.233561715  -10.693953343  -13.859464352
   -1.808795770    0.000000000   13.723098445  -15.259938247  -15.996045914
   -1.618396215    0.000000000   10.720001658  -15.187396814  -17.359329690
   -1.427996661    0.000000000    8.402063163   -7.936346435  -17.290733428
   -1.237597106    0.000000000    8.101692018    5.556203270  -15.391843690
   -1.047197551    0.000000000   10.673405956   21.416440423  -11.827093424
   -0.856797996    0.000000000   16.096033073   34.603653821   -7.346450186
   -0.666398442    0.000000000   23.418879818   40.767462133   -2.966566944
   -0.475998887    0.000000000   31.037395935   37.501865654    0.467320570
   -0.285599332    0.000000000   37.117662211   24.822448603    2.624958067
   -0.095199777    0.000000000   40.064182165    5.206723696    3.808030217
    0.095199777    0.000000000   38.968813725  -16.682087487    4.788392604
    0.285599332    0.000000000   33.971460423  -34.691525498    6.451345262
    0.475998887    0.000000000   26.418234743  -42.642948785    9.349766603
    0.666398442    0.000000000   18.661833344  -36.413186809   13.388089642
    0.856797996    0.000000000   13.476032748  -16.134019548   17.799677412
    1.047197551    0.000000000   13.134116712   13.339321405   21.466548584
    1.237597106    0.000000000   18.620847889   43.556572671   23.451692414
    1.427996661    0.000000000   29.222401054   65.777767420   23.392027042
    1.618396215    0.000000000   42.786362389   74.050407251   21.581932967
    1.808795770    0.000000000   56.445710937   66.933994565   18.739129257
    1.999195325    0.000000000   67.473651883   47.147023852   15.632639597
    2.189594880    0.000000000   73.929229753   19.877978420   12.781779846
    2.379994435    0.000000000   74.949461436   -8.982041138   10.349791700
    2.570393989    0.000000000   70.756512585  -34.075943395    8.209581372
    2.760793544    0.000000000   62.481889230  -51.323626206    6.106001629
    2.951193099    0.000000000   51.884027887  -58.270859288    3.818790028

   -3.141592654    0.349065850   42.496172834  -58.342339321    0.307161209
   -2.951193099    0.349065850   32.368252663  -47.120381503   -1.459910896
   -2.760793544    0.349065850   24.821599318  -32.040332880   -3.066777979
   -2.570393989    0.349065850   20.078680204  -18.522458667   -4.517192859
   -2.379994435    0.349065850   17.398425713  -10.849915006   -5.897287508
   -2.189594880    0.349065850   15.490666299  -10.282308369   -7.320818507
   -1.999195325    0.349065850   13.189443133  -14.259433521   -8.788112302
   -1.808795770    0.349065850   10.098382861  -17.629356939  -10.055209607
   -1.618396215    0.349065850    6.839089715  -15.341794447  -10.645457494
   -1.427996661    0.349065850    4.764596750   -5.164079411  -10.062786118
   -1.237597106    0.349065850    5.265007497   11.079032083   -8.109148159
   -1.047197551    0.349065850    9.059967487   28.459706289   -5.083991635
   -0.856797996    0.349065850   15.823810982   41.333027434   -1.714944285
   -0.666398442    0.349065850   24.262748614   45.552046283    1.197866217
   -0.475998887    0.349065850   32.542468799   39.644157845    3.172224523
   -0.285599332    0.349065850   38.813432435   24.869246885    4.277361937
   -0.095199777    0.349065850   41.688718123    4.724155897    5.110445484
    0.095199777    0.349065850   40.607481006  -15.734810267    6.518670499
    0.285599332    0.349065850   36.053785744  -30.812762493    9.208840973
    0.475998887    0.349065850   29.555250820  -35.519193815   13.364600553
    0.666398442    0.349065850   23.382663127  -27.215408773   18.471476484
    0.856797996    0.349065850   19.971860438   -7.128681883   23.436726903
    1.047197551    0.349065850   21.132631749   19.758340302   27.008351504
    1.237597106    0.349065850   27.463014336   45.864037865   28.306883970
    1.427996661    0.349065850   38.091123811   63.857427587   27.158134261
    1.618396215    0.349065850   50.969973680   69.042838580   24.079660786
    1.808795770    0.349065850   63.517528158   60.562718977   19.976162363
    1.999195325    0.349065850   73.329413171   40.961855940   15.739790517
    2.189594880    0.349065850   78.701789784   14.769902890   11.960838350
    2.379994435    0.349065850   78.869042281  -12.868169860    8.848087366
    2.570393989    0.349065850   74.023983486  -37.138156115    6.318560442
    2.760793544    0.349065850   65.197016604  -54.166805159    4.161201020
    2.951193099    0.349065850   54.037818310  -61.375737331    2.185043300

   -3.141592654    0.698131701   43.854283936  -60.790826881   -0.971592966
   -2.951193099    0.698131701   33.246939307  -49.671868792   -1.508240278
   -2.760793544    0.698131701   25.211862435  -34.584267384   -1.793198162
   -2.570393989    0.698131701   19.993088659  -20.956689311   -1.969841432
   -2.379994435    0.698131701   16.862000692  -13.145768790   -2.195693592
   -2.189594880    0.698131701   14.531194571  -12.411551032   -2.587288754
   -1.999195325    0.698131701   11.853085325  -16.033962073   -3.140224923
   -1.808795770    0.698131701    8.490263049  -18.620001289   -3.687094440
   -1.618396215    0.698131701    5.159124443  -15.028426653   -3.942617090
   -1.427996661    0.698131701    3.292730329   -3.290523721   -3.645779978
   -1.237597106    0.698131701    4.277633918   14.186148785   -2.726027997
   -1.047197551    0.698131701    8.713853283   31.899259676   -1.372124862
   -0.856797996    0.698131701   16.078545373   44.048445871    0.058591516
   -0.666398442    0.698131701   24.909658481   46.917354159    1.279479946
   -0.475998887    0.698131701   33.331111415   39.876173606    2.272795674
   -0.285599332    0.698131701   39.618635278   25.042583388    3.351046746
   -0.095199777    0.698131701   42.641217046    6.353023214    5.048253758
    0.095199777    0.698131701   42.118496044  -11.327552331    7.864132265
    0.285599332    0.698131701   38.715423584  -23.156222708   11.996154622
    0.475998887    0.698131701   33.933424528  -25.379689334   17.132491853
    0.666398442    0.698131701   29.781045081  -16.531071714   22.449432185
    0.856797996    0.698131701   28.260658995    1.625018080   26.819326718
    1.047197551    0.698131701   30.733550095   24.522477823   29.213496558
    1.237597106    0.698131701   37.510684208   45.779126288   29.099974342
    1.427996661    0.698131701   47.695108979   59.490147104   26.627232018
    1.618396215    0.698131701   59.457241942   61.997903624   22.501002327
    1.808795770    0.698131701   70.559949252   52.732201246   17.660474316
    1.999195325    0.698131701   78.930082521   33.841809985   12.935680476
    2.189594880    0.698131701   83.080759567    9.117249574    8.843544608
    2.379994435    0.698131701   82.320608523  -17.000166303    5.570046872
    2.570393989    0.698131701   76.803657155  -40.156139794    3.076834297
    2.760793544    0.698131701   67.463867273  -56.624974008    1.234551242
    2.951193099    0.698131701   55.852058041  -63.719514190   -0.084297378

   -3.141592654    1.047197551   42.094980153  -61.402829076   -4.607846073
   -2.951193099    1.047197551   31.468153629  -49.280535889   -3.736772695
   -2.760793544    1.047197551   23.579653383  -33.489001304   -2.540492403
   -2.570393989    1.047197551   18.603302485  -19.573240070   -1.339982749
   -2.379994435    1.047197551   15.729729657  -11.882132823   -0.371304489
   -2.189594880    1.047197551   13.604763506  -11.536996031    0.258774444
   -1.999195325    1.047197551   11.050142618  -15.599887982    0.561123197
   -1.808795770    1.047197551    7.738372140  -18.484293076    0.609530698
   -1.618396215    1.047197551    4.422023155  -14.980466945    0.485864406
   -1.427996661    1.047197551    2.567894375   -3.206509751    0.252596557
   -1.237597106    1.047197551    3.570316200   14.261102992   -0.038997999
   -1.047197551    1.047197551    8.010276415   31.831177466   -0.315791752
   -0.856797996    1.047197551   15.346300986   43.835442056   -0.445417005
   -0.666398442    1.047197551   24.146393449   46.893416718   -0.193177153
   -0.475998887    1.047197551   32.635877234   40.752420709    0.756719071
   -0.285599332    1.047197551   39.247560839   27.718010217    2.729958452
   -0.095199777    1.047197551   43.009927458   11.526417306    5.951882822
    0.095199777    1.047197551   43.725147991   -3.543556128   10.405077444
    0.285599332    1.047197551   42.001603497  -13.499671354   15.730901408
    0.475998887    1.047197551   39.118268433  -15.399003185   21.203579138
    0.666398442    1.047197551   36.738616550   -8.228524026   25.860367385
    0.856797996    1.047197551   36.491499663    6.448794216   28.739108091
    1.047197551    1.047197551   39.466973644   24.908915086   29.208366872
    1.237597106    1.047197551   45.902235664   41.935398330   27.188950980
    1.427996661    1.047197551   55.040331573   52.599767343   23.176675118
    1.618396215    1.047197551   65.328753096   53.676456821   18.013878863
    1.808795770    1.047197551   74.828647186   44.414283246   12.574750923
    1.999195325    1.047197551   81.690770549   26.415339213    7.516958537
    2.189594880    1.047197551   84.541636482    2.905159582    3.205011669
    2.379994435    1.047197551   82.714847897  -22.011228667   -0.217891364
    2.570393989    1.047197551   76.349755042  -44.066089861   -2.707883829
    2.760793544    1.047197551   66.366451124  -59.466648215   -4.247490383
    2.951193099    1.047197551   54.317070351  -65.454581840   -4.849132708

   -3.141592654    1.396263402   37.522300670  -60.218140104  -10.275500535
   -2.951193099    1.396263402   27.283469678  -46.476259031   -9.007634921
   -2.760793544    1.396263402   20.027554087  -29.775716693   -7.235011580
   -2.570393989    1.396263402   15.783885974  -15.703447078   -5.290554789
   -2.379994435    1.396263402   13.614209441   -8.433203822   -3.414027688
   -2.189594880    1.396263402   12.077627366   -8.842467523   -1.715214235
   -1.999195325    1.396263402    9.950290348  -13.827430458   -0.232040166
   -1.808795770    1.396263402    6.879316073  -17.747812244    0.971365409
   -1.618396215    1.396263402    3.599116907  -15.348592459    1.760739601
   -1.427996661    1.396263402    1.575094352   -4.597856807    1.998006031
   -1.237597106    1.396263402    2.242879676   12.217317845    1.679088783
   -1.047197551    1.396263402    6.286566661   29.839341357    1.035268411
   -0.856797996    1.396263402   13.322205949   42.832530692    0.516480616
   -0.666398442    1.396263402   22.101806288   47.823894520    0.670653637
   -0.475998887    1.396263402   31.010833362   44.305144974    1.956835825
   -0.285599332    1.396263402   38.569661800   34.099097692    4.592713686
   -0.095199777    1.396263402   43.786598882   20.293882758    8.474493623
    0.095199777    1.396263402   46.315593933    6.505880926   13.158829570
    0.285599332    1.396263402   46.502381056   -3.786287068   17.921057773
    0.475998887    1.396263402   45.293844884   -7.797949082   21.890257187
    0.666398442    1.396263402   44.038021681   -4.213105990   24.268694552
    0.856797996    1.396263402   44.151013370    6.188610192   24.540751798
    1.047197551    1.396263402   46.686253547   20.670283585   22.652142739
    1.237597106    1.396263402   52.021245377   34.850728069   19.001536354
    1.427996661    1.396263402   59.655849526   44.129897053   14.297233625
    1.618396215    1.396263402   68.302753251   45.065254452    9.280522651
    1.808795770    1.396263402   76.210565224   36.366371717    4.506143890
    1.999195325    1.396263402   81.612691119   19.131305840    0.256225470
    2.189594880    1.396263402   83.148095910   -3.629104080   -3.389676041
    2.379994435    1.396263402   80.154032660  -27.700423660   -6.410760312
    2.570393989    1.396263402   72.810321707  -48.578012181   -8.733425719
    2.760793544    1.396263402   62.116870457  -62.324258637  -10.217747475
    2.951193099    1.396263402   49.710122918  -66.299591767  -10.734373324

   -3.141592654    1.745329252   31.458245910  -58.573129420  -16.498245868
   -2.951193099    1.745329252   21.702827642  -43.141209480  -15.438397305
   -2.760793544    1.745329252   15.186565458  -25.473963703  -13.563406867
   -2.570393989    1.745329252   11.794638245  -11.169430818  -11.144163321
   -2.379994435    1.745329252   10.466892368   -4.190507442   -8.410204439
   -2.189594880    1.745329252    9.685663390   -5.191956912   -5.497054077
   -1.999195325    1.745329252    8.179332918  -11.001001471   -2.504571590
   -1.808795770    1.745329252    5.544732491  -16.054108267    0.391893899
   -1.618396215    1.745329252    2.454471975  -15.093926018    2.895486064
   -1.427996661    1.745329252    0.337332616   -5.801552389    4.687685924
   -1.237597106    1.745329252    0.677388681   10.110751841    5.626235847
   -1.047197551    1.745329252    4.322856300   27.974099095    5.889335588
   -0.856797996    1.745329252   11.137454706   42.596157709    5.948792953
   -0.666398442    1.745329252   20.120233078   50.328635932    6.382900303
   -0.475998887    1.745329252   29.806927254   49.961690817    7.625556660
   -0.285599332    1.745329252   38.713113738   42.446328094    9.787207325
   -0.095199777    1.745329252   45.681206614   30.082161693   12.598277366
    0.095199777    1.745329252   50.073823812   15.975010659   15.468116878
    0.285599332    1.745329252   51.885316419    3.510108583   17.636965550
    0.475998887    1.745329252   51.736549913   -4.145882060   18.409011282
    0.666398442    1.745329252   50.766422160   -4.889925474   17.402553811
    0.856797996    1.745329252   50.355740520    1.512520950   14.682964834
    1.047197551    1.745329252   51.709419353   13.177051965   10.761477067
    1.237597106    1.745329252   55.476172487   26.132190519    6.367387024
    1.427996661    1.745329252   61.448860660   35.573112213    2.184205056
    1.618396215    1.745329252   68.549074618   37.438411022   -1.401379314
    1.808795770    1.745329252   75.104984293   29.757252051   -4.361850778
    1.999195325    1.745329252   79.321938453   13.229853097   -6.916796949
    2.189594880    1.745329252   79.775692968   -9.109865712   -9.323273341
    2.379994435    1.745329252   75.778548609  -32.704262267  -11.685977641
    2.570393989    1.745329252   67.559919405  -52.656124546  -13.881965672
    2.760793544    1.745329252   56.227942924  -64.835077881  -15.615326077
    2.951193099    1.745329252   43.531833731  -66.765988487  -16.556207734

   -3.141592654    2.094395102   24.510407840  -58.165536619  -18.634163906
   -2.951193099    2.094395102   15.011988185  -40.893313429  -17.627654309
   -2.760793544    2.094395102    9.072900930  -21.745695923  -15.714515938
   -2.570393989    2.094395102    6.493956166   -6.443856793  -13.102545059
   -2.379994435    2.094395102    6.128929333    1.139786925   -9.987214621
   -2.189594880    2.094395102    6.398722045    0.473747001   -6.482069137
   -1.999195325    2.094395102    5.981858585   -5.286365569   -2.669060190
   -1.808795770    2.094395102    4.405525551  -10.751719849    1.276141276
   -1.618396215    2.094395102    2.240405581  -10.779266462    5.009828273
   -1.427996661    2.094395102    0.816621825   -2.871919293    8.105808130
   -1.237597106    2.094395102    1.587625516   11.767290217   10.267752401
   -1.047197551    2.094395102    5.479340799   29.044861812   11.509708915
   -0.856797996    2.094395102   12.519099323   44.042806858   12.161641469
   -0.666398442    2.094395102   21.877135668   52.904568498   12.685151188
   -0.475998887    2.094395102   32.180575451   53.824578868   13.419776204
   -0.285599332    2.094395102   41.905623492   47.029634019   14.408207750
   -0.095199777    2.094395102   49.725970994   34.225752524   15.353234364
    0.095199777    2.094395102   54.752738210   18.251434538   15.717978169
    0.285599332    2.094395102   56.721045336    2.716671013   14.916612993
    0.475998887    2.094395102   56.082003469   -8.499349267   12.576453527
    0.666398442    2.094395102   53.975684485  -12.295172892    8.753167880
    0.856797996    2.094395102   51.971475473   -7.512141937    3.969249558
    1.047197551    2.094395102   51.596881124    4.342772751   -0.936543276
    1.237597106    2.094395102   53.825624957   19.001834371   -5.158161309
    1.427996661    2.094395102   58.662262397   30.793020622   -8.210994852
    1.618396215    2.094395102   65.056361794   34.679501848  -10.093143301
    1.808795770    2.094395102   71.204025601   28.042108079  -11.198829743
    1.999195325    2.094395102   75.105709836   11.478122806  -12.076786533
    2.189594880    2.094395102   75.162867563  -11.580304509  -13.163629660
    2.379994435    2.094395102   70.617267295  -35.938622814  -14.611192503
    2.570393989    2.094395102   61.748210236  -56.119252549  -16.260922607
    2.760793544    2.094395102   49.800799718  -67.677659153  -17.743161243
    2.951193099    2.094395102   36.685984782  -68.208725252  -18.636876646

   -3.141592654    2.443460953   18.248451178  -57.895237057  -12.981759836
   -2.951193099    2.443460953    8.948988405  -39.094872605  -11.612375836
   -2.760793544    2.443460953    3.487664479  -18.579331712   -9.570381604
   -2.570393989    2.443460953    1.621416426   -2.175942764   -7.004462201
   -2.379994435    2.443460953    2.158312110    6.320949646   -4.027997337
   -2.189594880    2.443460953    3.495710788    6.493587696   -0.648999639
   -1.999195325    2.443460953    4.297594289    1.455940787    3.169063009
   -1.808795770    2.443460953    4.047738896   -3.655339151    7.352245162
   -1.618396215    2.443460953    3.218179146   -3.975089701   11.594312160
   -1.427996661    2.443460953    3.006231442    2.948476187   15.402629924
   -1.237597106    2.443460953    4.758353932   16.220541269   18.301812451
   -1.047197551    2.443460953    9.373052428   32.234152854   20.052052588
   -0.856797996    2.443460953   16.933129826   46.396333258   20.721792066
   -0.666398442    2.443460953   26.693801985   54.817602497   20.563333826
   -0.475998887    2.443460953   37.326430700   55.330400104   19.807577313
   -0.285599332    2.443460953   47.267111013   47.670502808   18.512650383
   -0.095199777    2.443460953   55.063253078   33.181576057   16.523293561
    0.095199777    2.443460953   59.660639553   14.655032490   13.568064249
    0.285599332    2.443460953   60.661078971   -3.878065513    9.434743863
    0.475998887    2.443460953   58.501401227  -17.738742690    4.191233687
    0.666398442    2.443460953   54.476826335  -22.926219164   -1.684624895
    0.856797996    2.443460953   50.458777744  -17.694865400   -7.371081330
    1.047197551    2.443460953   48.330232310   -3.651641710  -11.957530464
    1.237597106    2.443460953   49.332844052   14.199950519  -14.823414104
    1.427996661    2.443460953   53.560586039   29.102296589  -15.863289463
    1.618396215    2.443460953   59.853896635   35.099359257  -15.497487092
    1.808795770    2.443460953   66.170984584   29.174379343  -14.444131833
    1.999195325    2.443460953   70.254895727   12.103072897  -13.408049597
    2.189594880    2.443460953   70.325335780  -12.108392025  -12.838531874
    2.379994435    2.443460953   65.565116945  -37.600028044  -12.837651418
    2.570393989    2.443460953   56.310921648  -58.375744001  -13.210200941
    2.760793544    2.443460953   43.939011158  -69.738190742  -13.594703839
    2.951193099    2.443460953   30.510187214  -69.343175900  -13.609136070

   -3.141592654    2.792526803   15.161293187  -56.568606054    1.058973075
   -2.951193099    2.792526803    6.195505638  -36.931111607    3.165958027
   -2.760793544    2.792526803    1.225373767  -15.604755146    5.157442230
   -2.570393989    2.792526803    0.000000000    1.574484169    6.971845803
   -2.379994435    2.792526803    1.330408385   10.927061544    8.721655012
   -2.189594880    2.792526803    3.641224551   12.138820637   10.693978207
   -1.999195325    2.792526803    5.626191255    8.224893901   13.207276859
   -1.808795770    2.792526803    6.754118245    3.956978441   16.387923470
   -1.618396215    2.792526803    7.399437969    3.749251546   20.003328735
   -1.427996661    2.792526803    8.591198527    9.803749747   23.491690475
   -1.237597106    2.792526803   11.496545188   21.366367158   26.181769845
   -1.047197551    2.792526803   16.891831196   35.260270304   27.566654158
   -0.856797996    2.792526803   24.823888494   47.299266527   27.460565582
   -0.666398442    2.792526803   34.568199597   53.764433391   25.953457619
   -0.475998887    2.792526803   44.821587656   52.396125182   23.260281311
   -0.285599332    2.792526803   54.015596640   42.726386886   19.582847261
   -0.095199777    2.792526803   60.661054051   26.011398105   15.041164851
    0.095199777    2.792526803   63.674714363    5.210255267    9.724394148
    0.285599332    2.792526803   62.690534219  -15.155305708    3.798184104
    0.475998887    2.792526803   58.291112710  -29.748819995   -2.360815585
    0.666398442    2.792526803   52.036857300  -34.035901492   -8.134043410
    0.856797996    2.792526803   46.125591822  -26.199227814  -12.780496610
    1.047197551    2.792526803   42.721477140   -8.425496327  -15.685807485
    1.237597106    2.792526803   43.188515900   13.286031610  -16.634888026
    1.427996661    2.792526803   47.545773070   31.173497537  -15.888433517
    1.618396215    2.792526803   54.403270372   38.708085317  -14.052866083
    1.808795770    2.792526803   61.437139586   32.896744375  -11.806200122
    1.999195325    2.792526803   66.159524152   14.986812558   -9.647568792
    2.189594880    2.792526803   66.667703270  -10.394486619   -7.781752661
    2.379994435    2.792526803   62.132190128  -36.885037743   -6.157754560
    2.570393989    2.792526803   52.953411904  -58.207613350   -4.592542996
    2.760793544    2.792526803   40.604305097  -69.581694348   -2.906354537
    2.951193099    2.792526803   27.241843956  -68.749105973   -1.009533104
