#! FIELDS phi psi file.free der_phi der_psi
#! SET min_phi -pi
#! SET max_phi pi
#! SET nbins_phi  33
#! SET periodic_phi true
#! SET min_psi -pi
#! SET max_psi pi
#! SET nbins_psi  18
#! SET periodic_psi true
   -3.141592654   -3.141592654   18.015869317  -53.675185816   16.646311958
   -2.951193099   -3.141592654    9.544201972  -34.689590615   19.037758019
   -2.760793544   -3.141592654    4.929156661  -14.116354111   20.549119898
   -2.570393989   -3.141592654    3.931505354    2.541939801   21.344349228
   -2.379994435   -3.141592654    5.442939493   11.986342263   21.848071635
   -2.189594880   -3.141592654    8.030383684   14.120173827   22.628469639
   -1.999195325   -3.141592654   10.539237312   11.825896198   24.164971069
   -1.808795770   -3.141592654   12.525966318    9.343347655   26.596113883
   -1.618396215   -3.141592654   14.327062287   10.348361570   29.581386396
   -1.427996661   -3.141592654   16.799439656   16.428144496   32.385936649
   -1.237597106   -3.141592654   20.856621974   26.616681368   34.159196851
   -1.047197551   -3.141592654   27.024154854   37.968218705   34.256536895
   -0.856797996   -3.141592654   35.170182620   46.770387884   32.439889509
   -0.666398442   -3.141592654   44.486000272   49.793270981   28.854318055
   -0.475998887   -3.141592654   53.666652063   45.158657307   23.883834979
   -0.285599332   -3.141592654   61.204075401   32.659855963   17.983427459
   -0.095199777   -3.141592654   65.715544605   13.803927238   11.563100014
    0.095199777   -3.141592654   66.276755479   -8.152493963    4.981610036
    0.285599332   -3.141592654   62.741654939  -28.338218507   -1.403590777
    0.475998887   -3.141592654   55.973869971  -41.173281220   -7.152929165
    0.666398442   -3.141592654   47.834457521  -42.189509160  -11.748453790
    0.856797996   -3.141592654   40.765256851  -30.101208582  -14.700593140
    1.047197551   -3.141592654   37.033760911   -8.030527059  -15.743556480
    1.237597106   -3.141592654   37.918335579   17.068669878  -14.995220778
    1.427996661   -3.141592654   43.200998563   36.854308751  -12.922769320
    1.618396215   -3.141592654   51.199538475   44.807373259  -10.131232701
    1.808795770   -3.141592654   59.349504982   38.417917116   -7.101095364
    1.999195325   -3.141592654   65.035283723   19.579353592   -4.038002427
    2.189594880   -3.141592654   66.339015750   -6.575723917   -0.898946121
    2.379994435   -3.141592654   62.485383882  -33.474263168    2.450776452
    2.570393989   -3.141592654   53.944092455  -54.887287387    6.068626470
    2.760793544   -3.141592654   42.231043896  -66.229208987    9.838531321
    2.951193099   -3.141592654   29.503430812  -65.487283618   13.482434845

   -3.141592654   -2.792526803   25.398769458  -49.328327145   24.947766121
   -2.951193099   -2.792526803   17.569200075  -32.311231133   27.098213144
   -2.760793544   -2.792526803   13.234307121  -13.472087492   28.002627731
   -2.570393989   -2.792526803   12.249743777    2.192757754   27.982295370
   -2.379994435   -2.792526803   13.684849961   11.725904643   27.621228306
   -2.189594880   -2.792526803   16.319918191   15.040310122   27.580679476
   -1.999195325   -2.792526803   19.174776272   14.594962260   28.342474556
   -1.808795770   -2.792526803   21.862896640   13.848870437   29.975871703
   -1.618396215   -2.792526803   24.614942997   15.608575794   32.048863250
   -1.427996661   -2.792526803   28.037009293   20.864441109   33.752100116
   -1.237597106   -2.792526803   32.726342896   28.580413259   34.201436751
   -1.047197551   -2.792526803   38.931875223   36.282071104   32.768033688
   -0.856797996   -2.792526803   46.369223911   41.021447149   29.288965276
   -0.666398442   -2.792526803   54.226356372   40.344089155   24.051402139
   -0.475998887   -2.792526803   61.325558248   32.945218351   17.636799731
   -0.285599332   -2.792526803   66.370024711   18.911837619   10.716193611
   -0.095199777   -2.792526803   68.220320886   -0.181840377    3.882659176
    0.095199777   -2.792526803   66.192741655  -21.165042969   -2.405501440
    0.285599332   -2.792526803   60.358408055  -39.302383257   -7.803604511
    0.475998887   -2.792526803   51.770688383  -49.189961620  -12.009838849
    0.666398442   -2.792526803   42.438436650  -46.621705516  -14.751074989
    0.856797996   -2.792526803   34.884548427  -30.761974151  -15.832343530
    1.047197551   -2.792526803   31.355449176   -5.348577384  -15.255492972
    1.237597106   -2.792526803   32.993088230   22.114453839  -13.294415382
    1.427996661   -2.792526803   39.366172386   43.082870473  -10.425616163
    1.618396215   -2.792526803   48.584225789   51.283659802   -7.126098766
    1.808795770   -2.792526803   57.954503579   44.750449573   -3.680343255
    1.999195325   -2.792526803   64.839239886   25.891427026   -0.107939103
    2.189594880   -2.792526803   67.370196361    0.052115159    3.742266967
    2.379994435   -2.792526803   64.825296386  -26.357022648    8.002680050
    2.570393989   -2.792526803   57.672859792  -47.491119684   12.621946682
    2.760793544   -2.792526803   47.351649070  -59.134339843   17.302960366
    2.951193099   -2.792526803   35.887926488  -59.446316275   21.574990095

   -3.141592654   -2.443460953   33.940244268  -44.778730768   22.641473054
   -2.951193099   -2.443460953   26.762855906  -30.019564160   24.321658776
   -2.760793544   -2.443460953   22.668325465  -13.143373981   24.961505326
   -2.570393989   -2.443460953   21.620589647    1.368496085   24.878180135
   -2.379994435   -2.443460953   22.873709623   10.819481327   24.553020549
   -2.189594880   -2.443460953   25.406474736   14.997745314   24.458723882
   -1.999195325   -2.443460953   28.373967780   15.828924033   24.866495039
   -1.808795770   -2.443460953   31.395466871   15.990738332   25.694823950
   -1.618396215   -2.443460953   34.558444066   17.559314975   26.490317976
   -1.427996661   -2.443460953   38.218067213   21.174252945   26.568069784
   -1.237597106   -2.443460953   42.705494977   25.993469283   25.280875648
   -1.047197551   -2.443460953   48.087889724   30.211320585   22.282792743
   -0.856797996   -2.443460953   54.050783865   31.727724821   17.673524619
   -0.666398442   -2.443460953   59.904878007   28.814484393   11.934095924
   -0.475998887   -2.443460953   64.703413719   20.563456299    5.742468732
   -0.285599332   -2.443460953   67.419982530    7.064953855   -0.240325001
   -0.095199777   -2.443460953   67.155473689  -10.393386810   -5.526614014
    0.095199777   -2.443460953   63.395728640  -29.065972846   -9.841370760
    0.285599332   -2.443460953   56.300927598  -44.609910341  -13.074173489
    0.475998887   -2.443460953   46.951814646  -51.888696638  -15.188298458
    0.666398442   -2.443460953   37.343881473  -46.844779289  -16.166065135
    0.856797996   -2.443460953   29.961091102  -28.791260663  -15.997931258
    1.047197551   -2.443460953   26.978217457   -1.660534565  -14.743426323
    1.237597106   -2.443460953   29.430499569   26.878586837  -12.584172472
    1.427996661   -2.443460953   36.762729400   48.311559367   -9.806356633
    1.618396215   -2.443460953   46.989151420   56.621148586   -6.688227548
    1.808795770   -2.443460953   57.385563827   50.226301262   -3.392555020
    1.999195325   -2.443460953   65.351074278   31.827859947    0.074926526
    2.189594880   -2.443460953   69.085466346    6.789148307    3.801285930
    2.379994435   -2.443460953   67.907809683  -18.763542683    7.834331503
    2.570393989   -2.443460953   62.255951625  -39.431145901   12.069902647
    2.760793544   -2.443460953   53.455088154  -51.382951762   16.217136894
    2.951193099   -2.443460953   43.365527770  -52.924794322   19.869265084

   -3.141592654   -2.094395102   40.071586530  -41.402351232   13.880287049
   -2.951193099   -2.094395102   33.397256572  -28.101904187   15.020771796
   -2.760793544   -2.094395102   29.548443422  -12.411196381   15.602364430
   -2.570393989   -2.094395102   28.567344700    1.436551122   15.795230668
   -2.379994435   -2.094395102   29.816415154   10.794675990   15.790089284
   -2.189594880   -2.094395102   32.367582358   15.248093857   15.704472876
   -1.999195325   -2.094395102   35.407717611   16.288097001   15.516141543
   -1.808795770   -2.094395102   38.493598004   16.075038462   15.039732114
   -1.618396215   -2.094395102   41.561393137   16.303102275   13.982512703
   -1.427996661   -2.094395102   44.774241438   17.604405407   12.056399311
   -1.237597106   -2.094395102   48.313360514   19.577240294    9.120231164
   -1.047197551   -2.094395102   52.213183249   21.173875613    5.269617380
   -0.856797996   -2.094395102   56.278298253   21.051249935    0.842564889
   -0.666398442   -2.094395102   60.054907881   17.922781075   -3.690322973
   -0.475998887   -2.094395102   62.871762788   10.855172702   -7.864303328
   -0.285599332   -2.094395102   63.932975684   -0.494477483  -11.337119257
   -0.095199777   -2.094395102   62.466528537  -15.447963124  -13.951331277
    0.095199777   -2.094395102   57.971230177  -31.796137288  -15.723660489
    0.285599332   -2.094395102   50.538965575  -45.504242365  -16.778162967
    0.475998887   -2.094395102   41.152431305  -51.458445741  -17.258051826
    0.666398442   -2.094395102   31.724481394  -45.415277350  -17.250087566
    0.856797996   -2.094395102   24.697485624  -26.480633405  -16.737867257
    1.047197551   -2.094395102   22.235087261    1.504166213  -15.644371765
    1.237597106   -2.094395102   25.365654478   30.819155361  -13.912418007
    1.427996661   -2.094395102   33.510284831   52.869313281  -11.585898713
    1.618396215   -2.094395102   44.649047820   61.615554032   -8.800422624
    1.808795770   -2.094395102   56.029394163   55.551654462   -5.734276817
    1.999195325   -2.094395102   65.040996330   37.487736381   -2.538374235
    2.189594880   -2.094395102   69.888507765   12.810429778    0.691195765
    2.379994435   -2.094395102   69.886962069  -12.468222786    3.885207112
    2.570393989   -2.094395102   65.438841740  -33.155571490    6.952325519
    2.760793544   -2.094395102   57.794694548  -45.603834148    9.750513110
    2.951193099   -2.094395102   48.717336331  -48.160593726   12.107618913

   -3.141592654   -1.745329252   42.845256319  -39.405047128    4.950772821
   -2.951193099   -1.745329252   36.481824141  -26.835182052    5.513690315
   -2.760793544   -1.745329252   32.809997083  -11.806777787    5.913633250
   -2.570393989   -1.745329252   31.888517991    1.471239529    6.144350642
   -2.379994435   -1.745329252   33.092254935   10.272324587    6.120325595
   -2.189594880   -1.745329252   35.480227292   14.013283477    5.674900443
   -1.999195325   -1.745329252   38.191362457   13.999894732    4.608116020
   -1.808795770   -1.745329252   40.708009079   12.324559225    2.760937927
   -1.618396215   -1.745329252   42.898544718   10.820817308    0.098576187
   -1.427996661   -1.745329252   44.906616676   10.488259964   -3.246612787
   -1.237597106   -1.745329252   46.976431902   11.394942076   -6.975617720
   -1.047197551   -1.745329252   49.289513029   12.877128275  -10.683578770
   -0.856797996   -1.745329252   51.850383771   13.724525931  -13.946380744
   -0.666398442   -1.745329252   54.398366067   12.462924277  -16.431371184
   -0.475998887   -1.745329252   56.393844827    7.726598601  -17.968374619
   -0.285599332   -1.745329252   57.079829281   -1.353768218  -18.577471447
   -0.095199777   -1.745329252   55.628528237  -14.542021503  -18.449007697
    0.095199777   -1.745329252   51.414916024  -29.871531847  -17.884533777
    0.285599332   -1.745329252   44.383939044  -43.318428791  -17.203270611
    0.475998887   -1.745329252   35.393553674  -49.541180043  -16.643676720
    0.666398442   -1.745329252   26.290966526  -43.901760897  -16.281041144
    0.856797996   -1.745329252   19.531219441  -25.118935075  -15.978485781
    1.047197551   -1.745329252   17.350598783    3.188549085  -15.452792812
    1.237597106   -1.745329252   20.868585041   33.249839537  -14.402810415
    1.427996661   -1.745329252   29.565108592   56.229311566  -12.674936635
    1.618396215   -1.745329252   41.425475916   65.782228513  -10.326686629
    1.808795770   -1.745329252   53.652015161   60.200899386   -7.600389048
    1.999195325   -1.745329252   63.566930242   42.261661057   -4.812377039
    2.189594880   -1.745329252   69.313268340   17.432351832   -2.233716209
    2.379994435   -1.745329252   70.163746513   -8.168958644   -0.026758065
    2.570393989   -1.745329252   66.495415391  -29.284192400    1.756559421
    2.760793544   -1.745329252   59.540149342  -42.259864527    3.140024205
    2.951193099   -1.745329252   51.041433992  -45.447192453    4.181790604

   -3.141592654   -1.396263402   41.432316870  -39.969674712    2.398895506
   -2.951193099   -1.396263402   34.988760072  -27.088879030    2.353181209
   -2.760793544   -1.396263402   31.306855032  -11.676591842    2.180008994
   -2.570393989   -1.396263402   30.432915676    1.779177286    1.819622576
   -2.379994435   -1.396263402   31.674588591   10.255188632    1.098997451
   -2.189594880   -1.396263402   33.973645279   12.973043118   -0.238443410
   -1.999195325   -1.396263402   36.333882507   11.259012318   -2.433346303
   -1.808795770   -1.396263402   38.134428744    7.529356667   -5.569786294
   -1.618396215   -1.396263402   39.227348186    4.175418919   -9.464262121
   -1.427996661   -1.396263402   39.855901930    2.827974515  -13.662173276
   -1.237597106   -1.396263402   40.470977673    4.007778154  -17.550579253
   -1.047197551   -1.396263402   41.513434275    7.135643149  -20.541655417
   -0.856797996   -1.396263402   43.225195924   10.671481809  -22.233438554
   -0.666398442   -1.396263402   45.486367598   12.506921570  -22.505166635
   -0.475998887   -1.396263402   47.765073460   10.544990359  -21.509693208
   -0.285599332   -1.396263402   49.182287864    3.317198725  -19.610251144
   -0.095199777   -1.396263402   48.698561369   -9.272262173  -17.284191364
    0.095199777   -1.396263402   45.443604595  -25.266088850  -15.012032490
    0.285599332   -1.396263402   39.145211119  -40.345509540  -13.167843741
    0.475998887   -1.396263402   30.528102309  -48.604879372  -11.938021391
    0.666398442   -1.396263402   21.430014960  -44.679332798  -11.288103068
    0.856797996   -1.396263402   14.432423333  -26.648070314  -10.972242393
    1.047197551   -1.396263402   11.989806417    2.168616910  -10.641919920
    1.237597106   -1.396263402   15.449663605   33.772338707   -9.966999429
    1.427996661   -1.396263402   24.431881176   58.695067631   -8.775905791
    1.618396215   -1.396263402   36.924652878   69.832519449   -7.093200653
    1.808795770   -1.396263402   50.005608539   64.942578981   -5.107677450
    1.999195325   -1.396263402   60.808538000   46.683216117   -3.081474431
    2.189594880   -1.396263402   67.303639917   20.778837539   -1.252976281
    2.379994435   -1.396263402   68.661051941   -6.209368792    0.221516399
    2.570393989   -1.396263402   65.240539849  -28.593079461    1.281213933
    2.760793544   -1.396263402   58.325358932  -42.451854634    1.947352761
    2.951193099   -1.396263402   49.744441063  -46.038993219    2.289837871

   -3.141592654   -1.047197551   38.981585595  -41.434055509    3.664012216
   -2.951193099   -1.047197551   32.295073184  -28.170421583    2.349957135
   -2.760793544   -1.047197551   28.439752296  -12.461046672    0.790007571
   -2.570393989   -1.047197551   27.414683611    0.879387529   -0.940026876
   -2.379994435   -1.047197551   28.423422851    8.587544643   -2.902096119
   -2.189594880   -1.047197551   30.277052473    9.863393580   -5.297699177
   -1.999195325   -1.047197551   31.874695528    6.340337646   -8.348374318
   -1.808795770   -1.047197551   32.579468938    1.037504726  -12.100050004
   -1.618396215   -1.047197551   32.354458143   -2.973766035  -16.271373954
   -1.427996661   -1.047197551   31.667172943   -3.600617700  -20.265178214
   -1.237597106   -1.047197551   31.239741976   -0.307587542  -23.353735123
   -1.047197551   -1.047197551   31.741275956    5.872735185  -24.941705578
   -0.856797996   -1.047197551   33.527736591   12.686932120  -24.765320964
   -0.666398442   -1.047197551   36.450857620   17.304777007  -22.957460131
   -0.475998887   -1.047197551   39.829518586   17.099844265  -19.970317978
   -0.285599332   -1.047197551   42.561543367   10.353127995  -16.430685174
   -0.095199777   -1.047197551   43.364787290   -2.981308511  -12.964772310
    0.095199777   -1.047197551   41.160032786  -20.644619360  -10.041383742
    0.285599332   -1.047197551   35.542806649  -37.837373835   -7.873201393
    0.475998887   -1.047197551   27.207885660  -48.089842695   -6.413513560
    0.666398442   -1.047197551   18.066498978  -45.515441088   -5.444603086
    0.856797996   -1.047197551   10.856266460  -27.894658767   -4.683859611
    1.047197551   -1.047197551    8.215077485    1.459462620   -3.905682166
    1.237597106   -1.047197551   11.645407536   34.223443427   -2.971467158
    1.427996661   -1.047197551   20.839505573   60.433796661   -1.849003543
    1.618396215   -1.047197551   33.760568402   72.488362433   -0.570213748
    1.808795770   -1.047197551   47.382509275   67.836347483    0.794321999
    1.999195325   -1.047197551   58.701858267   49.100400974    2.149653861
    2.189594880   -1.047197551   65.568866926   22.206392024    3.380308470
    2.379994435   -1.047197551   67.086537608   -5.957642316    4.354843255
    2.570393989   -1.047197551   63.611288649  -29.371379880    4.940582401
    2.760793544   -1.047197551   56.477592396  -43.893998961    5.035576914
    2.951193099   -1.047197551   47.595168699  -47.687114914    4.596728640

   -3.141592654   -0.698131701   38.709152962  -45.311548623    3.903088028
   -2.951193099   -0.698131701   31.243980278  -32.399306830    1.753937210
   -2.760793544   -0.698131701   26.580451650  -16.678961091   -0.670150243
   -2.570393989   -0.698131701   24.762147688   -3.250023223   -3.235073329
   -2.379994435   -0.698131701   24.973356007    4.270758663   -5.941215577
   -2.189594880   -0.698131701   25.951584737    4.913769541   -8.930537228
   -1.999195325   -0.698131701   26.524472602    0.528617707  -12.351477130
   -1.808795770   -0.698131701   26.062893855   -5.282620738  -16.137606943
   -1.618396215   -0.698131701   24.661543359   -8.796182188  -19.862406004
   -1.427996661   -0.698131701   23.019060859   -7.587288815  -22.808318958
   -1.237597106   -0.698131701   22.100081462   -1.339511864  -24.244718266
   -1.047197551   -0.698131701   22.726789293    8.224866545  -23.751211756
   -0.856797996   -0.698131701   25.257306629   18.013995247  -21.403481068
   -0.666398442   -0.698131701   29.395567215   24.517373738  -17.730237978
   -0.475998887   -0.698131701   34.214224973   24.763093006  -13.499401337
   -0.285599332   -0.698131701   38.336642871   17.082359238   -9.458512768
   -0.095199777   -0.698131701   40.251080907    1.843024137   -6.106666755
    0.095199777   -0.698131701   38.753030016  -18.039438477   -3.571521666
    0.285599332   -0.698131701   33.445597093  -37.074152679   -1.635216102
    0.475998887   -0.698131701   25.147935341  -48.306216791    0.085711608
    0.666398442   -0.698131701   15.952684336  -45.721048336    1.888068366
    0.856797996   -0.698131701    8.767397820  -27.360809343    3.816554249
    1.047197551   -0.698131701    6.326236442    3.025716771    5.648859535
    1.237597106   -0.698131701   10.145046257   36.675807481    7.084321747
    1.427996661   -0.698131701   19.861341860   63.384226473    7.931857081
    1.618396215   -0.698131701   33.357743607   75.508617280    8.222924117
    1.808795770   -0.698131701   47.533261698   70.577828831    8.164905567
    1.999195325   -0.698131701   59.326989262   51.303053044    7.998282613
    2.189594880   -0.698131701   66.544042231   23.646349137    7.859002042
    2.379994435   -0.698131701   68.245482236   -5.503545064    7.721152145
    2.570393989   -0.698131701   64.747572609  -30.086810522    7.426015654
    2.760793544   -0.698131701   57.358770458  -45.857302079    6.772289910
    2.951193099   -0.698131701   47.992032145  -50.770616715    5.607871790

   -3.141592654   -0.349065850   39.633450459  -49.897880054    3.589374059
   -2.951193099   -0.349065850   31.234425966  -37.538676911    0.647547221
   -2.760793544   -0.349065850   25.572625687  -21.959571853   -2.506588137
   -2.570393989   -0.349065850   22.753727669   -8.469249687   -5.660974656
   -2.379994435   -0.349065850   21.969052470   -1.013051099   -8.747386332
   -2.189594880   -0.349065850   21.911151335   -0.728850209  -11.851473539
   -1.999195325   -0.349065850   21.366718405   -5.528630986  -15.058171542
   -1.808795770   -0.349065850   19.751651385  -11.181643338  -18.217756912
   -1.618396215   -0.349065850   17.335507948  -13.310625160  -20.823612285
   -1.427996661   -0.349065850   15.079990023   -9.291750880  -22.143973401
   -1.237597106   -0.349065850   14.183322294    0.681306485  -21.575564782
   -1.047197551   -0.349065850   15.549191821   13.855417057  -18.990514934
   -0.856797996   -0.349065850   19.409801319   26.088712786  -14.865966560
   -0.666398442   -0.349065850   25.178841944   33.258656715  -10.098348348
   -0.475998887   -0.349065850   31.583442643   32.421585131   -5.646852081
   -0.285599332   -0.349065850   36.964598089   22.522766838   -2.184271183
   -0.095199777   -0.349065850   39.681608192    4.879587016    0.123283483
    0.095199777   -0.349065850   38.586335459  -16.659756301    1.626028008
    0.285599332   -0.349065850   33.484653031  -36.065594264    2.992460057
    0.475998887   -0.349065850   25.442820903  -46.482082478    4.855125120
    0.666398442   -0.349065850   16.721032035  -42.573513393    7.463812890
    0.856797996   -0.349065850   10.238202332  -23.284001615   10.538951009
    1.047197551   -0.349065850    8.587615436    7.060269960   13.404628480
    1.237597106   -0.349065850   13.090215635   39.684681033   15.372611928
    1.427996661   -0.349065850   23.238854886   64.889047440   16.076042558
    1.618396215   -0.349065850   36.887036832   75.667379887   15.610487234
    1.808795770   -0.349065850   51.006969474   69.940542298   14.411439976
    1.999195325   -0.349065850   62.647752355   50.407694214   12.988654325
    2.189594880   -0.349065850   69.690588007   22.721568349   11.680481433
    2.379994435   -0.349065850   71.204058524   -6.603748712   10.548347472
    2.570393989   -0.349065850   67.451177509  -31.735635716    9.415286379
    2.760793544   -0.349065850   59.665409926  -48.432144855    8.002633837
    2.951193099   -0.349065850   49.705825665  -54.422400301    6.081043011

   -3.141592654    0.000000000   40.662269172  -54.939392156    1.976646799
   -2.951193099    0.000000000   31.249777695  -43.055432633   -0.802528479
   -2.760793544    0.000000000   24.525124212  -27.534050033   -3.582201156
   -2.570393989    0.000000000   20.661607735  -13.841063938   -6.232905241
   -2.379994435    0.000000000   18.874206475   -6.188963414   -8.755563390
   -2.189594880    0.000000000   17.839274000   -5.821328907  -11.249882707
   -1.999195325    0.000000000   16.341192141  -10.381652327  -13.744703382
   -1.808795770    0.000000000   13.877630523  -15.066333329  -15.998579772
   -1.618396215    0.000000000   10.907593293  -15.022718419  -17.450770722
   -1.427996661    0.000000000    8.625808876   -7.712082198  -17.427822249
   -1.237597106    0.000000000    8.377115630    5.872526151  -15.526866112
   -1.047197551    0.000000000   11.016522158   21.801580131  -11.917469561
   -0.856797996    0.000000000   16.514744976   34.999921155   -7.361700238
   -0.666398442    0.000000000   23.909724455   41.116119749   -2.892061970
   -0.475998887    0.000000000   31.587073226   37.764631384    0.627938898
   -0.285599332    0.000000000   37.707737785   24.980610832    2.849125798
   -0.095199777    0.000000000   40.674064828    5.253199044    4.057197056
    0.095199777    0.000000000   39.576703482  -16.752989643    5.016382273
    0.285599332    0.000000000   34.553531240  -34.896204953    6.617118429
    0.475998887    0.000000000   26.947237125  -43.001591296    9.431258351
    0.666398442    0.000000000   19.107137097  -36.934956529   13.390154620
    0.856797996    0.000000000   13.808513664  -16.790390670   17.753334223
    1.047197551    0.000000000   13.335274104   12.633758412   21.421011665
    1.237597106    0.000000000   18.693320489   42.933150635   23.461430278
    1.427996661    0.000000000   29.194804075   65.365943420   23.504425967
    1.618396215    0.000000000   42.706123445   73.908375061   21.828462106
    1.808795770    0.000000000   56.360648615   67.004792004   19.131937139
    1.999195325    0.000000000   67.411081993   47.280734925   16.165588717
    2.189594880    0.000000000   73.884814134   19.909854167   13.433962323
    2.379994435    0.000000000   74.892940654   -9.149498707   11.088731974
    2.570393989    0.000000000   70.649444103  -34.430883006    8.995125008
    2.760793544    0.000000000   62.297406630  -51.759477941    6.895590189
    2.951193099    0.000000000   51.620668708  -58.640054607    4.575196342

   -3.141592654    0.349065850   42.418604725  -58.660320788    0.931695056
   -2.951193099    0.349065850   32.255213007  -47.167059818   -0.910606499
   -2.760793544    0.349065850   24.726432932  -31.818962610   -2.591125879
   -2.570393989    0.349065850   20.043745743  -18.137091200   -4.118770085
   -2.379994435    0.349065850   17.440351296  -10.457697821   -5.586026821
   -2.189594880    0.349065850   15.597653611  -10.007425622   -7.107721759
   -1.999195325    0.349065850   13.334234967  -14.135178010   -8.676171373
   -1.808795770    0.349065850   10.257232551  -17.588004253  -10.033147245
   -1.618396215    0.349065850    7.007347221  -15.269420880  -10.688945483
   -1.427996661    0.349065850    4.957922268   -4.963516462  -10.140405794
   -1.237597106    0.349065850    5.511423801   11.431576140   -8.191450388
   -1.047197551    0.349065850    9.384985709   28.919081498   -5.148718016
   -0.856797996    0.349065850   16.240034534   41.814551016   -1.748091494
   -0.666398442    0.349065850   24.766336936   45.971563673    1.204086033
   -0.475998887    0.349065850   33.115248448   39.941932679    3.220644925
   -0.285599332    0.349065850   39.428616774   25.012126435    4.364337491
   -0.095199777    0.349065850   42.315558916    4.701168226    5.223403942
    0.095199777    0.349065850   41.214722425  -15.917936356    6.636722431
    0.285599332    0.349065850   36.611981242  -31.143090955    9.309352136
    0.475998887    0.349065850   30.038343902  -35.976642530   13.435103908
    0.666398442    0.349065850   23.769059077  -27.769620417   18.519804403
    0.856797996    0.349065850   20.247782629   -7.725292600   23.493210923
    1.047197551    0.349065850   21.297901685   19.208727749   27.118759378
    1.237597106    0.349065850   27.537209302   45.475351423   28.517853933
    1.427996661    0.349065850   38.114944802   63.727030185   27.502659950
    1.618396215    0.349065850   50.996315305   69.193195034   24.568282196
    1.808795770    0.349065850   63.593257060   60.906261446   20.596657311
    1.999195325    0.349065850   73.475834201   41.326353865   16.463294485
    2.189594880    0.349065850   78.904973511   14.974127592   12.750198494
    2.379994435    0.349065850   79.086305241  -12.935004661    9.664061134
    2.570393989    0.349065850   74.202287672  -37.472901685    7.123981224
    2.760793544    0.349065850   65.294187750  -54.660323745    4.924387850
    2.951193099    0.349065850   54.038983436  -61.863367436    2.883985767

   -3.141592654    0.698131701   44.001083584  -61.299385659   -0.467736576
   -2.951193099    0.698131701   33.322547665  -49.901435688   -1.068842486
   -2.760793544    0.698131701   25.271653659  -34.534039495   -1.407568425
   -2.570393989    0.698131701   20.081395673  -20.733210639   -1.634076824
   -2.379994435    0.698131701   16.997105756  -12.906214785   -1.912113016
   -2.189594880    0.698131701   14.703780169  -12.271282571   -2.359627598
   -1.999195325    0.698131701   12.040626270  -16.012312227   -2.968867250
   -1.808795770    0.698131701    8.676170013  -18.640256417   -3.567177770
   -1.618396215    0.698131701    5.346422688  -14.979374579   -3.866885868
   -1.427996661    0.698131701    3.503017043   -3.091436073   -3.607927745
   -1.237597106    0.698131701    4.541108684   14.538202201   -2.723881928
   -1.047197551    0.698131701    9.054641429   32.344181192   -1.406025764
   -0.856797996    0.698131701   16.506244264   44.500275605   -0.009688028
   -0.666398442    0.698131701   25.418484464   47.303872274    1.185848861
   -0.475998887    0.698131701   33.903787122   40.153270001    2.171987494
   -0.285599332    0.698131701   40.231782937   25.186604023    3.265834707
   -0.095199777    0.698131701   43.268213790    6.351024704    4.997807686
    0.095199777    0.698131701   42.731135474  -11.478118619    7.857611304
    0.285599332    0.698131701   39.286054393  -23.444676095   12.033503610
    0.475998887    0.698131701   34.438511350  -25.775821552   17.213317090
    0.666398442    0.698131701   30.204566904  -16.984322655   22.583350155
    0.856797996    0.698131701   28.598228002    1.187220417   27.029751468
    1.047197551    0.698131701   30.996601084   24.192372740   29.532085657
    1.237597106    0.698131701   37.728955308   45.652683016   29.553322167
    1.427996661    0.698131701   47.914368717   59.630802608   27.223807406
    1.618396215    0.698131701   59.728472632   62.390948602   23.225102234
    1.808795770    0.698131701   70.921706383   53.261550331   18.475740155
    1.999195325    0.698131701   79.391205641   34.320408974   13.795179705
    2.189594880    0.698131701   83.613200793    9.360190277    9.700817554
    2.379994435    0.698131701   82.867492167  -17.101081122    6.386632215
    2.570393989    0.698131701   77.298664602  -40.590859179    3.825534871
    2.760793544    0.698131701   67.853476499  -57.270392630    1.900576063
    2.951193099    0.698131701   56.113445523  -64.389816521    0.496709704

   -3.141592654    1.047197551   42.314606026  -62.046387989   -4.118666294
   -2.951193099    1.047197551   31.595868469  -49.593319481   -3.294738389
   -2.760793544    1.047197551   23.679905975  -33.480120164   -2.147459572
   -2.570393989    1.047197551   18.726840546  -19.365755282   -1.002300774
   -2.379994435    1.047197551   15.898221523  -11.647085799   -0.093006843
   -2.189594880    1.047197551   13.810176995  -11.399094598    0.481409396
   -1.999195325    1.047197551   11.269604500  -15.586646147    0.738584607
   -1.808795770    1.047197551    7.953130095  -18.530678626    0.753247535
   -1.618396215    1.047197551    4.630325521  -14.989230626    0.601006519
   -1.427996661    1.047197551    2.784114225   -3.108962963    0.335689018
   -1.237597106    1.047197551    3.816036896   14.466936642    0.002200153
   -1.047197551    1.047197551    8.302311892   32.100613545   -0.324554614
   -0.856797996    1.047197551   15.691538327   44.115144234   -0.502091248
   -0.666398442    1.047197551   24.543699218   47.154338831   -0.279935309
   -0.475998887    1.047197551   33.080783698   40.989583097    0.672283228
   -0.285599332    1.047197551   39.735241964   27.926921052    2.685788636
   -0.095199777    1.047197551   43.533143572   11.683264984    5.979045778
    0.095199777    1.047197551   44.270529094   -3.476508974   10.518706686
    0.285599332    1.047197551   42.548735298  -13.552360058   15.930250178
    0.475998887    1.047197551   39.644084345  -15.569008495   21.481654079
    0.666398442    1.047197551   37.224300773   -8.472263152   26.216429095
    0.856797996    1.047197551   36.930077748    6.211363989   29.184711706
    1.047197551    1.047197551   39.868934968   24.776979009   29.763049228
    1.237597106    1.047197551   46.296680813   42.000069650   27.867019160
    1.427996661    1.047197551   55.470099659   52.906103969   23.973614492
    1.618396215    1.047197551   65.837691755   54.185570970   18.900708227
    1.808795770    1.047197551   75.443871013   44.990297949   13.503670978
    1.999195325    1.047197551   82.406898919   26.862605095    8.434948199
    2.189594880    1.047197551   85.315903920    3.042517053    4.067978105
    2.379994435    1.047197551   83.477436675  -22.277800414    0.563631134
    2.570393989    1.047197551   77.025017551  -44.702814142   -2.015362436
    2.760793544    1.047197551   66.896808530  -60.319566748   -3.636878023
    2.951193099    1.047197551   54.681678884  -66.306798136   -4.306074244

   -3.141592654    1.396263402   37.754765620  -60.862593612   -9.895633249
   -2.951193099    1.396263402   27.425834549  -46.774988052   -8.670678961
   -2.760793544    1.396263402   20.144211205  -29.764932956   -6.945027921
   -2.570393989    1.396263402   15.922271272  -15.513289566   -5.053396557
   -2.379994435    1.396263402   13.793191041   -8.223080717   -3.229259675
   -2.189594880    1.396263402   12.289273935   -8.722162631   -1.571848599
   -1.999195325    1.396263402   10.173726659  -13.821114529   -0.113779701
   -1.808795770    1.396263402    7.096808809  -17.803690774    1.076454323
   -1.618396215    1.396263402    3.806364374  -15.390897862    1.852192784
   -1.427996661    1.396263402    1.780260066   -4.573335640    2.063478560
   -1.237597106    1.396263402    2.460010016   12.314468173    1.701238019
   -1.047197551    1.396263402    6.527736353   29.988886779    1.003462327
   -0.856797996    1.396263402   13.595749508   43.020271316    0.435475660
   -0.666398442    1.396263402   22.415752883   48.060240867    0.563982293
   -0.475998887    1.396263402   31.376193130   44.608861402    1.862482330
   -0.285599332    1.396263402   38.999153848   34.462651456    4.551957448
   -0.095199777    1.396263402   44.287241779   20.663398938    8.518853314
    0.095199777    1.396263402   46.880992079    6.800215487   13.301170124
    0.285599332    1.396263402   47.111238213   -3.632607296   18.155728143
    0.475998887    1.396263402   45.917457880   -7.794960759   22.202649618
    0.666398442    1.396263402   44.652000503   -4.306187169   24.648502805
    0.856797996    1.396263402   44.746029535    6.099028115   24.989394309
    1.047197551    1.396263402   47.273298648   20.690767147   23.180360898
    1.237597106    1.396263402   52.629090551   35.055420432   19.618201926
    1.427996661    1.396263402   60.321653665   44.526851249   14.997488231
    1.618396215    1.396263402   69.057106249   45.576704166   10.040914730
    1.808795770    1.396263402   77.061460193   36.836876307    5.289244084
    1.999195325    1.396263402   82.534812888   19.376911686    1.021086792
    2.189594880    1.396263402   84.083867798   -3.748758809   -2.677206686
    2.379994435    1.396263402   81.028266858  -28.224339877   -5.771582701
    2.570393989    1.396263402   73.552279772  -49.422299466   -8.173728713
    2.760793544    1.396263402   62.681606364  -63.306575284   -9.730979432
    2.951193099    1.396263402   50.092068630  -67.203851522  -10.307168223

   -3.141592654    1.745329252   31.746196165  -59.249223021  -16.396326190
   -2.951193099    1.745329252   21.894324597  -43.479072736  -15.334810103
   -2.760793544    1.745329252   15.342747839  -25.525519976  -13.470839988
   -2.570393989    1.745329252   11.958559564  -11.061582296  -11.079503225
   -2.379994435    1.745329252   10.655296836   -4.062919945   -8.381577657
   -2.189594880    1.745329252    9.892557505   -5.135758880   -5.497483135
   -1.999195325    1.745329252    8.388015292  -11.036797335   -2.518255817
   -1.808795770    1.745329252    5.740544439  -16.144068577    0.378384158
   -1.618396215    1.745329252    2.632625013  -15.182367220    2.885028968
   -1.427996661    1.745329252    0.502419968   -5.846739130    4.674146156
   -1.237597106    1.745329252    0.839450090   10.123380135    5.602159539
   -1.047197551    1.745329252    4.493455413   28.050333561    5.855573386
   -0.856797996    1.745329252   11.330256108   42.755881108    5.917996519
   -0.666398442    1.745329252   20.354624617   50.609009558    6.376958118
   -0.475998887    1.745329252   30.108737809   50.388665472    7.668255425
   -0.285599332    1.745329252   39.108857974   42.994441381    9.895171728
   -0.095199777    1.745329252   46.186158613   30.659555923   12.774261657
    0.095199777    1.745329252   50.681899639   16.457934345   15.699592050
    0.285599332    1.745329252   52.568591165    3.805834418   17.901561606
    0.475998887    1.745329252   52.456913371   -4.047744732   18.685468899
    0.666398442    1.745329252   51.492512744   -4.911698489   17.682506059
    0.856797996    1.745329252   51.076514049    1.499156746   14.975279410
    1.047197551    1.745329252   52.438470147   13.292026249   11.086388368
    1.237597106    1.745329252   56.245024701   26.437746960    6.742614812
    1.427996661    1.745329252   62.293159789   36.047077726    2.611551779
    1.618396215    1.745329252   69.491834768   37.972902819   -0.941224748
    1.808795770    1.745329252   76.142298060   30.183409706   -3.904082241
    1.999195325    1.745329252   80.416120792   13.371898871   -6.500685786
    2.189594880    1.745329252   80.859989662   -9.368163626   -8.979502877
    2.379994435    1.745329252   76.773922996  -33.372153085  -11.427541840
    2.570393989    1.745329252   68.397257976  -53.622883106  -13.701257550
    2.760793544    1.745329252   56.868133204  -65.902697544  -15.487956530
    2.951193099    1.745329252   43.976571912  -67.719507295  -16.452315422

   -3.141592654    2.094395102   24.775226270  -58.787094223  -18.764729816
   -2.951193099    2.094395102   15.189602288  -41.194900391  -17.739948180
   -2.760793544    2.094395102    9.218110025  -21.804507651  -15.821264417
   -2.570393989    2.094395102    6.641367726   -6.384291689  -13.220912791
   -2.379994435    2.094395102    6.289662402    1.203679558  -10.127041282
   -2.189594880    2.094395102    6.566609721    0.478130944   -6.639588436
   -1.999195325    2.094395102    6.143963913   -5.349452408   -2.831726136
   -1.808795770    2.094395102    4.551620057  -10.849149524    1.121362172
   -1.618396215    2.094395102    2.368439078  -10.865562092    4.870941152
   -1.427996661    2.094395102    0.932594052   -2.908330636    7.987687116
   -1.237597106    2.094395102    1.703625440   11.805766792   10.177556787
   -1.047197551    2.094395102    5.611722236   29.179849128   11.461371328
   -0.856797996    2.094395102   12.688946527   44.304868760   12.173101612
   -0.666398442    2.094395102   22.111986838   53.326885869   12.770612199
   -0.475998887    2.094395102   32.512145847   54.412915027   13.581161778
   -0.285599332    2.094395102   42.361261981   47.726893950   14.630308469
   -0.095199777    2.094395102   50.315364458   34.906597409   15.605258458
    0.095199777    2.094395102   55.458640494   18.769066768   15.961138646
    0.285599332    2.094395102   57.501952354    2.977383738   15.115536022
    0.475998887    2.094395102   56.888428682   -8.481418201   12.710799959
    0.666398442    2.094395102   54.771445174  -12.401567911    8.825651895
    0.856797996    2.094395102   52.748506489   -7.576824588    4.004050857
    1.047197551    2.094395102   52.377049990    4.454915820   -0.904901795
    1.237597106    2.094395102   54.648810973   19.339276341   -5.101127290
    1.427996661    2.094395102   59.567700648   31.300236088   -8.118834025
    1.618396215    2.094395102   66.063893598   35.214184651   -9.978061097
    1.808795770    2.094395102   72.301273955   28.415857425  -11.088216611
    1.999195325    2.094395102   76.244829503   11.517395041  -12.001659598
    2.189594880    2.094395102   76.269336282  -11.969666994  -13.147402266
    2.379994435    2.094395102   71.609842650  -36.731317275  -14.662012353
    2.570393989    2.094395102   62.562396297  -57.169483678  -16.369112728
    2.760793544    2.094395102   50.407626688  -68.767546520  -17.884505946
    2.951193099    2.094395102   37.098647593  -69.129898031  -18.782859575

   -3.141592654    2.443460953   18.425320167  -58.456429502  -13.288174078
   -2.951193099    2.443460953    9.048917040  -39.353091645  -11.880798731
   -2.760793544    2.443460953    3.560489952  -18.626242751   -9.812476182
   -2.570393989    2.443460953    1.696029580   -2.130645151   -7.235055185
   -2.379994435    2.443460953    2.242573810    6.364368949   -4.255954460
   -2.189594880    2.443460953    3.584144629    6.488925150   -0.873137471
   -1.999195325    2.443460953    4.380312874    1.402652802    2.956466663
   -1.808795770    2.443460953    4.117977017   -3.726061642    7.160982594
   -1.618396215    2.443460953    3.276911844   -4.018613884   11.434847404
   -1.427996661    2.443460953    3.063079792    2.977815996   15.288486864
   -1.237597106    2.443460953    4.830994065   16.360839102   18.251612348
   -1.047197551    2.443460953    9.485518648   32.513102594   20.086838192
   -0.856797996    2.443460953   17.113705668   46.832488992   20.855441122
   -0.666398442    2.443460953   26.972906002   55.411434956   20.791276607
   -0.475998887    2.443460953   37.731248338   56.044530448   20.100755125
   -0.285599332    2.443460953   47.812485520   48.410055737   18.820934332
   -0.095199777    2.443460953   55.740902727   33.803644787   16.788031949
    0.095199777    2.443460953   60.434532715   15.022401724   13.738750271
    0.285599332    2.443460953   61.475300843   -3.824057993    9.483401102
    0.475998887    2.443460953   59.300350711  -17.933302982    4.119471831
    0.666398442    2.443460953   55.228115048  -23.201481231   -1.847104424
    0.856797996    2.443460953   51.165982600  -17.854320469   -7.577821883
    1.047197551    2.443460953   49.029858437   -3.560034035  -12.162282427
    1.237597106    2.443460953   50.076708396   14.564513854  -14.996608589
    1.427996661    2.443460953   54.393410283   29.646591939  -16.000767811
    1.618396215    2.443460953   60.794231970   35.650249521  -15.618242419
    1.808795770    2.443460953   67.200878343   29.529780693  -14.579412246
    1.999195325    2.443460953   71.320044035   12.093351191  -13.587872434
    2.189594880    2.443460953   71.346774979  -12.561192044  -13.080569147
    2.379994435    2.443460953   66.460981792  -38.447933284  -13.141362358
    2.570393989    2.443460953   57.020431279  -59.451018061  -13.557104293
    2.760793544    2.443460953   44.440261634  -70.811923757  -13.954622892
    2.951193099    2.443460953   30.823873513  -70.214141007  -13.951761386

   -3.141592654    2.792526803   15.264986981  -57.086590397    0.858726426
   -2.951193099    2.792526803    6.227995693  -37.175051577    2.997562373
   -2.760793544    2.792526803    1.230063070  -15.672501520    5.005821033
   -2.570393989    2.792526803    0.000000000    1.575406284    6.825967997
   -2.379994435    2.792526803    1.331132166   10.924883666    8.579833548
   -2.189594880    2.792526803    3.639019960   12.107785267   10.564157332
   -1.999195325    2.792526803    5.616217249    8.177939406   13.102602892
   -1.808795770    2.792526803    6.736621982    3.933212592   16.323259427
   -1.618396215    2.792526803    7.383845294    3.800951295   19.994637714
   -1.427996661    2.792526803    8.597112482    9.984443289   23.556791351
   -1.237597106    2.792526803   11.552655546   21.715795666   26.339176045
   -1.047197551    2.792526803   17.031913060   35.788852565   27.829180507
   -0.856797996    2.792526803   25.080320799   47.983469709   27.824668843
   -0.666398442    2.792526803   34.965483991   54.544306264   26.390295244
   -0.475998887    2.792526803   45.369276817   53.175253985   23.715512427
   -0.285599332    2.792526803   54.701784618   43.376857980   19.987692365
   -0.095199777    2.792526803   61.448280591   26.399533886   15.331649290
    0.095199777    2.792526803   64.503663545    5.250174222    9.860687296
    0.285599332    2.792526803   63.494603457  -15.445299320    3.775728146
    0.475998887    2.792526803   59.019103069  -30.226283690   -2.512908801
    0.666398442    2.792526803   52.673678131  -34.479398039   -8.364836370
    0.856797996    2.792526803   46.698682661  -26.398208744  -13.035344086
    1.047197551    2.792526803   43.289873941   -8.271514071  -15.923777437
    1.237597106    2.792526803   43.818654272   13.762236130  -16.839438907
    1.427996661    2.792526803   48.286316669   31.823242455  -16.067717649
    1.618396215    2.792526803   55.267603481   39.320681482  -14.230483362
    1.808795770    2.792526803   62.397512867   33.259369055  -12.007568434
    1.999195325    2.792526803   67.152174227   14.942813321   -9.888224465
    2.189594880    2.792526803   67.608181905  -10.896736540   -8.061606351
    2.379994435    2.792526803   62.938534132  -37.769171683   -6.462026231
    2.570393989    2.792526803   53.569412553  -59.286370339   -4.897528897
    2.760793544    2.792526803   41.014827366  -70.624042749   -3.187835083
    2.951193099    2.792526803   27.472980227  -69.569786655   -1.251599901
