#! FIELDS phi psi file.free der_phi der_psi
#! SET min_phi -pi
#! SET max_phi pi
#! SET nbins_phi  33
#! SET periodic_phi true
#! SET min_psi -pi
#! SET max_psi pi
#! SET nbins_psi  18
#! SET periodic_psi true
   -3.141592654   -3.141592654   17.962968865  -53.476827427   17.025638972
   -2.951193099   -3.141592654    9.533189583  -34.459338746   19.393291053
   -2.760793544   -3.141592654    4.959977979  -13.918913646   20.868696081
   -2.570393989   -3.141592654    3.992605670    2.655153322   21.626699115
   -2.379994435   -3.141592654    5.515748571   11.993292104   22.099348193
   -2.189594880   -3.141592654    8.095547461   14.036239168   22.857852523
   -1.999195325   -3.141592654   10.583253306   11.697396126   24.381212155
   -1.808795770   -3.141592654   12.546136256    9.231938311   26.805785544
   -1.618396215   -3.141592654   14.332413329   10.312989801   29.788658414
   -1.427996661   -3.141592654   16.808428613   16.501935174   32.593291093
   -1.237597106   -3.141592654   20.890457559   26.799623530   34.368268577
   -1.047197551   -3.141592654   27.100363936   38.220129171   34.466927321
   -0.856797996   -3.141592654   35.295762467   47.023253481   32.646310808
   -0.666398442   -3.141592654   44.653585653   49.966765701   29.042540749
   -0.475998887   -3.141592654   53.853590748   45.175928670   24.029221714
   -0.285599332   -3.141592654   61.375032681   32.469251472   18.054923480
   -0.095199777   -3.141592654   65.829727738   13.401428419   11.533126696
    0.095199777   -3.141592654   66.298400921   -8.707574334    4.838502166
    0.285599332   -3.141592654   62.652068874  -28.930320837   -1.646630198
    0.475998887   -3.141592654   55.778655519  -41.670342371   -7.457274312
    0.666398442   -3.141592654   47.562067571  -42.493792357  -12.059717890
    0.856797996   -3.141592654   40.456047776  -30.187025236  -14.964469367
    1.047197551   -3.141592654   36.726045948   -7.941368651  -15.921811793
    1.237597106   -3.141592654   37.638495841   17.259330300  -15.074246574
    1.427996661   -3.141592654   42.961998619   37.082989699  -12.912079501
    1.618396215   -3.141592654   51.004599845   45.035959865  -10.053054970
    1.808795770   -3.141592654   59.195950830   38.619065662   -6.976404403
    1.999195325   -3.141592654   64.915134791   19.723598091   -3.876341013
    2.189594880   -3.141592654   66.239098394   -6.509628009   -0.696638883
    2.379994435   -3.141592654   62.391120122  -33.475950001    2.703686237
    2.570393989   -3.141592654   53.846869886  -54.906958637    6.376883014
    2.760793544   -3.141592654   42.133874295  -66.201455750   10.193683537
    2.951193099   -3.141592654   29.419967327  -65.371014525   13.863104590

   -3.141592654   -2.792526803   25.482899284  -49.169820983   25.466354129
   -2.951193099   -2.792526803   17.684473637  -32.150550101   27.559594868
   -2.760793544   -2.792526803   13.377089614  -13.351987825   28.399635570
   -2.570393989   -2.792526803   12.408864260    2.239179585   28.321059250
   -2.379994435   -2.792526803   13.844826069   11.686746452   27.915402747
   -2.189594880   -2.792526803   16.465599645   14.932586595   27.845562974
   -1.999195325   -2.792526803   19.296594091   14.460885950   28.590733247
   -1.808795770   -2.792526803   21.961004139   13.743163961   30.214919832
   -1.618396215   -2.792526803   24.699775004   15.582424798   32.279860618
   -1.427996661   -2.792526803   28.126929759   20.943395119   33.970472245
   -1.237597106   -2.792526803   32.841094759   28.756854220   34.399177596
   -1.047197551   -2.792526803   39.085934339   36.506832200   32.935034332
   -0.856797996   -2.792526803   46.564578154   41.214530577   29.413565348
   -0.666398442   -2.792526803   54.448187061   40.412411604   24.119284250
   -0.475998887   -2.792526803   61.541753319   32.805063460   17.630878720
   -0.285599332   -2.792526803   66.535714334   18.518791190   10.620131192
   -0.095199777   -2.792526803   68.288349843   -0.805281072    3.688073585
    0.095199777   -2.792526803   66.127628538  -21.918002853   -2.690753451
    0.285599332   -2.792526803   60.150173102  -40.024705249   -8.151116139
    0.475998887   -2.792526803   51.441132619  -49.718350074  -12.373228716
    0.666398442   -2.792526803   42.035862773  -46.852203248  -15.076288082
    0.856797996   -2.792526803   34.467726059  -30.689977081  -16.071264252
    1.047197551   -2.792526803   30.975109889   -5.056953567  -15.378174291
    1.237597106   -2.792526803   32.679954907   22.509190222  -13.293945691
    1.427996661   -2.792526803   39.130221579   43.485456741  -10.314472143
    1.618396215   -2.792526803   48.421448471   51.644224388   -6.925679942
    1.808795770   -2.792526803   57.854765901   45.049872083   -3.408935704
    1.999195325   -2.792526803   64.789955403   26.119951762    0.226367677
    2.189594880   -2.792526803   67.357292410    0.205679306    4.140458495
    2.379994435   -2.792526803   64.835334820  -26.265946757    8.466339027
    2.570393989   -2.792526803   57.697093977  -47.427224759   13.142512416
    2.760793544   -2.792526803   47.389241175  -59.054358515   17.856853465
    2.951193099   -2.792526803   35.944904520  -59.324449678   22.128107331

   -3.141592654   -2.443460953   34.203099896  -44.729115014   23.128991194
   -2.951193099   -2.443460953   27.033338824  -29.991844613   24.738988481
   -2.760793544   -2.443460953   22.941017293  -13.152038018   25.307501778
   -2.570393989   -2.443460953   21.887062464    1.308900572   25.163745565
   -2.379994435   -2.443460953   23.123601439   10.703589238   24.794505725
   -2.189594880   -2.443460953   25.630049477   14.839626478   24.671662729
   -1.999195325   -2.443460953   28.565846615   15.661121648   25.061117261
   -1.808795770   -2.443460953   31.557745578   15.854456678   25.873309362
   -1.618396215   -2.443460953   34.700747307   17.491095020   26.646421504
   -1.427996661   -2.443460953   38.355346646   21.188348666   26.689334536
   -1.237597106   -2.443460953   42.852592128   26.077073847   25.353848415
   -1.047197551   -2.443460953   48.254077855   30.317519129   22.297449917
   -0.856797996   -2.443460953   54.233710978   31.782736076   17.625831575
   -0.666398442   -2.443460953   60.086699751   28.732511073   11.824932641
   -0.475998887   -2.443460953   64.850477291   20.269540622    5.575171886
   -0.285599332   -2.443460953   67.487919345    6.527751799   -0.460420513
   -0.095199777   -2.443460953   67.100702870  -11.131901009   -5.789934006
    0.095199777   -2.443460953   63.190512363  -29.881758218  -10.130735803
    0.285599332   -2.443460953   55.947275120  -45.322562679  -13.364315549
    0.475998887   -2.443460953   46.486420374  -52.326216507  -15.449083146
    0.666398442   -2.443460953   36.829950059  -46.911741116  -16.369052487
    0.856797996   -2.443460953   29.469069812  -28.508221955  -16.122305990
    1.047197551   -2.443460953   26.564737485   -1.143759378  -14.779513623
    1.237597106   -2.443460953   29.125958579   27.482262812  -12.532409475
    1.427996661   -2.443460953   36.572183509   48.890439263   -9.673160950
    1.618396215   -2.443460953   46.902186522   57.126559255   -6.480316127
    1.808795770   -2.443460953   57.387269604   50.652886006   -3.112571589
    1.999195325   -2.443460953   65.427057262   32.181100321    0.428450108
    2.189594880   -2.443460953   69.221784519    7.068884506    4.229482175
    2.379994435   -2.443460953   68.090238638  -18.559199432    8.330907022
    2.570393989   -2.443460953   62.470887924  -39.293125010   12.615219635
    2.760793544   -2.443460953   53.691846199  -51.291264732   16.778751612
    2.951193099   -2.443460953   43.617358405  -52.859354924   20.409654941

   -3.141592654   -2.094395102   40.480044349  -41.475359302   14.269816237
   -2.951193099   -2.094395102   33.788974022  -28.202956768   15.337900614
   -2.760793544   -2.094395102   29.919112283  -12.532561736   15.849080956
   -2.570393989   -2.094395102   28.912790622    1.290896674   15.981984099
   -2.379994435   -2.094395102   30.131463954   10.619018209   15.929783554
   -2.189594880   -2.094395102   32.646807663   15.048241462   15.807521205
   -1.999195325   -2.094395102   35.647944080   16.082827780   15.587203763
   -1.808795770   -2.094395102   38.696210783   15.889394419   15.075616292
   -1.618396215   -2.094395102   41.732323192   16.159374137   13.972333854
   -1.427996661   -2.094395102   44.922673055   17.511142965   11.984667973
   -1.237597106   -2.094395102   48.448507511   19.527904132    8.973733288
   -1.047197551   -2.094395102   52.341028963   21.139292129    5.044191869
   -0.856797996   -2.094395102   56.397050944   20.979169158    0.547538064
   -0.666398442   -2.094395102   60.151047766   17.744225439   -4.032891281
   -0.475998887   -2.094395102   62.918405199   10.504030427   -8.224689144
   -0.285599332   -2.094395102   63.893558957   -1.047265553  -11.683934015
   -0.095199777   -2.094395102   62.305341885  -16.161247941  -14.256436621
    0.095199777   -2.094395102   57.668060590  -32.549061922  -15.965180313
    0.285599332   -2.094395102   50.102458478  -46.122431697  -16.943187473
    0.475998887   -2.094395102   40.624491469  -51.779070116  -17.344112612
    0.666398442   -2.094395102   31.171514367  -45.353837804  -17.265098025
    0.856797996   -2.094395102   24.191127011  -26.068007569  -16.696682972
    1.047197551   -2.094395102   21.831483036    2.144974428  -15.563118665
    1.237597106   -2.094395102   25.093886879   31.539153552  -13.801813548
    1.427996661   -2.094395102   33.374178111   53.559983439  -11.446775194
    1.618396215   -2.094395102   44.637877647   62.234699996   -8.623112339
    1.808795770   -2.094395102   56.129184559   56.098992229   -5.502363241
    1.999195325   -2.094395102   65.238684176   37.966908601   -2.236648157
    2.189594880   -2.094395102   70.170078654   13.208393684    1.068256466
    2.379994435   -2.094395102   70.234677084  -12.175984333    4.327638786
    2.570393989   -2.094395102   65.831035957  -32.983097229    7.433860660
    2.760793544   -2.094395102   58.209126084  -45.542638236   10.234602511
    2.951193099   -2.094395102   49.135281998  -48.183328346   12.557761487

   -3.141592654   -1.745329252   43.368705942  -39.579507455    5.206345113
   -2.951193099   -1.745329252   36.967878980  -27.048509597    5.711443017
   -2.760793544   -1.745329252   33.253806591  -12.036805597    6.059569880
   -2.570393989   -1.745329252   32.287318838    1.227023727    6.247172960
   -2.379994435   -1.745329252   33.442943141   10.008658096    6.186462157
   -2.189594880   -1.745329252   35.779060350   13.732127819    5.705631870
   -1.999195325   -1.745329252   38.435658305   13.710876001    4.598699544
   -1.808795770   -1.745329252   40.897506963   12.039958087    2.700845534
   -1.618396215   -1.745329252   43.035073449   10.550914578   -0.026504064
   -1.427996661   -1.745329252   44.993662239   10.238960521   -3.450754027
   -1.237597106   -1.745329252   47.018478270   11.172185222   -7.266002455
   -1.047197551   -1.745329252   49.291751066   12.680001103  -11.054341646
   -0.856797996   -1.745329252   51.816405935   13.535841994  -14.375367815
   -0.666398442   -1.745329252   54.326316368   12.242466955  -16.882052244
   -0.475998887   -1.745329252   56.272602985    7.421418315  -18.396620800
   -0.285599332   -1.745329252   56.889384224   -1.777802007  -18.940113195
   -0.095199777   -1.745329252   55.347142955  -15.064742370  -18.711978490
    0.095199777   -1.745329252   51.031214058  -30.404518172  -18.028974612
    0.285599332   -1.745329252   43.908592491  -43.724996579  -17.229808805
    0.475998887   -1.745329252   34.863479361  -49.693151567  -16.572636777
    0.666398442   -1.745329252   25.761940944  -43.737267411  -16.147542285
    0.856797996   -1.745329252   19.061754325  -24.671972345  -15.822013282
    1.047197551   -1.745329252   16.985210086    3.813604334  -15.304699942
    1.237597106   -1.745329252   20.629956616   33.938361261  -14.276302780
    1.427996661   -1.745329252   29.457808584   56.911357181  -12.562129773
    1.618396215   -1.745329252   41.446039197   66.443826291  -10.203729934
    1.808795770   -1.745329252   53.797189599   60.847945322   -7.438235468
    1.999195325   -1.745329252   63.833219630   42.879921537   -4.589686154
    2.189594880   -1.745329252   69.691001137   17.974163239   -1.945816859
    2.379994435   -1.745329252   70.632413539   -7.766059752    0.312055215
    2.570393989   -1.745329252   67.024233270  -29.060592507    2.117565578
    2.760793544   -1.745329252   60.094554594  -42.213745634    3.489753754
    2.951193099   -1.745329252   51.591002694  -45.539143137    4.492310398

   -3.141592654   -1.396263402   41.991857116  -40.207270322    2.547798393
   -2.951193099   -1.396263402   35.498765787  -27.365126073    2.442930523
   -2.760793544   -1.396263402   31.763074359  -11.964715550    2.223014853
   -2.570393989   -1.396263402   30.833487971    1.480874694    1.828049100
   -2.379994435   -1.396263402   32.016826424    9.937249789    1.079189187
   -2.189594880   -1.396263402   34.253155805   12.630519032   -0.288425081
   -1.999195325   -1.396263402   36.545781032   10.892383749   -2.522771229
   -1.808795770   -1.396263402   38.274459589    7.141846410   -5.712734782
   -1.618396215   -1.396263402   39.292014727    3.773259225   -9.675312105
   -1.427996661   -1.396263402   39.843595242    2.424802259  -13.951479630
   -1.237597106   -1.396263402   40.383964687    3.631791954  -17.918206706
   -1.047197551   -1.396263402   41.360130674    6.819453951  -20.973419082
   -0.856797996   -1.396263402   43.019058417   10.432437875  -22.699735325
   -0.666398442   -1.396263402   45.241063809   12.327879662  -22.964087953
   -0.475998887   -1.396263402   47.487680887   10.377157122  -21.914271191
   -0.285599332   -1.396263402   48.869875257    3.110683713  -19.917365310
   -0.095199777   -1.396263402   48.341808995   -9.529453171  -17.463213663
    0.095199777   -1.396263402   45.036266206  -25.529148011  -15.051273491
    0.285599332   -1.396263402   38.694258916  -40.525249020  -13.078346927
    0.475998887   -1.396263402   30.058221575  -48.613183241  -11.752387928
    0.666398442   -1.396263402   20.978788929  -44.474716750  -11.053125205
    0.856797996   -1.396263402   14.038917683  -26.256792146  -10.735888605
    1.047197551   -1.396263402   11.683271514    2.677155777  -10.438688223
    1.237597106   -1.396263402   15.245909972   34.333758046   -9.807588581
    1.427996661   -1.396263402   24.338209875   59.287229804   -8.645997975
    1.618396215   -1.396263402   36.947754591   70.470014830   -6.962126955
    1.808795770   -1.396263402   50.155243010   65.631384690   -4.942884058
    1.999195325   -1.396263402   61.091726987   47.384554282   -2.863136754
    2.189594880   -1.396263402   67.715150965   21.408583770   -0.981918728
    2.379994435   -1.396263402   69.178044637   -5.745989106    0.524599350
    2.570393989   -1.396263402   65.825139842  -28.352547806    1.583798252
    2.760793544   -1.396263402   58.934631422  -42.430229933    2.216688480
    2.951193099   -1.396263402   50.341293391  -46.182801200    2.502995788

   -3.141592654   -1.047197551   39.547096337  -41.783949900    3.640820781
   -2.951193099   -1.047197551   32.792082254  -28.531960487    2.284463224
   -2.760793544   -1.047197551   28.869522403  -12.806326480    0.702345870
   -2.570393989   -1.047197551   27.779725253    0.540093986   -1.033122065
   -2.379994435   -1.047197551   28.722456333    8.226746279   -2.992930903
   -2.189594880   -1.047197551   30.503679830    9.460065720   -5.389490317
   -1.999195325   -1.047197551   32.019631570    5.885930284   -8.452931237
   -1.808795770   -1.047197551   32.633279031    0.536627473  -12.233416650
   -1.618396215   -1.047197551   32.309697194   -3.503701083  -16.448109954
   -1.427996661   -1.047197551   31.521226517   -4.126321755  -20.493341972
   -1.237597106   -1.047197551   30.998125949   -0.776961391  -23.631104964
   -1.047197551   -1.047197551   31.420310453    5.516070802  -25.254234286
   -0.856797996   -1.047197551   33.152776918   12.478193113  -25.088311235
   -0.666398442   -1.047197551   36.049828721   17.232990565  -23.259190663
   -0.475998887   -1.047197551   39.423647313   17.108658025  -20.217871533
   -0.285599332   -1.047197551   42.159424643   10.372846555  -16.596179462
   -0.095199777   -1.047197551   42.963846849   -2.992126409  -13.030816361
    0.095199777   -1.047197551   40.754549769  -20.676552905  -10.004628220
    0.285599332   -1.047197551   35.133377855  -37.837245311   -7.746057330
    0.475998887   -1.047197551   26.806609818  -47.997116429   -6.222977511
    0.666398442   -1.047197551   17.694684693  -45.298107318   -5.227112893
    0.856797996   -1.047197551   10.537193700  -27.563809590   -4.476370567
    1.047197551   -1.047197551    7.967364695    1.871701034   -3.734892488
    1.237597106   -1.047197551   11.482483435   34.699373082   -2.845715663
    1.427996661   -1.047197551   20.774603333   60.988930092   -1.756691720
    1.618396215   -1.047197551   33.811321389   73.150951560   -0.486423070
    1.808795770   -1.047197551   47.569499491   68.597194728    0.895480824
    1.999195325   -1.047197551   59.037896362   49.885561813    2.282307660
    2.189594880   -1.047197551   66.047146838   22.892403536    3.540169594
    2.379994435   -1.047197551   67.676070710   -5.492870941    4.520818438
    2.570393989   -1.047197551   64.262799240  -29.190224330    5.083730406
    2.760793544   -1.047197551   57.137728365  -43.977245449    5.130657909
    2.951193099   -1.047197551   48.220718168  -47.953308530    4.631096869

   -3.141592654   -0.698131701   39.202393748  -45.735726422    3.737041299
   -2.951193099   -0.698131701   31.659212449  -32.785688967    1.557174735
   -2.760793544   -0.698131701   26.928176634  -17.004373588   -0.870359268
   -2.570393989   -0.698131701   25.051770078   -3.543683082   -3.417336192
   -2.379994435   -0.698131701   25.206173018    3.956563038   -6.095544564
   -2.189594880   -0.698131701   26.119203675    4.536944889   -9.059773314
   -1.999195325   -0.698131701   26.612601508    0.070232989  -12.467824442
   -1.808795770   -0.698131701   26.056420954   -5.814323009  -16.256332494
   -1.618396215   -0.698131701   24.549161731   -9.369343513  -19.994574423
   -1.427996661   -0.698131701   22.797632356   -8.149101885  -22.955961417
   -1.237597106   -0.698131701   21.778236679   -1.819975835  -24.399958715
   -1.047197551   -0.698131701   22.326895382    7.893949594  -23.899105161
   -0.856797996   -0.698131701   24.812251496   17.871980222  -21.526974028
   -0.666398442   -0.698131701   28.940767890   24.548972907  -17.814531969
   -0.475998887   -0.698131701   33.776908472   24.900711947  -13.534936969
   -0.285599332   -0.698131701   37.928855944   17.241011022   -9.441844244
   -0.095199777   -0.698131701   39.870518584    1.963854153   -6.040008158
    0.095199777   -0.698131701   38.390862206  -17.964985670   -3.461596612
    0.285599332   -0.698131701   33.095949836  -37.010071722   -1.492604878
    0.475998887   -0.698131701   24.813545996  -48.204312148    0.246848099
    0.666398442   -0.698131701   15.644024774  -45.551501907    2.051233600
    0.856797996   -0.698131701    8.497842567  -27.121885907    3.965959106
    1.047197551   -0.698131701    6.108417089    3.329063662    5.774529004
    1.237597106   -0.698131701    9.992385309   37.059698065    7.186061504
    1.427996661   -0.698131701   19.793042016   63.890920398    8.019578134
    1.618396215   -0.698131701   33.400769517   76.173247275    8.311491591
    1.808795770   -0.698131701   47.716543396   71.374158097    8.265282328
    1.999195325   -0.698131701   59.666671904   52.123957776    8.109806989
    2.189594880   -0.698131701   67.030051268   24.334610849    7.967167842
    2.379994435   -0.698131701   68.838377838   -5.088160505    7.801657399
    2.570393989   -0.698131701   65.388294168  -30.002122660    7.453921109
    2.760793544   -0.698131701   57.987035232  -46.060202302    6.731547671
    2.951193099   -0.698131701   48.563245124  -51.147368085    5.497285411

   -3.141592654   -0.349065850   40.032085947  -50.379874810    3.270215464
   -2.951193099   -0.349065850   31.548772361  -37.932629202    0.316860676
   -2.760793544   -0.349065850   25.822585019  -22.246460170   -2.817176270
   -2.570393989   -0.349065850   22.956078704   -8.694711235   -5.929463553
   -2.379994435   -0.349065850   22.128598700   -1.252361434   -8.965046349
   -2.189594880   -0.349065850   22.018659850   -1.045010341  -12.021926522
   -1.999195325   -0.349065850   21.403972311   -5.951333429  -15.192078568
   -1.808795770   -0.349065850   19.698905730  -11.698977727  -18.325451494
   -1.618396215   -0.349065850   17.178694932  -13.875670338  -20.908735588
   -1.427996661   -0.349065850   14.816562641   -9.833415576  -22.201620536
   -1.237597106   -0.349065850   13.825486916    0.244901731  -21.595847983
   -1.047197551   -0.349065850   15.124112791   13.592636486  -18.964841021
   -0.856797996   -0.349065850   18.954119618   26.028893843  -14.792860681
   -0.666398442   -0.349065850   24.729202460   33.371171620   -9.985051888
   -0.475998887   -0.349065850   31.165397665   32.624393633   -5.506993600
   -0.285599332   -0.349065850   36.586269448   22.722056382   -2.033275286
   -0.095199777   -0.349065850   39.335707341    5.014628918    0.272366692
    0.095199777   -0.349065850   38.259315594  -16.593153752    1.764998231
    0.285599332   -0.349065850   33.167151334  -36.023847659    3.117859662
    0.475998887   -0.349065850   25.135567861  -46.409389902    4.966216396
    0.666398442   -0.349065850   16.433743636  -42.434819617    7.560441606
    0.856797996   -0.349065850    9.984288153  -23.073734338   10.620714263
    1.047197551   -0.349065850    8.380503157    7.341008754   13.472729704
    1.237597106   -0.349065850   12.944896643   40.056423734   15.431673932
    1.427996661   -0.349065850   23.176718605   65.395479082   16.133897358
    1.618396215   -0.349065850   36.936929221   76.338053207   15.673903030
    1.808795770   -0.349065850   51.197905488   70.736456279   14.479287903
    1.999195325   -0.349065850   62.993121383   51.206042107   13.047572108
    2.189594880   -0.349065850   70.174894605   23.353417398   11.706422471
    2.379994435   -0.349065850   71.781113899   -6.279702995   10.513835294
    2.570393989   -0.349065850   68.056117087  -31.766207530    9.300006862
    2.760793544   -0.349065850   60.235239791  -48.753860968    7.801657411
    2.951193099   -0.349065850   50.197543477  -54.897413312    5.807275777

   -3.141592654    0.000000000   40.939552638  -55.457763101    1.596464488
   -2.951193099    0.000000000   31.441933181  -43.422870361   -1.171474161
   -2.760793544    0.000000000   24.662998907  -27.744406561   -3.913037577
   -2.570393989    0.000000000   20.769471367  -13.962403836   -6.509627630
   -2.379994435    0.000000000   18.959708802   -6.321401625   -8.973870556
   -2.189594880    0.000000000   17.891773496   -6.046423140  -11.414244514
   -1.999195325    0.000000000   16.338771518  -10.733870262  -13.862683201
   -1.808795770    0.000000000   13.797365809  -15.523720290  -16.074295355
   -1.618396215    0.000000000   10.735053874  -15.520765036  -17.480888681
   -1.427996661    0.000000000    8.361249597   -8.166517402  -17.402711221
   -1.237597106    0.000000000    8.036710212    5.542096057  -15.437215406
   -1.047197551    0.000000000   10.629507828   21.645191123  -11.761850718
   -0.856797996    0.000000000   16.115343141   35.020273529   -7.151160162
   -0.666398442    0.000000000   23.527227775   41.259437283   -2.648057146
   -0.475998887    0.000000000   31.236422289   37.938868197    0.880476728
   -0.285599332    0.000000000   37.386112410   25.098267793    3.089337424
   -0.095199777    0.000000000   40.365765014    5.273294378    4.272387928
    0.095199777    0.000000000   39.264340820  -16.807753884    5.201948493
    0.285599332    0.000000000   34.229059356  -34.956432316    6.773639449
    0.475998887    0.000000000   26.616928609  -42.993849987    9.561237475
    0.666398442    0.000000000   18.788525019  -36.818376575   13.496437113
    0.856797996    0.000000000   13.522884640  -16.563329343   17.839153600
    1.047197551    0.000000000   13.102625291   12.960727512   21.491484111
    1.237597106    0.000000000   18.533147496   43.368923828   23.523264119
    1.427996661    0.000000000   29.130507205   65.939278320   23.563375644
    1.618396215    0.000000000   42.765321565   74.628954942   21.884389306
    1.808795770    0.000000000   56.567041947   67.811910413   19.174207830
    1.999195325    0.000000000   67.768933655   48.035027913   16.173258661
    2.189594880    0.000000000   74.367573386   20.439145147   13.381502488
    2.379994435    0.000000000   75.444398122   -8.971773905   10.954997849
    2.570393989    0.000000000   71.198949322  -34.623137188    8.772229782
    2.760793544    0.000000000   62.782211156  -52.225084487    6.592937165
    2.951193099    0.000000000   52.003955370  -59.213051295    4.217221339

   -3.141592654    0.349065850   42.587521032  -59.181145619    0.579849155
   -2.951193099    0.349065850   32.343499581  -47.487024189   -1.232927210
   -2.760793544    0.349065850   24.772965226  -31.948276476   -2.867311248
   -2.570393989    0.349065850   20.077360551  -18.163039666   -4.342545298
   -2.379994435    0.349065850   17.469767188  -10.496707549   -5.759154892
   -2.189594880    0.349065850   15.610926966  -10.149128793   -7.235439454
   -1.999195325    0.349065850   13.307682432  -14.410787109   -8.762116930
   -1.808795770    0.349065850   10.167707167  -17.963394932  -10.075187172
   -1.618396215    0.349065850    6.842686768  -15.667849903  -10.678393121
   -1.427996661    0.349065850    4.722187983   -5.298908007  -10.065956965
   -1.237597106    0.349065850    5.223338637   11.225087770   -8.047042558
   -1.047197551    0.349065850    9.072233396   28.864042730   -4.939949347
   -0.856797996    0.349065850   15.929833796   41.886531262   -1.493705731
   -0.666398442    0.349065850   24.476925196   46.103292018    1.477835779
   -0.475998887    0.349065850   32.849821719   40.047712060    3.489228815
   -0.285599332    0.349065850   39.175449838   25.026383270    4.611995927
   -0.095199777    0.349065850   42.054869692    4.610007856    5.444231544
    0.095199777    0.349065850   40.929913022  -16.069037960    6.830875810
    0.285599332    0.349065850   36.299278766  -31.271350669    9.478232808
    0.475998887    0.349065850   29.709924582  -36.004518546   13.578904737
    0.666398442    0.349065850   23.448526964  -27.658323654   18.638451645
    0.856797996    0.349065850   19.961755499   -7.477759405   23.588520569
    1.047197551    0.349065850   21.070716733   19.575564842   27.195979250
    1.237597106    0.349065850   27.391204980   45.961045340   28.583752899
    1.427996661    0.349065850   38.074054108   64.344922669   27.561114787
    1.618396215    0.349065850   51.085250454   69.931985825   24.615063742
    1.808795770    0.349065850   63.828737827   61.685621552   20.616704569
    1.999195325    0.349065850   73.852204819   41.997253545   16.433993981
    2.189594880    0.349065850   79.385501064   15.371354413   12.649344401
    2.379994435    0.349065850   79.607541349  -12.914369010    9.479132784
    2.570393989    0.349065850   74.691785043  -37.815417555    6.858777312
    2.760793544    0.349065850   65.693400856  -55.240375242    4.599097617
    2.951193099    0.349065850   54.319842114  -62.496794684    2.529198581

   -3.141592654    0.698131701   44.069347991  -61.768134552   -0.725888481
   -2.951193099    0.698131701   33.322659734  -50.145709759   -1.271745942
   -2.760793544    0.698131701   25.245198424  -34.581884966   -1.553021158
   -2.570393989    0.698131701   20.057111137  -20.683212955   -1.728097346
   -2.379994435    0.698131701   16.982326644  -12.876483024   -1.963293349
   -2.189594880    0.698131701   14.685755028  -12.344639162   -2.374269390
   -1.999195325    0.698131701   11.996687961  -16.208221906   -2.948640118
   -1.808795770    0.698131701    8.586332739  -18.914961219   -3.508904208
   -1.618396215    0.698131701    5.202750865  -15.255662297   -3.764893700
   -1.427996661    0.698131701    3.312691844   -3.296144057   -3.458467073
   -1.237597106    0.698131701    4.322321927   14.447417731   -2.530699589
   -1.047197551    0.698131701    8.829737949   32.364654030   -1.182764976
   -0.856797996    0.698131701   16.293206535   44.593616018    0.222552463
   -0.666398442    0.698131701   25.225381218   47.407486795    1.406014908
   -0.475998887    0.698131701   33.726149098   40.201674606    2.367567711
   -0.285599332    0.698131701   40.054615298   25.137893090    3.436689017
   -0.095199777    0.698131701   43.072320563    6.206570834    5.152995482
    0.095199777    0.698131701   42.502210909  -11.670051614    8.007670083
    0.285599332    0.698131701   39.022261345  -23.606509769   12.183799369
    0.475998887    0.698131701   34.152814093  -25.835681162   17.361950587
    0.666398442    0.698131701   29.920685517  -16.904748148   22.724141126
    0.856797996    0.698131701   28.343005927    1.405654602   27.156580027
    1.047197551    0.698131701   30.795058863   24.534121948   29.641591519
    1.237597106    0.698131701   37.603949183   46.114008754   29.643598900
    1.427996661    0.698131701   47.889164322   60.215850310   27.290666872
    1.618396215    0.698131701   59.825078305   63.076314440   23.258594734
    1.808795770    0.698131701   71.152000939   53.958453969   18.459832456
    1.999195325    0.698131701   79.743855054   34.880207285   13.712730664
    2.189594880    0.698131701   84.047026764    9.630038825    9.541252929
    2.379994435    0.698131701   83.317961948  -17.201511891    6.153050286
    2.570393989    0.698131701   77.696920694  -41.023388706    3.537496855
    2.760793544    0.698131701   68.148737507  -57.892009580    1.589957285
    2.951193099    0.698131701   56.287446795  -65.012805365    0.198355142

   -3.141592654    1.047197551   42.320411529  -62.416805342   -4.272622572
   -2.951193099    1.047197551   31.552232668  -49.743159977   -3.375531786
   -2.760793544    1.047197551   23.625945930  -33.452948722   -2.169965134
   -2.570393989    1.047197551   18.687304956  -19.261031933   -0.987538593
   -2.379994435    1.047197551   15.877350211  -11.573623117   -0.058617613
   -2.189594880    1.047197551   13.794267454  -11.428391652    0.527333625
   -1.999195325    1.047197551   11.236838182  -15.730960326    0.798098596
   -1.808795770    1.047197551    7.885041656  -18.746628573    0.835117065
   -1.618396215    1.047197551    4.519702409  -15.207403272    0.714791380
   -1.427996661    1.047197551    2.636837138   -3.269722591    0.486083956
   -1.237597106    1.047197551    3.646156706   14.391345206    0.185089553
   -1.047197551    1.047197551    8.125639082   32.098241149   -0.121543721
   -0.856797996    1.047197551   15.518906286   44.151133460   -0.294915632
   -0.666398442    1.047197551   24.378206304   47.185128633   -0.081035179
   -0.475998887    1.047197551   32.917642252   40.977735514    0.859675835
   -0.285599332    1.047197551   39.564244678   27.853776185    2.867898923
   -0.095199777    1.047197551   43.342857293   11.556564569    6.166223009
    0.095199777    1.047197551   44.053716177   -3.621299801   10.717590774
    0.285599332    1.047197551   42.306978241  -13.661190211   16.139006095
    0.475998887    1.047197551   39.389316789  -15.590896671   21.690204204
    0.666398442    1.047197551   36.976313000   -8.378893078   26.410995597
    0.856797996    1.047197551   36.711223313    6.422098842   29.352646789
    1.047197551    1.047197551   39.700786399   25.096260134   29.895173985
    1.237597106    1.047197551   46.199609374   42.426584546   27.956512881
    1.427996661    1.047197551   55.464646098   53.438912456   24.013305751
    1.618396215    1.047197551   65.941795542   54.793089277   18.881496645
    1.808795770    1.047197551   75.664118604   45.581203510   13.415878284
    1.999195325    1.047197551   82.727274969   27.297500991    8.273299053
    2.189594880    1.047197551   85.693576300    3.190788145    3.837245449
    2.379994435    1.047197551   83.851180903  -22.467952562    0.282441943
    2.570393989    1.047197551   77.334407255  -45.170213267   -2.315155030
    2.760793544    1.047197551   67.102480744  -60.914324357   -3.917032034
    2.951193099    1.047197551   54.776190292  -66.854074078   -4.532771213

   -3.141592654    1.396263402   37.714846427  -61.082526040   -9.993320997
   -2.951193099    1.396263402   27.363065055  -46.800964866   -8.690035569
   -2.760793544    1.396263402   20.090350758  -29.661318520   -6.910625865
   -2.570393989    1.396263402   15.892661647  -15.380190712   -4.992677667
   -2.379994435    1.396263402   13.784255492   -8.153307777   -3.161253448
   -2.189594880    1.396263402   12.283364406   -8.764763504   -1.501684881
   -1.999195325    1.396263402   10.149044575  -13.970193219   -0.034638699
   -1.808795770    1.396263402    7.037317444  -18.009525053    1.177052518
   -1.618396215    1.396263402    3.707311765  -15.589743976    1.984837638
   -1.427996661    1.396263402    1.648140063   -4.718566053    2.231687368
   -1.237597106    1.396263402    2.306939887   12.239131344    1.899551553
   -1.047197551    1.396263402    6.366156494   29.969092999    1.219786174
   -0.856797996    1.396263402   13.433921805   43.031586944    0.656094143
   -0.666398442    1.396263402   22.257256709   48.079431443    0.779290482
   -0.475998887    1.396263402   31.220728953   44.618285517    2.070800123
   -0.285599332    1.396263402   38.843698942   34.450763785    4.758891701
   -0.095199777    1.396263402   44.127193933   20.626295760    8.732596540
    0.095199777    1.396263402   46.712158385    6.747020529   13.525796927
    0.285599332    1.396263402   46.932686479   -3.677737844   18.387244620
    0.475998887    1.396263402   45.733554543   -7.802229742   22.429253279
    0.666398442    1.396263402   44.472400590   -4.252977585   24.854780359
    0.856797996    1.396263402   44.583302663    6.223397125   25.161005841
    1.047197551    1.396263402   47.141660036   20.893248728   23.306366590
    1.237597106    1.396263402   52.544615191   35.349949098   19.690283042
    1.427996661    1.396263402   60.303102370   44.923158845   15.007730074
    1.618396215    1.396263402   69.122286278   46.050172555    9.981112972
    1.808795770    1.396263402   77.218004501   37.302760857    5.153202818
    1.999195325    1.396263402   82.769262352   19.705347720    0.809881766
    2.189594880    1.396263402   84.358221576   -3.673960310   -2.950518676
    2.379994435    1.396263402   81.289197420  -28.437786688   -6.079903456
    2.570393989    1.396263402   73.750260799  -49.850255370   -8.478774931
    2.760793544    1.396263402   62.789393275  -63.800239154   -9.991977663
    2.951193099    1.396263402   50.112351919  -67.608377555  -10.492635912

   -3.141592654    1.745329252   31.660096325  -59.308505494  -16.457228751
   -2.951193099    1.745329252   21.812740742  -43.383067554  -15.323721611
   -2.760793544    1.745329252   15.288028418  -25.356276368  -13.417617524
   -2.570393989    1.745329252   11.935504594  -10.913529526  -11.013096015
   -2.379994435    1.745329252   10.652684476   -4.006089579   -8.319344669
   -2.189594880    1.745329252    9.890051486   -5.192422057   -5.441109407
   -1.999195325    1.745329252    8.365522208  -11.182797922   -2.457143994
   -1.808795770    1.745329252    5.685855778  -16.326168425    0.459852342
   -1.618396215    1.745329252    2.544290775  -15.344832995    2.999572854
   -1.427996661    1.745329252    0.388206274   -5.955192852    4.826911521
   -1.237597106    1.745329252    0.710666419   10.077381481    5.789855579
   -1.047197551    1.745329252    4.360997976   28.053012529    6.069324546
   -0.856797996    1.745329252   11.201778703   42.791302908    6.147853258
   -0.666398442    1.745329252   20.235193642   50.666098341    6.615852955
   -0.475998887    1.745329252   30.001612624   50.458196516    7.914058662
   -0.285599332    1.745329252   39.015216289   43.062828399   10.149281945
   -0.095199777    1.745329252   46.104049775   30.708067196   13.037776539
    0.095199777    1.745329252   50.606001770   16.472378426   15.968442308
    0.285599332    1.745329252   52.492252226    3.787102720   18.164583776
    0.475998887    1.745329252   52.375071928   -4.084014104   18.926163512
    0.666398442    1.745329252   51.404045318   -4.943031511   17.883825118
    0.856797996    1.745329252   50.984405352    1.495147102   15.124011070
    1.047197551    1.745329252   52.350138135   13.338805472   11.174332301
    1.237597106    1.745329252   56.172783352   26.563778428    6.764569243
    1.427996661    1.745329252   62.254395620   36.272568580    2.562630752
    1.618396215    1.745329252   69.504786918   38.282255766   -1.065663034
    1.808795770    1.745329252   76.216841590   30.502921928   -4.104911288
    1.999195325    1.745329252   80.543477231   13.585867204   -6.769488762
    2.189594880    1.745329252   81.009791590   -9.359415496   -9.295121171
    2.379994435    1.745329252   76.903545057  -33.588259602  -11.756563064
    2.570393989    1.745329252   68.470082154  -53.983332412  -14.003521909
    2.760793544    1.745329252   56.869749315  -66.267213059  -15.726264359
    2.951193099    1.745329252   43.919137050  -67.960014767  -16.603159265

   -3.141592654    2.094395102   24.664876058  -58.712094468  -18.824798943
   -2.951193099    2.094395102   15.104999905  -41.013218375  -17.744831324
   -2.760793544    2.094395102    9.171353759  -21.604884746  -15.795749105
   -2.570393989    2.094395102    6.627771122   -6.247280734  -13.186678206
   -2.379994435    2.094395102    6.292480757    1.233803976  -10.095703183
   -2.189594880    2.094395102    6.565052957    0.404276502   -6.611072306
   -1.999195325    2.094395102    6.121392916   -5.487708651   -2.797575272
   -1.808795770    2.094395102    4.500952079  -10.996667042    1.172699030
   -1.618396215    2.094395102    2.292730667  -10.974044061    4.949137113
   -1.427996661    2.094395102    0.842282854   -2.954401575    8.098326145
   -1.237597106    2.094395102    1.610745633   11.822220857   10.322186588
   -1.047197551    2.094395102    5.526710725   29.241419096   11.638841572
   -0.856797996    2.094395102   12.618744287   44.395645719   12.380549724
   -0.666398442    2.094395102   22.061191340   53.437665676   13.003216425
   -0.475998887    2.094395102   32.483731798   54.534026234   13.831451530
   -0.285599332    2.094395102   42.355502715   47.838787721   14.887312436
   -0.095199777    2.094395102   50.327784157   34.979136608   15.854760519
    0.095199777    2.094395102   55.478977063   18.775475857   16.186686014
    0.285599332    2.094395102   57.516613143    2.911187698   15.301386318
    0.475998887    2.094395102   56.884879314   -8.602260180   12.845372277
    0.666398442    2.094395102   54.742494014  -12.543040613    8.904146304
    0.856797996    2.094395102   52.693663057   -7.702316918    4.028157409
    1.047197551    2.094395102   52.302561252    4.378015009   -0.930767006
    1.237597106    2.094395102   54.566787659   19.340658405   -5.174687518
    1.427996661    2.094395102   59.495105542   31.397538042   -8.242654293
    1.618396215    2.094395102   66.018363775   35.393806487  -10.157393649
    1.808795770    2.094395102   72.293329462   28.615910722  -11.324824734
    1.999195325    2.094395102   76.269470338   11.642195577  -12.287259942
    2.189594880    2.094395102   76.304052340  -11.998263742  -13.461126328
    2.379994435    2.094395102   71.623398741  -36.918781984  -14.973005573
    2.570393989    2.094395102   62.530984028  -57.435795108  -16.643706522
    2.760793544    2.094395102   50.327857544  -68.990502800  -18.095295525
    2.951193099    2.094395102   36.988770723  -69.214261006  -18.916339978

   -3.141592654    2.443460953   18.304561908  -58.284487169  -13.270640292
   -2.951193099    2.443460953    8.968868493  -39.112050894  -11.829070850
   -2.760793544    2.443460953    3.526139861  -18.402171948   -9.743863518
   -2.570393989    2.443460953    1.697200286   -1.990619081   -7.162458827
   -2.379994435    2.443460953    2.259985901    6.391952451   -4.185595237
   -2.189594880    2.443460953    3.597170031    6.418588270   -0.805203897
   -1.999195325    2.443460953    4.374010706    1.278883929    3.025521271
   -1.808795770    2.443460953    4.087380374   -3.848472099    7.236346890
   -1.618396215    2.443460953    3.226951102   -4.092863814   11.522113364
   -1.427996661    2.443460953    3.005824283    2.973978339   15.393667213
   -1.237597106    2.443460953    4.779923552   16.426565270   18.381171570
   -1.047197551    2.443460953    9.452069634   32.627083556   20.246545419
   -0.856797996    2.443460953   17.104622899   46.969451260   21.047664790
   -0.666398442    2.443460953   26.990410178   55.549051557   21.011244662
   -0.475998887    2.443460953   37.773320027   56.159674412   20.334315827
   -0.285599332    2.443460953   47.872210545   48.474923039   19.045229439
   -0.095199777    2.443460953   55.805943186   33.789098955   16.976146167
    0.095199777    2.443460953   60.487925362   14.913135867   13.866735592
    0.285599332    2.443460953   61.499734486   -4.015609267    9.537887632
    0.475998887    2.443460953   59.283402453  -18.168880338    4.102222536
    0.666398442    2.443460953   55.166187106  -23.432094985   -1.920017688
    0.856797996    2.443460953   51.064053906  -18.039354779   -7.682757180
    1.047197551    2.443460953   48.899193947   -3.675017558  -12.278353775
    1.237597106    2.443460953   49.932076391   14.533706525  -15.114196598
    1.427996661    2.443460953   54.251480008   29.703863856  -16.123813026
    1.618396215    2.443460953   60.670640971   35.778988716  -15.758734339
    1.808795770    2.443460953   67.104883888   29.678805815  -14.747046375
    1.999195325    2.443460953   71.248439908   12.186827015  -13.781104851
    2.189594880    2.443460953   71.282745919  -12.581822836  -13.283979873
    2.379994435    2.443460953   66.381915080  -38.578538900  -13.330132817
    2.570393989    2.443460953   56.911584645  -59.616901654  -13.706126257
    2.760793544    2.443460953   44.304901303  -70.910179859  -14.047358933
    2.951193099    2.443460953   30.682397885  -70.176023191  -13.984780309

   -3.141592654    2.792526803   15.135868209  -56.885520507    1.070124475
   -2.951193099    2.792526803    6.143647089  -36.919541434    3.220656351
   -2.760793544    2.792526803    1.193363832  -15.441260285    5.223980399
   -2.570393989    2.792526803    0.000000000    1.721266457    7.029271693
   -2.379994435    2.792526803    1.348594233   10.959456990    8.764571014
   -2.189594880    2.792526803    3.653566287   12.045761563   10.730968290
   -1.999195325    2.792526803    5.613185017    8.064546882   13.254837107
   -1.808795770    2.792526803    6.711705931    3.826530311   16.466131858
   -1.618396215    2.792526803    7.343592585    3.754528340   20.134959630
   -1.427996661    2.792526803    8.556612445   10.027990244   23.702852571
   -1.237597106    2.792526803   11.529605966   21.852531415   26.499844151
   -1.047197551    2.792526803   17.041930423   35.992403741   28.011118116
   -0.856797996    2.792526803   25.132213996   48.210793992   28.028133459
   -0.666398442    2.792526803   35.059102821   54.745361039   26.604484352
   -0.475998887    2.792526803   45.494594500   53.297376646   23.916694503
   -0.285599332    2.792526803   54.839036586   43.373153913   20.142455662
   -0.095199777    2.792526803   61.570566843   26.242979485   15.406001607
    0.095199777    2.792526803   64.582192066    4.951918682    9.832032340
    0.285599332    2.792526803   63.507127292  -15.828921849    3.642936465
    0.475998887    2.792526803   58.957051904  -30.611691354   -2.726659057
    0.666398442    2.792526803   52.544673045  -34.788157763   -8.618758875
    0.856797996    2.792526803   46.522012748  -26.587815553  -13.284764376
    1.047197551    2.792526803   43.088820429   -8.341918709  -16.135247295
    1.237597106    2.792526803   43.613839030   13.787796940  -16.999701563
    1.427996661    2.792526803   48.093419122   31.917134602  -16.183133348
    1.618396215    2.792526803   55.097023624   39.454883277  -14.317624126
    1.808795770    2.792526803   62.253296447   33.393405432  -12.080261967
    1.999195325    2.792526803   67.029335934   15.023889336   -9.948245283
    2.189594880    2.792526803   67.492460857  -10.907060020   -8.097237697
    2.379994435    2.792526803   62.812479859  -37.860922798   -6.454567910
    2.570393989    2.792526803   53.423055388  -59.394385476   -4.831830889
    2.760793544    2.792526803   40.853465542  -70.662501187   -3.060482927
    2.951193099    2.792526803   27.315891437  -69.484669443   -1.072632493
