#! FIELDS phi psi file.free der_phi der_psi
#! SET min_phi -pi
#! SET max_phi pi
#! SET nbins_phi  33
#! SET periodic_phi true
#! SET min_psi -pi
#! SET max_psi pi
#! SET nbins_psi  18
#! SET periodic_psi true
   -3.141592654   -3.141592654   17.497020598  -52.839470426   17.203267501
   -2.951193099   -3.141592654    9.189514906  -33.840893495   19.504116888
   -2.760793544   -3.141592654    4.722003244  -13.449337389   20.884936123
   -2.570393989   -3.141592654    3.824038419    2.900519334   21.528940635
   -2.379994435   -3.141592654    5.372694168   12.017491203   21.887895034
   -2.189594880   -3.141592654    7.939167156   13.877122598   22.559515709
   -1.999195325   -3.141592654   10.383274265   11.399804063   24.049853935
   -1.808795770   -3.141592654   12.280573491    8.845950489   26.513891042
   -1.618396215   -3.141592654   13.990816925    9.910241030   29.613658585
   -1.427996661   -3.141592654   16.397785057   16.198049771   32.601248394
   -1.237597106   -3.141592654   20.442805293   26.732860130   34.599005637
   -1.047197551   -3.141592654   26.672618214   38.504606404   34.922677420
   -0.856797996   -3.141592654   34.959274298   47.690263573   33.287302797
   -0.666398442   -3.141592654   44.474626502   50.927535877   29.789404562
   -0.475998887   -3.141592654   53.869856701   46.219309219   24.775897299
   -0.285599332   -3.141592654   61.575056011   33.299728903   18.692044747
   -0.095199777   -3.141592654   66.143387272   13.715819563   11.978589830
    0.095199777   -3.141592654   66.605289094   -9.119489880    5.065400695
    0.285599332   -3.141592654   62.807601089  -30.098844368   -1.598274267
    0.475998887   -3.141592654   55.652469250  -43.419753522   -7.492779884
    0.666398442   -3.141592654   47.073664225  -44.486373129  -12.063717754
    0.856797996   -3.141592654   39.596963676  -32.028797883  -14.841511585
    1.047197551   -3.141592654   35.559409907   -9.286781121  -15.626893188
    1.237597106   -3.141592654   36.280771841   16.611060508  -14.620644952
    1.427996661   -3.141592654   41.550049985   37.143499103  -12.357489979
    1.618396215   -3.141592654   49.659521982   45.633807144   -9.472542157
    1.808795770   -3.141592654   57.994150090   39.468727558   -6.434908515
    1.999195325   -3.141592654   63.876344344   20.544649853   -3.410405325
    2.189594880   -3.141592654   65.339095434   -5.889495562   -0.312309790
    2.379994435   -3.141592654   61.588458080  -33.063022276    3.022248568
    2.570393989   -3.141592654   53.112429534  -54.579665578    6.651901599
    2.760793544   -3.141592654   41.466137137  -65.809776159   10.440341106
    2.951193099   -3.141592654   28.840484234  -64.836969304   14.082275911

   -3.141592654   -2.792526803   25.037691860  -48.752501926   25.516007282
   -2.951193099   -2.792526803   17.317595597  -31.771970790   27.500717404
   -2.760793544   -2.792526803   13.069422049  -13.126887195   28.239403471
   -2.570393989   -2.792526803   12.125811136    2.265202840   28.073067597
   -2.379994435   -2.792526803   13.550992615   11.556440034   27.606147917
   -2.189594880   -2.792526803   16.138652742   14.727540098   27.519254567
   -1.999195325   -2.792526803   18.930527115   14.260972573   28.309804154
   -1.808795770   -2.792526803   21.563029845   13.613793057   30.050972843
   -1.618396215   -2.792526803   24.288784201   15.579668048   32.297607707
   -1.427996661   -2.792526803   27.732831603   21.130931110   34.208531498
   -1.237597106   -2.792526803   32.505653847   29.187132247   34.854435665
   -1.047197551   -2.792526803   38.857266540   37.188847348   33.556513279
   -0.856797996   -2.792526803   46.485232154   42.078849026   30.108718851
   -0.666398442   -2.792526803   54.539209324   41.304188739   24.771141355
   -0.475998887   -2.792526803   61.788582694   33.508805003   18.124471466
   -0.285599332   -2.792526803   66.880994693   18.810898946   10.872571541
   -0.095199777   -2.792526803   68.636464716   -1.089451777    3.675661210
    0.095199777   -2.792526803   66.362693635  -22.820467040   -2.918716393
    0.285599332   -2.792526803   60.162617650  -41.432933511   -8.481095902
    0.475998887   -2.792526803   51.156126060  -51.390908956  -12.659431479
    0.666398442   -2.792526803   41.431503669  -48.485146622  -15.185951790
    0.856797996   -2.792526803   33.579337118  -32.005247139  -15.924391057
    1.047197551   -2.792526803   29.883400912   -5.858342911  -14.965695408
    1.237597106   -2.792526803   31.491775919   22.293889321  -12.668846271
    1.427996661   -2.792526803   37.953477851   43.797128108   -9.564076718
    1.618396215   -2.792526803   47.341138223   52.306113390   -6.139757152
    1.808795770   -2.792526803   56.915162339   45.819756855   -2.656814722
    1.999195325   -2.792526803   63.989283540   26.778216721    0.904167617
    2.189594880   -2.792526803   66.660952094    0.633884298    4.725636334
    2.379994435   -2.792526803   64.199661841  -26.043838547    8.952167221
    2.570393989   -2.792526803   57.094145039  -47.283366469   13.524656820
    2.760793544   -2.792526803   46.818227551  -58.847266764   18.130488332
    2.951193099   -2.792526803   35.425900507  -58.988523438   22.289721205

   -3.141592654   -2.443460953   33.713095049  -44.539605771   22.874204068
   -2.951193099   -2.443460953   26.582555957  -29.794320097   24.388279983
   -2.760793544   -2.443460953   22.519915741  -13.055165896   24.890634104
   -2.570393989   -2.443460953   21.471677116    1.267193680   24.710661892
   -2.379994435   -2.443460953   22.691308254   10.579647128   24.339378876
   -2.189594880   -2.443460953   25.174389682   14.733903683   24.256594762
   -1.999195325   -2.443460953   28.099806852   15.664659373   24.736256275
   -1.808795770   -2.443460953   31.107799366   16.022167777   25.687733870
   -1.618396215   -2.443460953   34.300170370   17.837622504   26.632702515
   -1.427996661   -2.443460953   38.037687371   21.706563875   26.847223050
   -1.237597106   -2.443460953   42.648143448   26.735402635   25.640596060
   -1.047197551   -2.443460953   48.183973971   31.050842936   22.631046900
   -0.856797996   -2.443460953   54.302278734   32.480582386   17.901281118
   -0.666398442   -2.443460953   60.273540538   29.249794975   11.938490463
   -0.475998887   -2.443460953   65.106853321   20.456958417    5.451661965
   -0.285599332   -2.443460953   67.739800939    6.277010886   -0.844462440
   -0.095199777   -2.443460953   67.260644371  -11.845424760   -6.392587125
    0.095199777   -2.443460953   63.176728719  -30.975526167  -10.847382287
    0.285599332   -2.443460953   55.702997608  -46.618477673  -14.050645247
    0.475998887   -2.443460953   45.993991600  -53.604532132  -15.960267999
    0.666398442   -2.443460953   36.112397258  -47.971380437  -16.601966194
    0.856797996   -2.443460953   28.582285522  -29.215292264  -16.043253505
    1.047197551   -2.443460953   25.582932446   -1.433567802  -14.425388086
    1.237597106   -2.443460953   28.129216837   27.605135115  -11.987695018
    1.427996661   -2.443460953   35.633385490   49.355751708   -9.035838091
    1.618396215   -2.443460953   46.074170243   57.794202693   -5.833852981
    1.808795770   -2.443460953   56.691055326   51.332758291   -2.513732772
    1.999195325   -2.443460953   64.846762657   32.692159829    0.946663192
    2.189594880   -2.443460953   68.713925921    7.309913283    4.645510467
    2.379994435   -2.443460953   67.603958555  -18.561042086    8.626013795
    2.570393989   -2.443460953   61.971572898  -39.405176058   12.772683509
    2.760793544   -2.443460953   53.173990192  -51.355321993   16.789456151
    2.951193099   -2.443460953   43.100420365  -52.784421112   20.278177408

   -3.141592654   -2.094395102   39.800786602  -41.436770344   13.547738107
   -2.951193099   -2.094395102   33.127500023  -28.080202153   14.574726501
   -2.760793544   -2.094395102   29.279534363  -12.444931721   15.100803064
   -2.570393989   -2.094395102   28.282567077    1.296294443   15.289391207
   -2.379994435   -2.094395102   29.498569191   10.598477063   15.319573032
   -2.189594880   -2.094395102   32.016174015   15.109782393   15.297477611
   -1.999195325   -2.094395102   35.044966736   16.317350946   15.190621532
   -1.808795770   -2.094395102   38.157669084   16.327968140   14.798074809
   -1.618396215   -2.094395102   41.294404495   16.762639038   13.802646763
   -1.427996661   -2.094395102   44.609387492   18.197269653   11.885992392
   -1.237597106   -2.094395102   48.266250558   20.194963275    8.881292105
   -1.047197551   -2.094395102   52.276214810   21.683538622    4.875343683
   -0.856797996   -2.094395102   56.416634024   21.302328973    0.220930277
   -0.666398442   -2.094395102   60.204834198   17.768125210   -4.575401147
   -0.475998887   -2.094395102   62.944874439   10.187437563   -8.999003618
   -0.285599332   -2.094395102   63.828480137   -1.688042550  -12.653098645
   -0.095199777   -2.094395102   62.093893512  -17.041433603  -15.331053407
    0.095199777   -2.094395102   57.277841940  -33.524878626  -17.018335970
    0.285599332   -2.094395102   49.531129388  -47.026275579  -17.839561456
    0.475998887   -2.094395102   39.899497157  -52.476449269  -17.976317114
    0.666398442   -2.094395102   30.339524737  -45.777710263  -17.583763730
    0.856797996   -2.094395102   23.305132264  -26.220195416  -16.721218472
    1.047197551   -2.094395102   20.940539923    2.236650174  -15.367286894
    1.237597106   -2.094395102   24.241530180   31.844214770  -13.483479396
    1.427996661   -2.094395102   32.597595758   54.038669513  -11.096090260
    1.618396215   -2.094395102   43.963009514   62.803039584   -8.304508753
    1.808795770   -2.094395102   55.560515285   56.616143707   -5.254427394
    1.999195325   -2.094395102   64.751038909   38.275553769   -2.084065074
    2.189594880   -2.094395102   69.713081539   13.211730410    1.100613910
    2.379994435   -2.094395102   69.750809750  -12.448596433    4.210971191
    2.570393989   -2.094395102   65.280563834  -33.383703321    7.144346493
    2.760793544   -2.094395102   57.585978234  -45.881019737    9.767812269
    2.951193099   -2.094395102   48.465053545  -48.332553813   11.938194240

   -3.141592654   -1.745329252   42.361964322  -39.551140092    4.276311259
   -2.951193099   -1.745329252   35.988330184  -26.821301378    4.805375930
   -2.760793544   -1.745329252   32.323936613  -11.769694386    5.244161159
   -2.570393989   -1.745329252   31.404536294    1.443270160    5.558702599
   -2.379994435   -1.745329252   32.597957393   10.198526759    5.631700782
   -2.189594880   -1.745329252   34.975027792   13.987800829    5.270241807
   -1.999195325   -1.745329252   37.693799544   14.111485138    4.256996746
   -1.808795770   -1.745329252   40.247360479   12.594334254    2.419722425
   -1.618396215   -1.745329252   42.499877871   11.182181150   -0.288760372
   -1.427996661   -1.745329252   44.576725268   10.822771546   -3.745449501
   -1.237597106   -1.745329252   46.698675016   11.583398152   -7.651072579
   -1.047197551   -1.745329252   49.027022465   12.831056621  -11.583751252
   -0.856797996   -1.745329252   51.552795896   13.390915641  -15.085551031
   -0.666398442   -1.745329252   54.008225002   11.820358017  -17.779600280
   -0.475998887   -1.745329252   55.852886228    6.786790415  -19.450161511
   -0.285599332   -1.745329252   56.336899540   -2.522101997  -20.078856101
   -0.095199777   -1.745329252   54.652895162  -15.790370012  -19.832874201
    0.095199777   -1.745329252   50.211555033  -30.982310237  -19.015451581
    0.285599332   -1.745329252   43.001354861  -44.061550314  -17.979803278
    0.475998887   -1.745329252   33.917520018  -49.771975352  -17.027384245
    0.666398442   -1.745329252   24.821463528  -43.617858170  -16.308057916
    0.856797996   -1.745329252   18.155647163  -24.449647638  -15.745225535
    1.047197551   -1.745329252   16.126166835    4.076960033  -15.079695005
    1.237597106   -1.745329252   19.824619505   34.238864118  -13.994758452
    1.427996661   -1.745329252   28.715338684   57.269460947  -12.295667911
    1.618396215   -1.745329252   40.776210485   66.834786057   -9.998444230
    1.808795770   -1.745329252   53.197259745   61.163677702   -7.323817288
    1.999195325   -1.745329252   63.274056237   42.964959696   -4.593179718
    2.189594880   -1.745329252   69.116999450   17.720550062   -2.100086620
    2.379994435   -1.745329252   69.979428172   -8.327444648   -0.026723376
    2.570393989   -1.745329252   66.248775165  -29.752348610    1.575862327
    2.760793544   -1.745329252   59.194898271  -42.792630600    2.758420113
    2.951193099   -1.745329252   50.607534279  -45.826186293    3.622352826

   -3.141592654   -1.396263402   40.694564093  -40.096857952    1.913545084
   -2.951193099   -1.396263402   34.254334694  -26.957601688    1.873289931
   -2.760793544   -1.396263402   30.607825674  -11.472993873    1.777128287
   -2.570393989   -1.396263402   29.767851659    1.911381976    1.530556382
   -2.379994435   -1.396263402   31.025620398   10.293114894    0.918819850
   -2.189594880   -1.396263402   33.328403533   12.986489201   -0.350639820
   -1.999195325   -1.396263402   35.695411776   11.320050859   -2.540195348
   -1.808795770   -1.396263402   37.513277887    7.640936211   -5.742189402
   -1.618396215   -1.396263402   38.626462549    4.255362818   -9.770586271
   -1.427996661   -1.396263402   39.258626432    2.761991615  -14.158581923
   -1.237597106   -1.396263402   39.841336875    3.718792893  -18.271483910
   -1.047197551   -1.396263402   40.807153057    6.617090791  -21.488985351
   -0.856797996   -1.396263402   42.402544564    9.973943743  -23.370311907
   -0.666398442   -1.396263402   44.520031861   11.704968246  -23.755891000
   -0.475998887   -1.396263402   46.642470757    9.714172824  -22.767813790
   -0.285599332   -1.396263402   47.905739312    2.542651700  -20.752485340
   -0.095199777   -1.396263402   47.288741940   -9.881294364  -18.190064161
    0.095199777   -1.396263402   43.943892304  -25.589278947  -15.588714323
    0.285599332   -1.396263402   37.619299162  -40.295284381  -13.375069129
    0.475998887   -1.396263402   29.047974920  -48.190561507  -11.802686760
    0.666398442   -1.396263402   20.055384110  -44.014550188  -10.897628642
    0.856797996   -1.396263402   13.195476031  -25.897716083  -10.446396494
    1.047197551   -1.396263402   10.894591007    2.892255010  -10.093007544
    1.237597106   -1.396263402   14.489131046   34.465818757   -9.468701271
    1.427996661   -1.396263402   23.606836313   59.430618109   -8.352647913
    1.618396215   -1.396263402   36.248063566   70.649937686   -6.734065577
    1.808795770   -1.396263402   49.486808498   65.750920168   -4.793799743
    1.999195325   -1.396263402   60.426837895   47.270154097   -2.811749445
    2.189594880   -1.396263402   66.995498933   20.931723940   -1.055042971
    2.379994435   -1.396263402   68.334675379   -6.551211332    0.300209276
    2.570393989   -1.396263402   64.813484964  -29.273453439    1.197345362
    2.760793544   -1.396263402   57.760837646  -43.168934910    1.687184623
    2.951193099   -1.396263402   49.063640988  -46.514665948    1.883073772

   -3.141592654   -1.047197551   38.013644499  -41.556530513    3.505646752
   -2.951193099   -1.047197551   31.345408064  -27.891873484    2.186928701
   -2.760793544   -1.047197551   27.563127321  -12.022119274    0.702907304
   -2.570393989   -1.047197551   26.618657357    1.251425722   -0.902855469
   -2.379994435   -1.047197551   27.682896503    8.787120322   -2.738084060
   -2.189594880   -1.047197551   29.558776685    9.903466618   -5.048308923
   -1.999195325   -1.047197551   31.153336916    6.270503403   -8.083929805
   -1.808795770   -1.047197551   31.836186261    0.871966927  -11.899988865
   -1.618396215   -1.047197551   31.567702861   -3.277337967  -16.205826249
   -1.427996661   -1.047197551   30.805767394   -4.093507635  -20.380593450
   -1.237597106   -1.047197551   30.266835574   -0.987643336  -23.664681037
   -1.047197551   -1.047197551   30.627276687    5.079842550  -25.426780515
   -0.856797996   -1.047197551   32.261686969   11.897258540  -25.370072121
   -0.666398442   -1.047197551   35.043979980   16.627569614  -23.601644861
   -0.475998887   -1.047197551   38.310986812   16.609545574  -20.560206140
   -0.285599332   -1.047197551   40.971850339   10.098573785  -16.873809426
   -0.095199777   -1.047197551   41.752494354   -2.962418269  -13.186564228
    0.095199777   -1.047197551   39.579702714  -20.334559649  -10.002405205
    0.285599332   -1.047197551   34.048098058  -37.265115880   -7.581121286
    0.475998887   -1.047197551   25.839715224  -47.361878469   -5.923226380
    0.666398442   -1.047197551   16.839895875  -44.786184098   -4.841414048
    0.856797996   -1.047197551    9.758075623  -27.293914161   -4.055513951
    1.047197551   -1.047197551    7.217115144    1.914975806   -3.313543134
    1.237597106   -1.047197551   10.729078040   34.644786385   -2.435805319
    1.427996661   -1.047197551   20.013563576   60.975943964   -1.352713782
    1.618396215   -1.047197551   33.056040492   73.212531554   -0.079426734
    1.808795770   -1.047197551   46.824841470   68.612643515    1.303646450
    1.999195325   -1.047197551   58.275549330   49.646509681    2.671555195
    2.189594880   -1.047197551   65.202536154   22.248999825    3.874558613
    2.379994435   -1.047197551   66.672482979   -6.497921836    4.759854978
    2.570393989   -1.047197551   63.052572735  -30.305160538    5.199297612
    2.760793544   -1.047197551   55.733391270  -44.847516772    5.121547003
    2.951193099   -1.047197551   46.697589355  -48.303543439    4.529233831

   -3.141592654   -0.698131701   37.639025225  -45.537640526    3.961375027
   -2.951193099   -0.698131701   30.188018943  -32.060981467    1.785523416
   -2.760793544   -0.698131701   25.622469342  -16.047551955   -0.582927083
   -2.570393989   -0.698131701   23.928312454   -2.628046953   -3.033187882
   -2.379994435   -0.698131701   24.240737598    4.685453704   -5.608535144
   -2.189594880   -0.698131701   25.272555267    5.058468896   -8.498375424
   -1.999195325   -0.698131701   25.848574895    0.417938599  -11.885424129
   -1.808795770   -0.698131701   25.344166408   -5.620566767  -15.713080770
   -1.618396215   -0.698131701   23.857992906   -9.349923350  -19.538578571
   -1.427996661   -0.698131701   22.091677345   -8.334276802  -22.609736805
   -1.237597106   -0.698131701   21.018298581   -2.205357496  -24.157087367
   -1.047197551   -0.698131701   21.479342136    7.364815853  -23.729469236
   -0.856797996   -0.698131701   23.858254909   17.296481893  -21.388802409
   -0.666398442   -0.698131701   27.882127703   24.041595903  -17.665779226
   -0.475998887   -0.698131701   32.637308075   24.570017058  -13.342259387
   -0.285599332   -0.698131701   36.750513296   17.171980148   -9.185666417
   -0.095199777   -0.698131701   38.707628918    2.192928001   -5.717528533
    0.095199777   -0.698131701   37.298208752  -17.474908158   -3.088427165
    0.285599332   -0.698131701   32.113260592  -36.375649962   -1.099226221
    0.475998887   -0.698131701   23.952092196  -47.599249693    0.625028455
    0.666398442   -0.698131701   14.882193789  -45.133019803    2.389299119
    0.856797996   -0.698131701    7.792133398  -26.953701805    4.261882493
    1.047197551   -0.698131701    5.415936701    3.317064085    6.052088092
    1.237597106   -0.698131701    9.293273265   37.025489749    7.484925598
    1.427996661   -0.698131701   19.096975506   63.965116215    8.378726236
    1.618396215   -0.698131701   32.730447203   76.349005071    8.753048062
    1.808795770   -0.698131701   47.077006480   71.478555252    8.785614742
    1.999195325   -0.698131701   59.020364228   51.904815222    8.680329194
    2.189594880   -0.698131701   66.296874016   23.621200784    8.543454492
    2.379994435   -0.698131701   67.924769749   -6.244637702    8.336059487
    2.570393989   -0.698131701   64.233973384  -31.315326799    7.909182339
    2.760793544   -0.698131701   56.600412631  -47.123489418    7.091202915
    2.951193099   -0.698131701   47.026062312  -51.629818619    5.771375610

   -3.141592654   -0.349065850   38.549004065  -50.299329245    3.762178532
   -2.951193099   -0.349065850   30.145187575  -37.220213210    0.749025367
   -2.760793544   -0.349065850   24.592603766  -21.195459276   -2.389989649
   -2.570393989   -0.349065850   21.933586948   -7.617505007   -5.455034858
   -2.379994435   -0.349065850   21.296170218   -0.360120660   -8.415418214
   -2.189594880   -0.349065850   21.331027738   -0.422502004  -11.404763188
   -1.999195325   -0.349065850   20.809142510   -5.599516722  -14.545941041
   -1.808795770   -0.349065850   19.147746210  -11.589211211  -17.700513340
   -1.618396215   -0.349065850   16.627709380  -13.981706558  -20.342996502
   -1.427996661   -0.349065850   14.227839257  -10.124173319  -21.703851306
   -1.237597106   -0.349065850   13.168661061   -0.177008210  -21.143168402
   -1.047197551   -0.349065850   14.380848416   13.111504289  -18.515086408
   -0.856797996   -0.349065850   18.120241966   25.565560011  -14.305653230
   -0.666398442   -0.349065850   23.814654837   32.994525557   -9.438856500
   -0.475998887   -0.349065850   30.192397874   32.390950215   -4.907250165
   -0.285599332   -0.349065850   35.586388745   22.674825962   -1.410326581
   -0.095199777   -0.349065850   38.346265222    5.167483502    0.871390981
    0.095199777   -0.349065850   37.316228806  -16.274299938    2.286750558
    0.285599332   -0.349065850   32.294613781  -35.624375579    3.516438953
    0.475998887   -0.349065850   24.337820477  -46.046031213    5.218107618
    0.666398442   -0.349065850   15.694390716  -42.196726484    7.677345393
    0.856797996   -0.349065850    9.277187865  -22.968882096   10.651998399
    1.047197551   -0.349065850    7.687783730    7.404405462   13.494576241
    1.237597106   -0.349065850   12.271863053   40.216954178   15.525603579
    1.427996661   -0.349065850   22.551237260   65.732505269   16.364498921
    1.618396215   -0.349065850   36.388661146   76.781283901   16.074160421
    1.808795770   -0.349065850   50.727135778   71.055691089   15.046852034
    1.999195325   -0.349065850   62.548245833   51.110720717   13.749927316
    2.189594880   -0.349065850   69.656585508   22.656231815   12.491711376
    2.379994435   -0.349065850   71.075461599   -7.522300029   11.321672196
    2.570393989   -0.349065850   67.085341977  -33.243724617   10.072489541
    2.760793544   -0.349065850   58.996525388  -50.019114744    8.493576169
    2.951193099   -0.349065850   48.770425828  -55.566830873    6.395880258

   -3.141592654    0.000000000   39.626568095  -55.578795312    2.121064736
   -2.951193099    0.000000000   30.178182286  -42.820371092   -0.745307621
   -2.760793544    0.000000000   23.562734580  -26.689495752   -3.533888979
   -2.570393989    0.000000000   19.886982892  -12.788256236   -6.117484250
   -2.379994435    0.000000000   18.290228495   -5.296218013   -8.524391567
   -2.189594880    0.000000000   17.390389530   -5.321929818  -10.894885463
   -1.999195325    0.000000000   15.942904080  -10.353460838  -13.292860349
   -1.808795770    0.000000000   13.443468836  -15.455131625  -15.488607750
   -1.618396215    0.000000000   10.370369491  -15.690327504  -16.906079629
   -1.427996661    0.000000000    7.949764172   -8.478443962  -16.841324171
   -1.237597106    0.000000000    7.560874564    5.185384504  -14.867014416
   -1.047197551    0.000000000   10.087941398   21.311309504  -11.151199112
   -0.856797996    0.000000000   15.515185607   34.734341193   -6.481611316
   -0.666398442    0.000000000   22.877017705   41.013776654   -1.929394037
   -0.475998887    0.000000000   30.542650865   37.721462309    1.608337441
   -0.285599332    0.000000000   36.654380089   24.915908171    3.766796406
   -0.095199777    0.000000000   39.604393789    5.144347868    4.835926685
    0.095199777    0.000000000   38.484816864  -16.874152613    5.599363420
    0.285599332    0.000000000   33.442458752  -34.972508361    6.977554161
    0.475998887    0.000000000   25.830236951  -42.985706585    9.579163041
    0.666398442    0.000000000   18.005286724  -36.789916099   13.375121467
    0.856797996    0.000000000   12.750539411  -16.468326553   17.657955580
    1.047197551    0.000000000   12.362569782   13.218250227   21.344879509
    1.237597106    0.000000000   17.865763104   43.880867175   23.497760063
    1.427996661    0.000000000   28.586306225   66.705235405   23.718337873
    1.618396215    0.000000000   42.380346183   75.491422770   22.243319069
    1.808795770    0.000000000   56.332535581   68.468454092   19.726413739
    1.999195325    0.000000000   67.613044573   48.151804996   16.881635043
    2.189594880    0.000000000   74.165386889   19.814792651   14.193000843
    2.379994435    0.000000000   75.056110142  -10.270738118   11.808586903
    2.570393989    0.000000000   70.524404859  -36.260622549    9.606140379
    2.760793544    0.000000000   61.802283832  -53.716500110    7.352354094
    2.951193099    0.000000000   50.790185492  -60.125518543    4.864322877

   -3.141592654    0.349065850   41.473595596  -59.551738404    1.123197301
   -2.951193099    0.349065850   31.234524086  -47.090158195   -0.764906233
   -2.760793544    0.349065850   23.796575318  -31.007085724   -2.438074236
   -2.570393989    0.349065850   19.306953121  -17.001189405   -3.901618600
   -2.379994435    0.349065850   16.917529020   -9.412182412   -5.264113283
   -2.189594880    0.349065850   15.241013875   -9.342458916   -6.669819631
   -1.999195325    0.349065850   13.057944307  -13.962011605   -8.139947296
   -1.808795770    0.349065850    9.970907021  -17.845507745   -9.428023685
   -1.618396215    0.349065850    6.644400971  -15.783575470  -10.034823176
   -1.427996661    0.349065850    4.490250958   -5.522425280   -9.436251590
   -1.237597106    0.349065850    4.947930513   10.998487602   -7.422061045
   -1.047197551    0.349065850    8.757622560   28.670908627   -4.304470083
   -0.856797996    0.349065850   15.579938750   41.694016707   -0.844728613
   -0.666398442    0.349065850   24.085499724   45.845274342    2.121470402
   -0.475998887    0.349065850   32.399509609   39.679106009    4.089423748
   -0.285599332    0.349065850   38.645198696   24.557912368    5.122827355
   -0.095199777    0.349065850   41.430437758    4.097602834    5.824434817
    0.095199777    0.349065850   40.209720469  -16.555232173    7.053022948
    0.285599332    0.349065850   35.494326832  -31.670618405    9.535789584
    0.475998887    0.349065850   28.841328113  -36.269042272   13.491525399
    0.666398442    0.349065850   22.546752519  -27.735145548   18.453998187
    0.856797996    0.349065850   19.068884165   -7.298518498   23.377030688
    1.047197551    0.349065850   20.242820255   20.085309903   27.034985736
    1.237597106    0.349065850   26.695623128   46.836371551   28.539928817
    1.427996661    0.349065850   37.575783987   65.515466948   27.676140936
    1.618396215    0.349065850   50.822124922   71.179334211   24.901397160
    1.808795770    0.349065850   63.784147118   62.667119004   21.061948210
    1.999195325    0.349065850   73.940688445   42.359058004   17.009028120
    2.189594880    0.349065850   79.465816860   14.901096774   13.316968295
    2.379994435    0.349065850   79.521726330  -14.159026520   10.198384595
    2.570393989    0.349065850   74.319938469  -39.505301964    7.587099142
    2.760793544    0.349065850   64.996248885  -56.886576112    5.294755019
    2.951193099    0.349065850   53.351714547  -63.638622516    3.157505348

   -3.141592654    0.698131701   43.136522257  -62.316021592   -0.061110879
   -2.951193099    0.698131701   32.362329841  -49.902659532   -0.633151014
   -2.760793544    0.698131701   24.394686662  -33.718899940   -0.943346941
   -2.570393989    0.698131701   19.407091559  -19.500211085   -1.133681646
   -2.379994435    0.698131701   16.563000787  -11.687102613   -1.365255872
   -2.189594880    0.698131701   14.473205680  -11.395080698   -1.760996514
   -1.999195325    0.698131701   11.931134290  -15.627170664   -2.323063022
   -1.808795770    0.698131701    8.595289253  -18.704672808   -2.885070669
   -1.618396215    0.698131701    5.223607298  -15.322139681   -3.159814552
   -1.427996661    0.698131701    3.305996030   -3.502964456   -2.885463755
   -1.237597106    0.698131701    4.272553634   14.208382878   -1.998440351
   -1.047197551    0.698131701    8.734618104   32.116353760   -0.698639145
   -0.856797996    0.698131701   16.146494913   44.281787484    0.649542014
   -0.666398442    0.698131701   25.007241408   46.954247222    1.768180446
   -0.475998887    0.698131701   33.405315020   39.571521487    2.663814683
   -0.285599332    0.698131701   39.599893361   24.370225083    3.674555926
   -0.095199777    0.698131701   42.465872466    5.395079022    5.343932062
    0.095199777    0.698131701   41.746058778  -12.417541282    8.159302928
    0.285599332    0.698131701   38.137828515  -24.195816733   12.296611759
    0.475998887    0.698131701   33.177617420  -26.190779690   17.433809999
    0.666398442    0.698131701   28.905962965  -16.956499893   22.759531941
    0.856797996    0.698131701   27.352838842    1.721438875   27.172494340
    1.047197551    0.698131701   29.904485261   25.265307571   29.665318360
    1.237597106    0.698131701   36.892737925   47.255628288   29.704448192
    1.427996661    0.698131701   47.427143764   61.660389767   27.411459407
    1.618396215    0.698131701   59.649039359   64.581305872   23.452560721
    1.808795770    0.698131701   71.241066333   55.169384815   18.732785041
    1.999195325    0.698131701   80.006509585   35.436874204   14.066652884
    2.189594880    0.698131701   84.334486238    9.309152253    9.977454106
    2.379994435    0.698131701   83.462158027  -18.358232403    6.670371532
    2.570393989    0.698131701   77.564691520  -42.702610586    4.127902766
    2.760793544    0.698131701   67.685219025  -59.611692463    2.234614470
    2.951193099    0.698131701   55.531851807  -66.299416806    0.868506760

   -3.141592654    1.047197551   41.508602792  -62.885469261   -3.495235993
   -2.951193099    1.047197551   30.723037197  -49.471092198   -2.539293674
   -2.760793544    1.047197551   22.908748833  -32.591679962   -1.328423249
   -2.570393989    1.047197551   18.169458645  -18.084513815   -0.175036352
   -2.379994435    1.047197551   15.590061670  -10.377296261    0.710228176
   -2.189594880    1.047197551   13.716569331  -10.457697701    1.250101255
   -1.999195325    1.047197551   11.310572375  -15.127260978    1.473520418
   -1.808795770    1.047197551    8.036151507  -18.532376611    1.456841993
   -1.618396215    1.047197551    4.680025426  -15.310038266    1.269912065
   -1.427996661    1.047197551    2.757380175   -3.572090381    0.958162192
   -1.237597106    1.047197551    3.698561921   13.983790338    0.560591674
   -1.047197551    1.047197551    8.093496084   31.609240635    0.154277858
   -0.856797996    1.047197551   15.384328113   43.553033966   -0.103848783
   -0.666398442    1.047197551   24.117454838   46.453741400    0.062391077
   -0.475998887    1.047197551   32.507159119   40.142213520    1.009831609
   -0.285599332    1.047197551   38.991691391   27.000452822    3.080932483
   -0.095199777    1.047197551   42.614606021   10.786025626    6.478644543
    0.095199777    1.047197551   43.192928641   -4.238313004   11.130284993
    0.285599332    1.047197551   41.346314655  -14.093067869   16.616050491
    0.475998887    1.047197551   38.365670852  -15.819339653   22.173220410
    0.666398442    1.047197551   35.931586981   -8.366027947   26.840503917
    0.856797996    1.047197551   35.697224331    6.740338183   29.685438932
    1.047197551    1.047197551   38.782523725   25.789492973   30.110891470
    1.237597106    1.047197551   45.451907707   43.518829510   28.055606459
    1.427996661    1.047197551   54.957751624   54.848484471   24.011579379
    1.618396215    1.047197551   65.717050715   56.294741232   18.807043704
    1.808795770    1.047197551   75.707645806   46.828296035   13.308806707
    1.999195325    1.047197551   82.955310777   27.932358744    8.184685540
    2.189594880    1.047197551   85.965136325    2.987571995    3.826089693
    2.379994435    1.047197551   84.005154054  -23.474243784    0.405986199
    2.570393989    1.047197551   77.242641303  -46.680629532   -2.015329737
    2.760793544    1.047197551   66.711468323  -62.470705879   -3.427764897
    2.951193099    1.047197551   54.121485444  -68.010278186   -3.874965556

   -3.141592654    1.396263402   37.054571803  -61.294761031   -9.207632633
   -2.951193099    1.396263402   26.722376869  -46.397352104   -7.779000596
   -2.760793544    1.396263402   19.575612114  -28.780469963   -5.979328994
   -2.570393989    1.396263402   15.573018168  -14.261882580   -4.125458596
   -2.379994435    1.396263402   13.679737811   -7.055455987   -2.406908600
   -2.189594880    1.396263402   12.367852950   -7.910357528   -0.873312472
   -1.999195325    1.396263402   10.361524860  -13.498026577    0.476866824
   -1.808795770    1.396263402    7.299710476  -17.955594162    1.585926066
   -1.618396215    1.396263402    3.944381084  -15.897449071    2.297413744
   -1.427996661    1.396263402    1.801834829   -5.272033213    2.442856498
   -1.237597106    1.396263402    2.341993298   11.559298072    2.001177410
   -1.047197551    1.396263402    6.266854444   29.240695805    1.215550183
   -0.856797996    1.396263402   13.195283901   42.297716434    0.576916777
   -0.666398442    1.396263402   21.881543729   47.377252861    0.689058189
   -0.475998887    1.396263402   30.718675859   43.998510048    2.055992470
   -0.285599332    1.396263402   38.235799999   33.961002790    4.903095662
   -0.095199777    1.396263402   43.439825760   20.274315843    9.084874176
    0.095199777    1.396263402   45.967909509    6.487017656   14.078484774
    0.285599332    1.396263402   46.142477946   -3.912969007   19.073604040
    0.475998887    1.396263402   44.898180127   -8.043018715   23.142565620
    0.666398442    1.396263402   43.594068452   -4.451173100   25.478981019
    0.856797996    1.396263402   43.680792031    6.187698990   25.600528027
    1.047197551    1.396263402   46.259972119   21.166844003   23.504067975
    1.237597106    1.396263402   51.753387471   36.031704068   19.632111211
    1.427996661    1.396263402   59.680340282   45.991463210   14.717262818
    1.618396215    1.396263402   68.726764713   47.321405019    9.511345649
    1.808795770    1.396263402   77.059686594   38.455644152    4.579839324
    1.999195325    1.396263402   82.791613237   20.394947069    0.225196219
    2.189594880    1.396263402   84.448494904   -3.676824866   -3.444264940
    2.379994435    1.396263402   81.312188847  -29.121287793   -6.383326852
    2.570393989    1.396263402   73.597202166  -50.960473212   -8.513996406
    2.760793544    1.396263402   62.415684216  -64.942233110   -9.721540387
    2.951193099    1.396263402   49.549756445  -68.403261266   -9.931676948

   -3.141592654    1.745329252   31.140853736  -59.085482677  -15.853762831
   -2.951193099    1.745329252   21.376485421  -42.753977994  -14.606715280
   -2.760793544    1.745329252   15.000067756  -24.461684262  -12.704164282
   -2.570393989    1.745329252   11.828649547   -9.945425872  -10.396539628
   -2.379994435    1.745329252   10.722601616   -3.148483022   -7.850985796
   -2.189594880    1.745329252   10.100111222   -4.602789162   -5.127804902
   -1.999195325    1.745329252    8.653953261  -10.965441202   -2.275449167
   -1.808795770    1.745329252    5.976882777  -16.517764684    0.543014057
   -1.618396215    1.745329252    2.762613342  -15.908937424    3.010358931
   -1.427996661    1.745329252    0.472224384   -6.786717324    4.779345250
   -1.237597106    1.745329252    0.622422187    9.119451844    5.694807454
   -1.047197551    1.745329252    4.090080828   27.108719537    5.949550632
   -0.856797996    1.745329252   10.762877433   41.986872845    6.051128294
   -0.666398442    1.745329252   19.665236957   50.105907439    6.614474626
   -0.475998887    1.745329252   29.354115573   50.205718246    8.087712151
   -0.285599332    1.745329252   38.348891733   43.103698080   10.556697609
   -0.095199777    1.745329252   45.465292096   30.925898261   13.688794731
    0.095199777    1.745329252   50.010873730   16.674746375   16.810763261
    0.285599332    1.745329252   51.919007045    3.786852494   19.090777558
    0.475998887    1.745329252   51.774640686   -4.374273741   19.799376719
    0.666398442    1.745329252   50.724888299   -5.458911215   18.570783106
    0.856797996    1.745329252   50.200526142    0.946530784   15.524860983
    1.047197551    1.745329252   51.478749905   13.004440544   11.239383553
    1.237597106    1.745329252   55.274970158   26.640215426    6.497003238
    1.427996661    1.745329252   61.416528525   36.816903118    2.009631166
    1.618396215    1.745329252   68.806880362   39.168238788   -1.825607214
    1.808795770    1.745329252   75.699513408   31.451032780   -4.973299264
    1.999195325    1.745329252   80.187546377   14.281635008   -7.636943324
    2.189594880    1.745329252   80.744107159   -9.133095323  -10.049400015
    2.379994435    1.745329252   76.634251728  -33.837575451  -12.294777437
    2.570393989    1.745329252   68.122757598  -54.510395896  -14.249615823
    2.760793544    1.745329252   56.419861214  -66.769099802  -15.648330987
    2.951193099    1.745329252   43.398879929  -68.167576196  -16.224497396

   -3.141592654    2.094395102   24.254954529  -58.144125660  -18.546240748
   -2.951193099    2.094395102   14.824020060  -40.250851714  -17.365799052
   -2.760793544    2.094395102    9.043754726  -20.784665948  -15.416016909
   -2.570393989    2.094395102    6.651428950   -5.506784992  -12.889662713
   -2.379994435    2.094395102    6.441469571    1.792438887   -9.930799715
   -2.189594880    2.094395102    6.796701425    0.699293916   -6.589064197
   -1.999195325    2.094395102    6.379779610   -5.514347322   -2.900412340
   -1.808795770    2.094395102    4.721618342  -11.368821230    0.975822024
   -1.618396215    2.094395102    2.411864166  -11.663058171    4.689347854
   -1.427996661    2.094395102    0.808073890   -3.860149948    7.804015253
   -1.237597106    2.094395102    1.395820237   10.853954225   10.026127033
   -1.047197551    2.094395102    5.135793427   28.384546716   11.386841241
   -0.856797996    2.094395102   12.088691859   43.812212623   12.235350377
   -0.666398442    2.094395102   21.455995678   53.242779891   13.034372792
   -0.475998887    2.094395102   31.881907759   54.756670644   14.093958761
   -0.285599332    2.094395102   41.829530839   48.382202131   15.397445080
   -0.095199777    2.094395102   49.918932460   35.616222623   16.574487305
    0.095199777    2.094395102   55.177088346   19.208387670   17.025771027
    0.285599332    2.094395102   57.256797961    2.885928963   16.135859860
    0.475998887    2.094395102   56.567624553   -9.181898708   13.546120221
    0.666398442    2.094395102   54.269768013  -13.563090375    9.364413277
    0.856797996    2.094395102   52.006673084   -8.880804227    4.183374296
    1.047197551    2.094395102   51.404315462    3.389900156   -1.096476544
    1.237597106    2.094395102   53.522570114   18.827090571   -5.633137012
    1.427996661    2.094395102   58.409629445   31.476072410   -8.934634829
    1.618396215    2.094395102   64.998870937   35.972456463  -11.006845351
    1.808795770    2.094395102   71.412582504   29.433921519  -12.249101196
    1.999195325    2.094395102   75.543175712   12.396767322  -13.202195566
    2.189594880    2.094395102   75.697347056  -11.522390697  -14.283356777
    2.379994435    2.094395102   71.077338137  -36.747933291  -15.624828137
    2.570393989    2.094395102   61.999265481  -57.423892155  -17.064390583
    2.760793544    2.094395102   49.800927359  -68.919383019  -18.255203400
    2.951193099    2.094395102   36.495656324  -68.916728061  -18.828448699

   -3.141592654    2.443460953   17.950819015  -57.523540665  -13.276444723
   -2.951193099    2.443460953    8.767065480  -38.304988479  -11.793001084
   -2.760793544    2.443460953    3.471713513  -17.686666464   -9.732029537
   -2.570393989    2.443460953    1.762469549   -1.469110781   -7.232345314
   -2.379994435    2.443460953    2.402690628    6.676839700   -4.371846742
   -2.189594880    2.443460953    3.770193620    6.446838123   -1.112621725
   -1.999195325    2.443460953    4.527497132    1.038133819    2.619403308
   -1.808795770    2.443460953    4.169561652   -4.357724320    6.772168783
   -1.618396215    2.443460953    3.189664496   -4.832575551   11.049645097
   -1.427996661    2.443460953    2.814199715    2.110635346   14.966352018
   -1.237597106    2.443460953    4.425400542   15.605358819   18.054905249
   -1.047197551    2.443460953    8.960665055   32.036004477   20.077356052
   -0.856797996    2.443460953   16.536094145   46.769546047   21.085797298
   -0.666398442    2.443460953   26.428610106   55.822419086   21.287201871
   -0.475998887    2.443460953   37.306744976   56.864953254   20.843039016
   -0.285599332    2.443460953   47.567363920   49.421356848   19.736642538
   -0.095199777    2.443460953   55.680003055   34.659211433   17.759632192
    0.095199777    2.443460953   60.492167167   15.350868458   14.631269038
    0.285599332    2.443460953   61.524154290   -4.272949305   10.179008797
    0.475998887    2.443460953   59.186575853  -19.176637155    4.545643914
    0.666398442    2.443460953   54.819651567  -24.998865146   -1.707600910
    0.856797996    2.443460953   50.395218636  -19.790830528   -7.695951708
    1.047197551    2.443460953   47.914471936   -5.176875886  -12.485700569
    1.237597106    2.443460953   48.714210396   13.624826024  -15.472721587
    1.427996661    2.443460953   52.930668658   29.530946610  -16.591327846
    1.618396215    2.443460953   59.381510068   36.246547733  -16.299193687
    1.808795770    2.443460953   65.945344287   30.508900019  -15.328926115
    1.999195325    2.443460953   70.255949413   13.059851358  -14.371404276
    2.189594880    2.443460953   70.441512617  -11.892426178  -13.843959559
    2.379994435    2.443460953   65.649960004  -38.112915005  -13.816183477
    2.570393989    2.443460953   56.255816823  -59.255884443  -14.078959351
    2.760793544    2.443460953   43.721991228  -70.482054390  -14.284199352
    2.951193099    2.443460953   30.197231378  -69.573885954  -14.089474298

   -3.141592654    2.792526803   14.773757094  -56.122126131    1.010440446
   -2.951193099    2.792526803    5.926954248  -36.183626969    3.143951579
   -2.760793544    2.792526803    1.104038674  -14.861896991    5.098225631
   -2.570393989    2.792526803    0.000000000    2.064430057    6.826360712
   -2.379994435    2.792526803    1.390669862   11.056913604    8.470234904
   -2.189594880    2.792526803    3.692286010   11.913602498   10.351614326
   -1.999195325    2.792526803    5.606988919    7.721944513   12.819331279
   -1.808795770    2.792526803    6.622514356    3.299330761   16.021577512
   -1.618396215    2.792526803    7.141108618    3.100417714   19.739896795
   -1.427996661    2.792526803    8.227054201    9.368305181   23.419485825
   -1.237597106    2.792526803   11.087689849   21.358233420   26.386150969
   -1.047197551    2.792526803   16.536316744   35.838847385   28.110790560
   -0.856797996    2.792526803   24.640057459   48.514338333   28.359780585
   -0.666398442    2.792526803   34.669643148   55.507658021   27.149409748
   -0.475998887    2.792526803   45.283981797   54.374883291   24.613160575
   -0.285599332    2.792526803   54.842392054   44.483533451   20.892524916
   -0.095199777    2.792526803   61.760141565   27.024083117   16.098038295
    0.095199777    2.792526803   64.862281763    5.071542930   10.373111393
    0.285599332    2.792526803   63.731505486  -16.547699554    3.986721499
    0.475998887    2.792526803   58.967721410  -32.110637727   -2.569402880
    0.666398442    2.792526803   52.217458510  -36.776341176   -8.592531635
    0.856797996    2.792526803   45.803724636  -28.635965813  -13.316669400
    1.047197551    2.792526803   42.010799203  -10.010623475  -16.164724736
    1.237597106    2.792526803   42.280996093   12.810964615  -16.996688865
    1.427996661    2.792526803   46.650747891   31.733283201  -16.150948926
    1.618396215    2.792526803   53.686680708   39.936899558  -14.281839773
    1.808795770    2.792526803   60.976610056   34.252657584  -12.071024748
    1.999195325    2.792526803   65.926955616   15.946498959   -9.983698689
    2.189594880    2.792526803   66.553509498  -10.137034966   -8.176420456
    2.379994435    2.792526803   62.001187274  -37.283788550   -6.559434536
    2.570393989    2.792526803   52.710964468  -58.907173791   -4.938224025
    2.760793544    2.792526803   40.237459312  -70.121937133   -3.150093965
    2.951193099    2.792526803   26.815294486  -68.813901697   -1.141225884
