#! FIELDS phi psi file.free der_phi der_psi
#! SET min_phi -pi
#! SET max_phi pi
#! SET nbins_phi  33
#! SET periodic_phi true
#! SET min_psi -pi
#! SET max_psi pi
#! SET nbins_psi  18
#! SET periodic_psi true
   -3.141592654   -3.141592654   18.757099357  -54.742923545   15.437883543
   -2.951193099   -3.141592654   10.036033181  -36.108011821   17.871765303
   -2.760793544   -3.141592654    5.170207092  -15.225948665   19.529221011
   -2.570393989   -3.141592654    4.020354482    2.090555403   20.503597512
   -2.379994435   -3.141592654    5.505160122   12.122948933   21.148656606
   -2.189594880   -3.141592654    8.145751476   14.479987490   21.980371443
   -1.999195325   -3.141592654   10.706321310   11.948010620   23.452043361
   -1.808795770   -3.141592654   12.662607602    8.861269413   25.696842248
   -1.618396215   -3.141592654   14.297742582    9.086239030   28.382234821
   -1.427996661   -3.141592654   16.453879778   14.402522480   30.790877765
   -1.237597106   -3.141592654   20.063362262   23.988237912   32.102089121
   -1.047197551   -3.141592654   25.691011012   34.982706875   31.726374914
   -0.856797996   -3.141592654   33.254788428   43.695510357   29.510473651
   -0.666398442   -3.141592654   41.997295951   46.901430330   25.706193612
   -0.475998887   -3.141592654   50.668332527   42.764017361   20.797139911
   -0.285599332   -3.141592654   57.826977118   31.158454611   15.288145238
   -0.095199777   -3.141592654   62.170921346   13.625863503    9.551426672
    0.095199777   -3.141592654   62.849235872   -6.700095335    3.811273355
    0.285599332   -3.141592654   59.746345532  -25.278976627   -1.773520671
    0.475998887   -3.141592654   53.679217121  -36.978571952   -6.956783591
    0.666398442   -3.141592654   46.380177416  -37.707955725  -11.330096525
    0.856797996   -3.141592654   40.113786230  -26.289834211  -14.382545597
    1.047197551   -3.141592654   36.980975432   -5.633468540  -15.705820653
    1.237597106   -3.141592654   38.160148460   17.774891210  -15.226110299
    1.427996661   -3.141592654   43.433670092   36.152284626  -13.264777809
    1.618396215   -3.141592654   51.220085001   43.438765280  -10.396063079
    1.808795770   -3.141592654   59.119802388   37.317683619   -7.187898922
    1.999195325   -3.141592654   64.683722339   19.497213916   -3.989483274
    2.189594880   -3.141592654   66.091358737   -5.416076966   -0.872137663
    2.379994435   -3.141592654   62.548211424  -31.485849499    2.271802117
    2.570393989   -3.141592654   54.398175054  -52.913851578    5.561483954
    2.760793544   -3.141592654   42.990770417  -65.096851702    8.989484814
    2.951193099   -3.141592654   30.363229977  -65.568665567   12.380340936

   -3.141592654   -2.792526803   25.697527178  -50.003477274   23.322880387
   -2.951193099   -2.792526803   17.706552865  -33.224039493   25.711147737
   -2.760793544   -2.792526803   13.216100873  -14.110906019   26.863598745
   -2.570393989   -2.792526803   12.156706703    2.068522398   27.023228573
   -2.379994435   -2.792526803   13.609025365   11.991741115   26.728621497
   -2.189594880   -2.792526803   16.301512500   15.317343026   26.630301949
   -1.999195325   -2.792526803   19.172398607   14.426223579   27.223695895
   -1.808795770   -2.792526803   21.755619594   12.875767992   28.603028784
   -1.618396215   -2.792526803   24.230432473   13.672532385   30.366115585
   -1.427996661   -2.792526803   27.194055284   18.028636170   31.739182518
   -1.237597106   -2.792526803   31.276503356   25.112784562   31.881629391
   -1.047197551   -2.792526803   36.792964153   32.601977262   30.224436213
   -0.856797996   -2.792526803   43.546750133   37.613645995   26.674356834
   -0.666398442   -2.792526803   50.817787903   37.677391418   21.584831759
   -0.475998887   -2.792526803   57.511784906   31.424012956   15.572190006
   -0.285599332   -2.792526803   62.400212238   18.845320171    9.281376884
   -0.095199777   -2.792526803   64.388948461    1.359337074    3.202156141
    0.095199777   -2.792526803   62.801357601  -18.111169052   -2.372072465
    0.285599332   -2.792526803   57.661005444  -35.151459753   -7.274082712
    0.475998887   -2.792526803   49.912726357  -44.648195301  -11.323358518
    0.666398442   -2.792526803   41.415300754  -42.520951235  -14.255661522
    0.856797996   -2.792526803   34.541274052  -27.803077631  -15.764410103
    1.047197551   -2.792526803   31.433452879   -3.899377281  -15.664552458
    1.237597106   -2.792526803   33.203295209   22.102668925  -14.054527512
    1.427996661   -2.792526803   39.465059769   42.027035326  -11.325353375
    1.618396215   -2.792526803   48.432763560   49.835151278   -7.990657713
    1.808795770   -2.792526803   57.546374684   43.620317208   -4.461072664
    1.999195325   -2.792526803   64.291323542   25.624980128   -0.892750316
    2.189594880   -2.792526803   66.870166219    0.812441970    2.796792094
    2.379994435   -2.792526803   64.546509718  -24.877116536    6.772215401
    2.570393989   -2.792526803   57.693240978  -45.941200624   11.089411523
    2.760793544   -2.792526803   47.619014923  -58.172190053   15.569760756
    2.951193099   -2.792526803   36.252657118  -59.385538973   19.812748514

   -3.141592654   -2.443460953   33.827896413  -44.934411010   21.743982955
   -2.951193099   -2.443460953   26.589274201  -30.429460849   23.695992575
   -2.760793544   -2.443460953   22.421357937  -13.441913856   24.530333223
   -2.570393989   -2.443460953   21.341869434    1.350684732   24.515086276
   -2.379994435   -2.443460953   22.609958256   10.960939125   24.130797863
   -2.189594880   -2.443460953   25.157997477   14.967235028   23.881479041
   -1.999195325   -2.443460953   28.070529849   15.232254376   24.078587541
   -1.808795770   -2.443460953   30.899412630   14.533315368   24.676037941
   -1.618396215   -2.443460953   33.693018610   15.151314752   25.250890192
   -1.427996661   -2.443460953   36.812031279   17.960078318   25.151706413
   -1.237597106   -2.443460953   40.637536724   22.344836607   23.770459670
   -1.047197551   -2.443460953   45.323961337   26.656829568   20.809352294
   -0.856797996   -2.443460953   50.663780023   28.840146279   16.409982292
   -0.666398442   -2.443460953   56.070756022   27.082650141   11.073515600
   -0.475998887   -2.443460953   60.675444767   20.302375175    5.453619695
   -0.285599332   -2.443460953   63.490838883    8.370410972    0.128689832
   -0.095199777   -2.443460953   63.613159064   -7.668316496   -4.549344275
    0.095199777   -2.443460953   60.476496252  -25.317063547   -8.459256177
    0.285599332   -2.443460953   54.145200673  -40.440638111  -11.607156907
    0.475998887   -2.443460953   45.573540855  -47.995628102  -13.980821988
    0.666398442   -2.443460953   36.629511977  -43.840678012  -15.473120284
    0.856797996   -2.443460953   29.702263565  -27.030300642  -15.903877694
    1.047197551   -2.443460953   26.930321161   -1.177334172  -15.150311242
    1.237597106   -2.443460953   29.369508287   26.319316331  -13.279358683
    1.427996661   -2.443460953   36.525949460   47.105033369  -10.571810357
    1.618396215   -2.443460953   46.496815189   55.227647846   -7.397676237
    1.808795770   -2.443460953   56.647364508   49.117453134   -4.051556897
    1.999195325   -2.443460953   64.460386862   31.394178989   -0.638181521
    2.189594880   -2.443460953   68.191972896    7.200288216    2.913402493
    2.379994435   -2.443460953   67.162860646  -17.663896847    6.719734646
    2.570393989   -2.443460953   61.750400253  -38.096942093   10.787509558
    2.760793544   -2.443460953   53.182031728  -50.344615668   14.914361964
    2.951193099   -2.443460953   43.232622484  -52.502880544   18.713458444

   -3.141592654   -2.094395102   39.905972731  -41.121396875   14.150724302
   -2.951193099   -2.094395102   33.240939576  -28.230872524   15.461174498
   -2.760793544   -2.094395102   29.349872790  -12.670010149   16.083961472
   -2.570393989   -2.094395102   28.321994628    1.230171654   16.185131590
   -2.379994435   -2.094395102   29.534457338   10.599473705   16.000294571
   -2.189594880   -2.094395102   32.030262846   14.827529204   15.712358802
   -1.999195325   -2.094395102   34.942504129   15.325335556   15.353841761
   -1.808795770   -2.094395102   37.773091627   14.332563012   14.770400708
   -1.618396215   -2.094395102   40.429302084   13.746625042   13.681325426
   -1.427996661   -2.094395102   43.091503575   14.443377545   11.806258454
   -1.237597106   -2.094395102   46.003953759   16.258476783    9.014028072
   -1.047197551   -2.094395102   49.301421158   18.277789089    5.416243515
   -0.856797996   -2.094395102   52.900263482   19.145203917    1.355682965
   -0.666398442   -2.094395102   56.440479228   17.398336697   -2.716191840
   -0.475998887   -2.094395102   59.299916869   11.830152269   -6.392811713
   -0.285599332   -2.094395102   60.677004679    1.807196614   -9.429673573
   -0.095199777   -2.094395102   59.742598296  -12.232981231  -11.787805966
    0.095199777   -2.094395102   55.900761790  -28.233362213  -13.582256183
    0.285599332   -2.094395102   49.131567744  -42.184511713  -14.968443887
    0.475998887   -2.094395102   40.313178174  -48.862901194  -16.023299742
    0.666398442   -2.094395102   31.287140864  -43.802333863  -16.680336567
    0.856797996   -2.094395102   24.470950719  -25.846980795  -16.741948343
    1.047197551   -2.094395102   22.049172063    1.344698712  -15.995773892
    1.237597106   -2.094395102   25.092988205   30.111756422  -14.350988055
    1.427996661   -2.094395102   33.067814585   51.834153966  -11.921679751
    1.618396215   -2.094395102   43.993733891   60.457601830   -8.970904355
    1.808795770   -2.094395102   55.161903330   54.537292773   -5.795912799
    1.999195325   -2.094395102   64.018749808   36.939888351   -2.604142231
    2.189594880   -2.094395102   68.827282904   12.981296731    0.531937906
    2.379994435   -2.094395102   68.929773602  -11.563097603    3.623603057
    2.570393989   -2.094395102   64.701170594  -31.814924753    6.668911571
    2.760793544   -2.094395102   57.314942593  -44.306503146    9.572529826
    2.951193099   -2.094395102   48.445596383  -47.308000640   12.140615653

   -3.141592654   -1.745329252   42.965447088  -38.950648800    5.779324974
   -2.951193099   -1.745329252   36.626078656  -26.992221156    6.355114908
   -2.760793544   -1.745329252   32.886425631  -12.297874230    6.638938248
   -2.570393989   -1.745329252   31.860518331    0.910465436    6.664260742
   -2.379994435   -1.745329252   32.958057042    9.721185233    6.425279543
   -2.189594880   -1.745329252   35.231205264   13.338197463    5.838618041
   -1.999195325   -1.745329252   37.780844234   12.944310634    4.756177932
   -1.808795770   -1.745329252   40.042135449   10.675754646    3.026660486
   -1.618396215   -1.745329252   41.857597862    8.556623399    0.588756302
   -1.427996661   -1.745329252   43.390518841    7.828618144   -2.462068053
   -1.237597106   -1.745329252   44.949436650    8.791361740   -5.857577260
   -1.047197551   -1.745329252   46.814477978   10.877396784   -9.207943957
   -0.856797996   -1.745329252   49.090386637   12.806706807  -12.103990380
   -0.666398442   -1.745329252   51.586949670   12.863122907  -14.241146128
   -0.475998887   -1.745329252   53.779230076    9.361870018  -15.504729899
   -0.285599332   -1.745329252   54.865509178    1.144414993  -15.993355033
   -0.095199777   -1.745329252   53.928307412  -11.723618542  -15.974557953
    0.095199777   -1.745329252   50.235481887  -27.290734814  -15.786017727
    0.285599332   -1.745329252   43.638024703  -41.383901069  -15.707756073
    0.475998887   -1.745329252   34.938530702  -48.410791307  -15.855676388
    0.666398442   -1.745329252   25.980339654  -43.473244850  -16.133171345
    0.856797996   -1.745329252   19.254363113  -25.132457474  -16.250835150
    1.047197551   -1.745329252   17.048252485    2.971068574  -15.855756358
    1.237597106   -1.745329252   20.513295185   32.915121248  -14.686286694
    1.427996661   -1.745329252   29.130333275   55.723269211  -12.708635091
    1.618396215   -1.745329252   40.872213844   65.052824339  -10.115910363
    1.808795770   -1.745329252   52.946682866   59.381703893   -7.240981885
    1.999195325   -1.745329252   62.722021132   41.694835530   -4.416365653
    2.189594880   -1.745329252   68.414821785   17.496754973   -1.864637598
    2.379994435   -1.745329252   69.352814909   -7.306772881    0.326747747
    2.570393989   -1.745329252   65.909711993  -27.832823271    2.164104750
    2.760793544   -1.745329252   59.247780199  -40.712549414    3.680112711
    2.951193099   -1.745329252   51.009958147  -44.313153753    4.887696027

   -3.141592654   -1.396263402   41.930224399  -39.603470775    2.850196560
   -2.951193099   -1.396263402   35.476951186  -27.510139288    2.779425688
   -2.760793544   -1.396263402   31.664045061  -12.550184536    2.481676880
   -2.570393989   -1.396263402   30.610828764    0.838430264    1.942166357
   -2.379994435   -1.396263402   31.685125451    9.463525467    1.069192542
   -2.189594880   -1.396263402   33.845401407   12.299347575   -0.310997195
   -1.999195325   -1.396263402   36.071344228   10.488770503   -2.390845074
   -1.808795770   -1.396263402   37.696751565    6.429613858   -5.257581696
   -1.618396215   -1.396263402   38.539423255    2.661220072   -8.773663485
   -1.427996661   -1.396263402   38.848117389    1.034341904  -12.547932950
   -1.237597106   -1.396263402   39.120859892    2.295565553  -16.024899171
   -1.047197551   -1.396263402   39.879460548    5.951763254  -18.652994973
   -0.856797996   -1.396263402   41.445760609   10.384297961  -20.056144305
   -0.666398442   -1.396263402   43.748488360   13.233275411  -20.141150812
   -0.475998887   -1.396263402   46.248113937   12.091023601  -19.101969418
   -0.285599332   -1.396263402   48.003010638    5.240971991  -17.349335465
   -0.095199777   -1.396263402   47.878196102   -7.497356484  -15.390006213
    0.095199777   -1.396263402   44.910633432  -24.059898773  -13.684659233
    0.285599332   -1.396263402   38.772552993  -39.854642203  -12.521598963
    0.475998887   -1.396263402   30.190642406  -48.661794455  -11.947550473
    0.666398442   -1.396263402   21.058351346  -44.904021760  -11.779186584
    0.856797996   -1.396263402   14.031418978  -26.670293762  -11.673062202
    1.047197551   -1.396263402   11.615987622    2.478548405  -11.275956579
    1.237597106   -1.396263402   15.152971017   34.223161563  -10.345058377
    1.427996661   -1.396263402   24.204301272   58.918034279   -8.844583490
    1.618396215   -1.396263402   36.693500476   69.560846681   -6.919831692
    1.808795770   -1.396263402   49.678576323   64.264118674   -4.819671806
    1.999195325   -1.396263402   60.345641698   46.041602738   -2.795330014
    2.189594880   -1.396263402   66.765210863   20.714937025   -1.025381289
    2.379994435   -1.396263402   68.191365186   -5.399825222    0.404455311
    2.570393989   -1.396263402   64.996990947  -27.081869234    1.480810364
    2.760793544   -1.396263402   58.393347344  -40.789815543    2.227989085
    2.951193099   -1.396263402   50.092002909  -44.843989678    2.675372914

   -3.141592654   -1.047197551   39.893787929  -41.278088800    3.134383387
   -2.951193099   -1.047197551   33.143831441  -28.940339832    1.972591116
   -2.760793544   -1.047197551   29.082671456  -13.754746471    0.454282507
   -2.570393989   -1.047197551   27.800919923   -0.430133838   -1.321814351
   -2.379994435   -1.047197551   28.588240720    7.619512842   -3.344291748
   -2.189594880   -1.047197551   30.296643071    9.309783982   -5.726022584
   -1.999195325   -1.047197551   31.813704324    6.009682562   -8.626869948
   -1.808795770   -1.047197551   32.452582799    0.627725930  -12.083853115
   -1.618396215   -1.047197551   32.122013192   -3.681976168  -15.858021035
   -1.427996661   -1.047197551   31.267186938   -4.623730024  -19.423922060
   -1.237597106   -1.047197551   30.630464914   -1.408152640  -22.126456633
   -1.047197551   -1.047197551   30.942672655    5.060038938  -23.422709710
   -0.856797996   -1.047197551   32.627605056   12.484838433  -23.082072200
   -0.666398442   -1.047197551   35.578795370   17.800799117  -21.257384308
   -0.475998887   -1.047197551   39.103083307   18.084671593  -18.415400064
   -0.285599332   -1.047197551   42.035349471   11.401554270  -15.187561347
   -0.095199777   -1.047197551   43.006664831   -2.315864576  -12.181267664
    0.095199777   -1.047197551   40.867967172  -20.621488865   -9.809529933
    0.285599332   -1.047197551   35.196251587  -38.380761922   -8.192132821
    0.475998887   -1.047197551   26.731654095  -48.811627734   -7.171961175
    0.666398442   -1.047197551   17.476451248  -45.898908860   -6.440011182
    0.856797996   -1.047197551   10.255147926  -27.580430102   -5.680783503
    1.047197551   -1.047197551    7.740733775    2.444754543   -4.714947735
    1.237597106   -1.047197551   11.390366339   35.452730273   -3.514305817
    1.427996661   -1.047197551   20.794122323   61.327275767   -2.177379770
    1.618396215   -1.047197551   33.819230453   72.670055587   -0.831872110
    1.808795770   -1.047197551   47.410610172   67.401178522    0.427289665
    1.999195325   -1.047197551   58.626388778   48.571689704    1.554309804
    2.189594880   -1.047197551   65.434010169   22.212038834    2.529629341
    2.379994435   -1.047197551   67.033718867   -5.073906095    3.322737781
    2.570393989   -1.047197551   63.799283855  -27.785416594    3.868239216
    2.760793544   -1.047197551   56.988297774  -42.199938732    4.073280519
    2.951193099   -1.047197551   48.383020770  -46.560133141    3.844274040

   -3.141592654   -0.698131701   39.562869482  -44.679231527    2.971603032
   -2.951193099   -0.698131701   32.109336032  -32.870797636    1.146727114
   -2.760793544   -0.698131701   27.276964077  -17.875260134   -1.077880880
   -2.570393989   -0.698131701   25.207562310   -4.575845937   -3.565210589
   -2.379994435   -0.698131701   25.195346535    3.324775403   -6.253226914
   -2.189594880   -0.698131701   26.047531696    4.556655378   -9.196286557
   -1.999195325   -0.698131701   26.598891929    0.620004828  -12.477561025
   -1.808795770   -0.698131701   26.169445363   -5.103121258  -16.018998289
   -1.618396215   -0.698131701   24.779843918   -8.888836730  -19.437849815
   -1.427996661   -0.698131701   23.076754500   -8.128078047  -22.092526734
   -1.237597106   -0.698131701   22.017847873   -2.207532625  -23.324941357
   -1.047197551   -0.698131701   22.471552535    7.349548605  -22.758400664
   -0.856797996   -0.698131701   24.861687320   17.474249101  -20.477891853
   -0.666398442   -0.698131701   28.941906480   24.458535142  -16.995624038
   -0.475998887   -0.698131701   33.785649029   25.049974129  -13.050339298
   -0.285599332   -0.698131701   37.968334337   17.373352689   -9.354593212
   -0.095199777   -0.698131701   39.908561261    1.788442765   -6.366616218
    0.095199777   -0.698131701   38.351736041  -18.589559411   -4.165884566
    0.285599332   -0.698131701   32.903062086  -37.940521295   -2.482364961
    0.475998887   -0.698131701   24.443522401  -49.037465663   -0.889188344
    0.666398442   -0.698131701   15.162166351  -45.812154199    0.926830828
    0.856797996   -0.698131701    8.042524893  -26.556968627    2.984580771
    1.047197551   -0.698131701    5.826444955    4.522698685    4.990774395
    1.237597106   -0.698131701    9.948613965   38.247508917    6.550896427
    1.427996661   -0.698131701   19.912176929   64.315925756    7.391845527
    1.618396215   -0.698131701   33.487765067   75.397617692    7.510716811
    1.808795770   -0.698131701   47.551754744   69.608928555    7.143750772
    1.999195325   -0.698131701   59.130716910   50.172542249    6.611774398
    2.189594880   -0.698131701   66.182871757   23.176007481    6.153500972
    2.379994435   -0.698131701   67.900101419   -4.821567671    5.835670285
    2.570393989   -0.698131701   64.636018999  -28.373427429    5.554498944
    2.760793544   -0.698131701   57.621960415  -43.763557859    5.109175096
    2.951193099   -0.698131701   48.623314896  -49.117675379    4.290504343

   -3.141592654   -0.349065850   40.226953069  -48.366762169    2.527019505
   -2.951193099   -0.349065850   31.994788879  -37.303871657    0.076003898
   -2.760793544   -0.349065850   26.271970570  -22.732237228   -2.742083095
   -2.570393989   -0.349065850   23.258141395   -9.611138035   -5.719065473
   -2.379994435   -0.349065850   22.273137248   -1.872721237   -8.728526398
   -2.189594880   -0.349065850   22.109033444   -0.943634124  -11.772198604
   -1.999195325   -0.349065850   21.582786594   -5.160203764  -14.874020127
   -1.808795770   -0.349065850   20.063362450  -10.627947130  -17.875356605
   -1.618396215   -0.349065850   17.729524054  -13.063561629  -20.312406197
   -1.427996661   -0.349065850   15.462614393   -9.679492518  -21.522398303
   -1.237597106   -0.349065850   14.428930421   -0.319663045  -20.958317382
   -1.047197551   -0.349065850   15.568051320   12.555135184  -18.512165732
   -0.856797996   -0.349065850   19.185467746   24.913686972  -14.637949646
   -0.666398442   -0.349065850   24.765662542   32.485949287  -10.180870132
   -0.475998887   -0.349065850   31.063127528   32.056320952   -6.040810675
   -0.285599332   -0.349065850   36.395661860   22.338592911   -2.839770642
   -0.095199777   -0.349065850   39.070977477    4.598538289   -0.708809374
    0.095199777   -0.349065850   37.899583527  -17.167009261    0.720509324
    0.285599332   -0.349065850   32.688225279  -36.653440938    2.119574584
    0.475998887   -0.349065850   24.553766901  -46.781547781    4.105765812
    0.666398442   -0.349065850   15.833133797  -42.200486718    6.890738508
    0.856797996   -0.349065850    9.496161193  -22.124799954   10.132728306
    1.047197551   -0.349065850    8.117278045    8.673689131   13.076274845
    1.237597106   -0.349065850   12.915402122   41.049276779   14.961808819
    1.427996661   -0.349065850   23.239870838   65.283185935   15.388056867
    1.618396215   -0.349065850   36.839179207   74.769270176   14.474979136
    1.808795770   -0.349065850   50.685535108   68.085749715   12.740741311
    1.999195325   -0.349065850   61.948284637   48.478394617   10.811414337
    2.189594880   -0.349065850   68.696830786   21.717449671    9.141112714
    2.379994435   -0.349065850   70.160442025   -6.062349272    7.877018837
    2.570393989   -0.349065850   66.656574392  -29.723098160    6.877025516
    2.760793544   -0.349065850   59.340562655  -45.659496615    5.837906915
    2.951193099   -0.349065850   49.902367292  -51.871769869    4.448000623

   -3.141592654    0.000000000   40.925652534  -52.281366502    1.128420025
   -2.951193099    0.000000000   31.873556965  -41.939932382   -1.171889319
   -2.760793544    0.000000000   25.223969686  -27.760262373   -3.627806424
   -2.570393989    0.000000000   21.240464751  -14.724663594   -6.103584340
   -2.379994435    0.000000000   19.285127502   -6.941003350   -8.545546020
   -2.189594880    0.000000000   18.161963429   -5.938146489  -10.984067038
   -1.999195325    0.000000000   16.706036307   -9.858940141  -13.404548249
   -1.808795770    0.000000000   14.370485131  -14.342190418  -15.567925229
   -1.618396215    0.000000000   11.508066129  -14.703742085  -16.955358503
   -1.427996661    0.000000000    9.209879623   -8.240380402  -16.947191101
   -1.237597106    0.000000000    8.772874516    4.471537130  -15.170134541
   -1.047197551    0.000000000   11.088250324   19.896121663  -11.783891271
   -0.856797996    0.000000000   16.218700537   33.148950046   -7.501628261
   -0.666398442    0.000000000   23.302253880   39.759446230   -3.291809250
   -0.475998887    0.000000000   30.781165328   37.042873350    0.036656896
   -0.285599332    0.000000000   36.813099569   24.737225106    2.164010650
   -0.095199777    0.000000000   39.754852293    5.203452712    3.379108251
    0.095199777    0.000000000   38.647786153  -16.810226784    4.431121302
    0.285599332    0.000000000   33.612368530  -34.932644399    6.185735046
    0.475998887    0.000000000   26.017152953  -42.786815083    9.179519035
    0.666398442    0.000000000   18.261171250  -36.225545849   13.292544113
    0.856797996    0.000000000   13.145622279  -15.593480785   17.717740333
    1.047197551    0.000000000   12.916306154   13.910978853   21.285818425
    1.237597106    0.000000000   18.469299608   43.583472533   23.023350906
    1.427996661    0.000000000   28.980495480   64.748935035   22.573360948
    1.618396215    0.000000000   42.234263008   71.860195100   20.291380289
    1.808795770    0.000000000   55.398777436   64.060554824   16.997723338
    1.999195325    0.000000000   65.885648656   44.521255978   13.569861157
    2.189594880    0.000000000   71.944705723   18.492357665   10.605612436
    2.379994435    0.000000000   72.871409282   -8.519064645    8.296867317
    2.570393989    0.000000000   68.942165525  -31.830914457    6.494012498
    2.760793544    0.000000000   61.211497948  -48.008375541    4.879866456
    2.951193099    0.000000000   51.264524434  -54.917201188    3.146280706

   -3.141592654    0.349065850   42.385651509  -54.999817130    0.245115214
   -2.951193099    0.349065850   32.754115868  -45.267366163   -1.276450949
   -2.760793544    0.349065850   25.424703560  -31.522498429   -2.765708471
   -2.570393989    0.349065850   20.699578391  -18.716100348   -4.210447935
   -2.379994435    0.349065850   17.972690479  -11.033281102   -5.656438432
   -2.189594880    0.349065850   16.069666197  -10.002340654   -7.170430380
   -1.999195325    0.349065850   13.868179450  -13.532126689   -8.719365091
   -1.808795770    0.349065850   10.927094828  -16.872741234  -10.049376096
   -1.618396215    0.349065850    7.769367757  -15.114830222  -10.695812041
   -1.427996661    0.349065850    5.654918751   -5.837255881  -10.180268773
   -1.237597106    0.349065850    5.940404311    9.550781857   -8.308149069
   -1.047197551    0.349065850    9.394769899   26.516939498   -5.362938838
   -0.856797996    0.349065850   15.797061770   39.590858023   -2.040742595
   -0.666398442    0.349065850   23.961750743   44.474358885    0.882713664
   -0.475998887    0.349065850   32.110971878   39.347297144    2.925661634
   -0.285599332    0.349065850   38.382283926   25.119216513    4.131218235
   -0.095199777    0.349065850   41.325159321    5.127621010    5.059990343
    0.095199777    0.349065850   40.308196486  -15.486784344    6.533973808
    0.285599332    0.349065850   35.778809417  -30.785012012    9.257249054
    0.475998887    0.349065850   29.274941578  -35.554275866   13.422802925
    0.666398442    0.349065850   23.104391781  -27.126613145   18.514048704
    0.856797996    0.349065850   19.721594624   -6.939849278   23.411165954
    1.047197551    0.349065850   20.901824166   19.703530960   26.818633754
    1.237597106    0.349065850   27.155494045   45.027936462   27.828564219
    1.427996661    0.349065850   37.515287123   61.847362933   26.284083796
    1.618396215    0.349065850   49.899908214   65.932491311   22.774056060
    1.808795770    0.349065850   61.798264788   57.015648445   18.306931378
    1.999195325    0.349065850   70.975469602   38.041384840   13.869537569
    2.189594880    0.349065850   75.935591638   13.514074704   10.101608552
    2.379994435    0.349065850   76.071908892  -11.889455582    7.203111027
    2.570393989    0.349065850   71.618119165  -34.088065797    5.035876500
    2.760793544    0.349065850   63.505751555  -49.888090371    3.312491542
    2.951193099    0.349065850   53.184453797  -57.045600749    1.764540504

   -3.141592654    0.698131701   43.630853642  -56.953511279   -1.152710841
   -2.951193099    0.698131701   33.597127914  -47.506034273   -1.683584126
   -2.760793544    0.698131701   25.820939818  -33.938701648   -2.006110021
   -2.570393989    0.698131701   20.628991780  -21.175119267   -2.237736894
   -2.379994435    0.698131701   17.436113018  -13.455351865   -2.520040369
   -2.189594880    0.698131701   15.080701809  -12.308711136   -2.964736317
   -1.999195325    0.698131701   12.466901632  -15.497922782   -3.568951542
   -1.808795770    0.698131701    9.218053304  -18.047847857   -4.164125434
   -1.618396215    0.698131701    5.955421941  -14.961127464   -4.456489836
   -1.427996661    0.698131701    4.023259936   -4.068351724   -4.166928177
   -1.237597106    0.698131701    4.782108597   12.652235183   -3.201691705
   -1.047197551    0.698131701    8.890035311   30.098501877   -1.735693502
   -0.856797996    0.698131701   15.936276847   42.617063514   -0.131627196
   -0.666398442    0.698131701   24.566269596   46.287151096    1.289577966
   -0.475998887    0.698131701   32.948532219   40.072339629    2.454873787
   -0.285599332    0.698131701   39.324968692   25.710175033    3.621702817
   -0.095199777    0.698131701   42.479184359    6.999665391    5.297581343
    0.095199777    0.698131701   42.047173227  -11.044296334    8.000889207
    0.285599332    0.698131701   38.657721796  -23.265894753   11.985094125
    0.475998887    0.698131701   33.832989801  -25.660319828   16.998951248
    0.666398442    0.698131701   29.629023850  -16.757573982   22.245710076
    0.856797996    0.698131701   28.069432763    1.416709470   26.574425246
    1.047197551    0.698131701   30.475046593   23.946448076   28.899000365
    1.237597106    0.698131701   37.062570396   44.279699228   28.637168991
    1.427996661    0.698131701   46.842317106   56.725540806   25.932968191
    1.618396215    0.698131701   57.967341550   58.166093377   21.544739124
    1.808795770    0.698131701   68.298898176   48.650491394   16.498586604
    1.999195325    0.698131701   75.960394390   30.694211798   11.701145736
    2.189594880    0.698131701   79.688673463    7.981874340    7.696696836
    2.379994435    0.698131701   78.950404030  -15.601036267    4.637366903
    2.570393989    0.698131701   73.925118405  -36.491988851    2.410583290
    2.760793544    0.698131701   65.425163709  -51.666320550    0.809850702
    2.951193099    0.698131701   54.777637362  -58.759073164   -0.343090851

   -3.141592654    1.047197551   41.964798185  -57.826610717   -4.916649256
   -2.951193099    1.047197551   31.854640029  -47.434614160   -4.329387368
   -2.760793544    1.047197551   24.165656559  -33.135664857   -3.336196514
   -2.570393989    1.047197551   19.166753021  -20.014922189   -2.236730775
   -2.379994435    1.047197551   16.195228710  -12.352901774   -1.295279876
   -2.189594880    1.047197551   14.018679288  -11.563473925   -0.670374168
   -1.999195325    1.047197551   11.505060160  -15.179935410   -0.390151760
   -1.808795770    1.047197551    8.287330430  -17.998432445   -0.381594462
   -1.618396215    1.047197551    5.030141751  -14.912439038   -0.524685273
   -1.427996661    1.047197551    3.124547925   -3.821564715   -0.701179586
   -1.237597106    1.047197551    3.951700307   13.101340085   -0.818949865
   -1.047197551    1.047197551    8.154368644   30.603412593   -0.809596611
   -0.856797996    1.047197551   15.293045572   43.080700404   -0.596989386
   -0.666398442    1.047197551   24.018335507   46.883933562   -0.040589746
   -0.475998887    1.047197551   32.567632050   41.341778130    1.080308776
   -0.285599332    1.047197551   39.311729919   28.439070722    3.035226577
   -0.095199777    1.047197551   43.182662415   11.888280900    6.060183710
    0.095199777    1.047197551   43.911130845   -3.760728446   10.214163681
    0.285599332    1.047197551   42.100284869  -14.136627288   15.248880621
    0.475998887    1.047197551   39.085041186  -16.068757407   20.533375471
    0.666398442    1.047197551   36.598925339   -8.642634942   25.142515879
    0.856797996    1.047197551   36.292674786    6.201182528   28.085089866
    1.047197551    1.047197551   39.198121424   24.321291290   28.659424926
    1.237597106    1.047197551   45.435676918   40.351392227   26.721028391
    1.427996661    1.047197551   54.144053989   49.663253632   22.743371362
    1.618396215    1.047197551   63.760222333   49.667272423   17.597597505
    1.808795770    1.047197551   72.464452087   40.273086448   12.213423516
    1.999195325    1.047197551   78.624896321   23.408382108    7.287194656
    2.189594880    1.047197551   81.098550683    2.092085654    3.170202789
    2.379994435    1.047197551   79.363779559  -20.222442743   -0.062704659
    2.570393989    1.047197551   73.558924941  -40.095231130   -2.457116102
    2.760793544    1.047197551   64.456606509  -54.394996547   -4.055171133
    2.951193099    1.047197551   53.372042932  -60.597885206   -4.865456383

   -3.141592654    1.396263402   37.540561352  -57.534864499  -10.483106817
   -2.951193099    1.396263402   27.659480948  -45.373187549   -9.739576167
   -2.760793544    1.396263402   20.487808225  -29.878876427   -8.305311295
   -2.570393989    1.396263402   16.162589729  -16.319159547   -6.495519019
   -2.379994435    1.396263402   13.880494348   -8.905226987   -4.613017038
   -2.189594880    1.396263402   12.298096827   -8.826367457   -2.865857662
   -1.999195325    1.396263402   10.217987918  -13.386852788   -1.366489198
   -1.808795770    1.396263402    7.244810971  -17.228307772   -0.191694257
   -1.618396215    1.396263402    4.039759838  -15.123197898    0.571853420
   -1.427996661    1.396263402    2.015056904   -4.820744363    0.857161066
   -1.237597106    1.396263402    2.607698392   11.711887723    0.705970918
   -1.047197551    1.396263402    6.556632548   29.426873247    0.331976525
   -0.856797996    1.396263402   13.549120165   42.839649161    0.106164074
   -0.666398442    1.396263402   22.374002301   48.274513500    0.467128162
   -0.475998887    1.396263402   31.386561736   44.874191313    1.786145548
   -0.285599332    1.396263402   39.024978030   34.296651315    4.256516423
   -0.095199777    1.396263402   44.213808657   19.782305705    7.829300155
    0.095199777    1.396263402   46.577813738    5.340762729   12.175138712
    0.285599332    1.396263402   46.513077290   -5.157820805   16.696183882
    0.475998887    1.396263402   45.069202710   -8.801886970   20.609663649
    0.666398442    1.396263402   43.684624416   -4.538296313   23.134562598
    0.856797996    1.396263402   43.786848204    6.329517779   23.704209622
    1.047197551    1.396263402   46.339579756   20.581518371   22.179304201
    1.237597106    1.396263402   51.569510114   33.723910913   18.883865626
    1.427996661    1.396263402   58.852673958   41.561334532   14.492842689
    1.618396215    1.396263402   66.892747675   41.391445170    9.756743214
    1.808795770    1.396263402   74.072862823   32.617806971    5.257192611
    1.999195325    1.396263402   78.856419199   16.601486445    1.283072153
    2.189594880    1.396263402   80.107166815   -3.972302772   -2.126522255
    2.379994435    1.396263402   77.279832818  -25.631254843   -5.034471266
    2.570393989    1.396263402   70.517374105  -44.689228809   -7.454289793
    2.760793544    1.396263402   60.649109803  -57.752949829   -9.281572242
    2.951193099    1.396263402   49.079612718  -62.252636201  -10.336118745

   -3.141592654    1.745329252   31.670990514  -57.267740926  -16.388465737
   -2.951193099    1.745329252   22.038281264  -43.087661478  -15.926361856
   -2.760793544    1.745329252   15.451349910  -26.145999060  -14.412832063
   -2.570393989    1.745329252   11.912964859  -11.920071178  -12.116966479
   -2.379994435    1.745329252   10.474125663   -4.550504096   -9.355020202
   -2.189594880    1.745329252    9.675107531   -5.021965254   -6.380697814
   -1.999195325    1.745329252    8.238884350  -10.480633933   -3.378132132
   -1.808795770    1.745329252    5.710403307  -15.512274278   -0.535173044
   -1.618396215    1.745329252    2.702183675  -14.795952390    1.902587893
   -1.427996661    1.745329252    0.611599427   -5.796234557    3.688249364
   -1.237597106    1.745329252    0.936555045   10.000280584    4.718398247
   -1.047197551    1.745329252    4.570281134   28.010979850    5.142785193
   -0.856797996    1.745329252   11.417363005   42.912414980    5.348504395
   -0.666398442    1.745329252   20.476037782   50.766617053    5.815072290
   -0.475998887    1.745329252   30.226139562   50.120821993    6.920147253
   -0.285599332    1.745329252   39.101327837   41.918108775    8.795217541
   -0.095199777    1.745329252   45.889459360   28.745191223   11.266883596
    0.095199777    1.745329252   49.972084641   14.156448959   13.875580634
    0.285599332    1.745329252   51.442404971    1.878006422   15.971884985
    0.475998887    1.745329252   51.054519018   -4.928021653   16.905879085
    0.666398442    1.745329252   50.039986433   -4.573406178   16.265330313
    0.856797996    1.745329252   49.768224850    2.551228361   14.033593884
    1.047197551    1.745329252   51.320137077   14.062008491   10.631480958
    1.237597106    1.745329252   55.164157180   25.935296266    6.726617944
    1.427996661    1.745329252   60.955028250   33.858473931    2.984522110
    1.618396215    1.745329252   67.605715890   34.569537322   -0.195717767
    1.808795770    1.745329252   73.584299519   26.782137130   -2.772754911
    1.999195325    1.745329252   77.323119784   11.384303555   -4.982086741
    2.189594880    1.745329252   77.602660982   -9.009249483   -7.141907033
    2.379994435    1.745329252   73.818552902  -30.624650685   -9.448793920
    2.570393989    1.745329252   66.130644145  -49.320535172  -11.858269387
    2.760793544    1.745329252   55.465822669  -61.349663364  -14.085918192
    2.951193099    1.745329252   43.365699491  -64.118093413  -15.717674712

   -3.141592654    2.094395102   24.857306042  -58.159776642  -17.959890094
   -2.951193099    2.094395102   15.268609695  -41.746367608  -17.534549016
   -2.760793544    2.094395102    9.132185331  -22.843442835  -15.975210181
   -2.570393989    2.094395102    6.364959468   -7.236448003  -13.495723617
   -2.379994435    2.094395102    5.901206161    0.915174658  -10.376623561
   -2.189594880    2.094395102    6.179640033    0.761975099   -6.840851435
   -1.999195325    2.094395102    5.845289761   -4.755603746   -3.047572487
   -1.808795770    2.094395102    4.368438725  -10.274535066    0.811187983
   -1.618396215    2.094395102    2.273730058  -10.519619040    4.425029138
   -1.427996661    2.094395102    0.878278187   -2.800704437    7.413592713
   -1.237597106    2.094395102    1.656095703   11.809336890    9.499359965
   -1.047197551    2.094395102    5.564665618   29.203955630   10.669317047
   -0.856797996    2.094395102   12.644750835   44.293259062   11.198750949
   -0.666398442    2.094395102   22.039420472   52.986917096   11.505788448
   -0.475998887    2.094395102   32.312013157   53.365171042   11.938041434
   -0.285599332    2.094395102   41.875781310   45.788513285   12.610234693
   -0.095199777    2.094395102   49.390916197   32.328689064   13.338177751
    0.095199777    2.094395102   54.034023896   16.249140734   13.688961264
    0.285599332    2.094395102   55.671735173    1.384752630   13.122716811
    0.475998887    2.094395102   54.894637562   -8.539710576   11.233617570
    0.666398442    2.094395102   52.915505956  -10.950192946    7.983267002
    0.856797996    2.094395102   51.258669193   -5.341628018    3.787664723
    1.047197551    2.094395102   51.296228136    6.326341243   -0.584560378
    1.237597106    2.094395102   53.803048059   19.813089334   -4.340117439
    1.427996661    2.094395102   58.640886394   29.995751736   -6.963314985
    1.618396215    2.094395102   64.752403896   32.646516758   -8.415593452
    1.808795770    2.094395102   70.472297195   25.792193013   -9.085475955
    1.999195325    2.094395102   74.016642761   10.155209512   -9.565434807
    2.189594880    2.094395102   73.968958595  -11.300079738  -10.378484143
    2.379994435    2.094395102   69.626946172  -34.157703503  -11.774442974
    2.570393989    2.094395102   61.181273997  -53.611131232  -13.660055464
    2.760793544    2.094395102   49.699705593  -65.449270655  -15.656772017
    2.951193099    2.094395102   36.919522205  -66.998175043  -17.245587358

   -3.141592654    2.443460953   18.862813034  -58.922742610  -12.300080991
   -2.951193099    2.443460953    9.306009983  -40.646655808  -11.351316224
   -2.760793544    2.443460953    3.551713805  -19.987400308   -9.539971346
   -2.570393989    2.443460953    1.468542701   -2.984230280   -7.033606222
   -2.379994435    2.443460953    1.918123337    6.202318024   -4.021135482
   -2.189594880    2.443460953    3.282634392    6.850619637   -0.600293006
   -1.999195325    2.443460953    4.169246507    1.938109439    3.200565207
   -1.808795770    2.443460953    3.998181476   -3.339260683    7.284528924
   -1.618396215    2.443460953    3.201315752   -3.941021419   11.355272192
   -1.427996661    2.443460953    2.971240751    2.760100389   14.940491127
   -1.237597106    2.443460953    4.676075507   15.946030219   17.574336196
   -1.047197551    2.443460953    9.237070908   31.957181969   19.011520272
   -0.856797996    2.443460953   16.738850339   46.042646787   19.316339345
   -0.666398442    2.443460953   26.406787760   54.158539176   18.762938864
   -0.475998887    2.443460953   36.864668712   54.131908725   17.647107999
   -0.285599332    2.443460953   46.520695414   45.911488943   16.125812416
   -0.095199777    2.443460953   53.951358124   31.198442121   14.140401801
    0.095199777    2.443460953   58.199244132   13.102175586   11.465318621
    0.285599332    2.443460953   59.002137788   -4.285565333    7.851368025
    0.475998887    2.443460953   56.910369086  -16.581950752    3.253164025
    0.666398442    2.443460953   53.246911284  -20.361374288   -1.992934287
    0.856797996    2.443460953   49.795108906  -14.466168792   -7.169720716
    1.047197551    2.443460953   48.259498231   -0.824709480  -11.388983991
    1.237597106    2.443460953   49.684846984   15.705336615  -13.974315781
    1.427996661    2.443460953   54.040319429   28.956635446  -14.732310439
    1.618396215    2.443460953   60.176741243   33.737736971  -14.025027454
    1.808795770    2.443460953   66.194078839   27.583089679  -12.579903377
    1.999195325    2.443460953   70.035725519   11.302792331  -11.176234448
    2.189594880    2.443460953   70.075032323  -11.605526278  -10.368407313
    2.379994435    2.443460953   65.521194787  -36.029843928  -10.347345510
    2.570393989    2.443460953   56.605421818  -56.544854454  -10.953724517
    2.760793544    2.443460953   44.533353937  -68.546440216  -11.790267728
    2.951193099    2.443460953   31.224905945  -69.301424688  -12.373973176

   -3.141592654    2.792526803   16.017007527  -58.103087498    0.930831505
   -2.951193099    2.792526803    6.721020510  -38.735843890    2.830157486
   -2.760793544    2.792526803    1.432871871  -17.035801622    4.765491133
   -2.570393989    2.792526803    0.000000000    0.864992945    6.639428613
   -2.379994435    2.792526803    1.262659636   10.894402277    8.496725111
   -2.189594880    2.792526803    3.606820442   12.464796110   10.553820807
   -1.999195325    2.792526803    5.655092313    8.512066736   13.077821644
   -1.808795770    2.792526803    6.808886343    3.915572251   16.169715646
   -1.618396215    2.792526803    7.404854402    3.282675083   19.592212230
   -1.427996661    2.792526803    8.470393928    8.981598671   22.789933071
   -1.237597106    2.792526803   11.195175333   20.326388422   25.103254727
   -1.047197551    2.792526803   16.379610853   34.104609514   26.047773680
   -0.856797996    2.792526803   24.080474124   46.025800051   25.481710078
   -0.666398442    2.792526803   33.564214760   52.292450465   23.568525511
   -0.475998887    2.792526803   43.514209906   50.694851716   20.620465620
   -0.285599332    2.792526803   52.373170840   40.967285305   16.933141741
   -0.095199777    2.792526803   58.709336842   24.620827481   12.675630390
    0.095199777    2.792526803   61.537739037    4.761595316    7.905551216
    0.285599332    2.792526803   60.596200163  -14.195871539    2.669759220
    0.475998887    2.792526803   56.523965633  -27.289476762   -2.825199063
    0.666398442    2.792526803   50.850508711  -30.498551069   -8.112239665
    0.856797996    2.792526803   45.650476772  -22.417062739  -12.515749662
    1.047197551    2.792526803   42.912167240   -5.354890671  -15.372392246
    1.237597106    2.792526803   43.836484443   14.950595760  -16.337244991
    1.427996661    2.792526803   48.360585488   31.303577413  -15.535584248
    1.618396215    2.792526803   55.131520497   37.805400206  -13.508391108
    1.808795770    2.792526803   61.964398775   31.856301816  -10.968773764
    1.999195325    2.792526803   66.543847992   14.643281479   -8.524103972
    2.189594880    2.792526803   67.084458449   -9.706012918   -6.499081064
    2.379994435    2.792526803   62.757093506  -35.487821258   -4.915663209
    2.570393989    2.792526803   53.851545489  -56.873064216   -3.591302476
    2.760793544    2.792526803   41.687346356  -69.070467989   -2.281293123
    2.951193099    2.792526803   28.312871417  -69.384463701   -0.794537151
