#! FIELDS phi psi file.free der_phi der_psi
#! SET min_phi -pi
#! SET max_phi pi
#! SET nbins_phi  33
#! SET periodic_phi true
#! SET min_psi -pi
#! SET max_psi pi
#! SET nbins_psi  18
#! SET periodic_psi true
   -3.141592654   -3.141592654   17.454589936  -52.651887988   17.331649643
   -2.951193099   -3.141592654    9.177964723  -33.720505906   19.608840450
   -2.760793544   -3.141592654    4.721419126  -13.458656487   20.963816999
   -2.570393989   -3.141592654    3.810317306    2.780429979   21.576842740
   -2.379994435   -3.141592654    5.331673728   11.864775847   21.898853764
   -2.189594880   -3.141592654    7.873137654   13.779347742   22.530805078
   -1.999195325   -3.141592654   10.308265076   11.407483125   23.986731961
   -1.808795770   -3.141592654   12.217556342    8.959442732   26.433097032
   -1.618396215   -3.141592654   13.957288894   10.098451922   29.543560967
   -1.427996661   -3.141592654   16.404221347   16.422769082   32.575679779
   -1.237597106   -3.141592654   20.493416563   26.966929405   34.647485362
   -1.047197551   -3.141592654   26.768103645   38.740480420   35.059388645
   -0.856797996   -3.141592654   35.100449548   47.936077019   33.504854354
   -0.666398442   -3.141592654   44.664964959   51.200835809   30.060164275
   -0.475998887   -3.141592654   54.116366539   46.537789717   25.060949185
   -0.285599332   -3.141592654   61.887195411   33.668733667   18.953872467
   -0.095199777   -3.141592654   66.529754884   14.119385517   12.192112781
    0.095199777   -3.141592654   67.069199306   -8.717468886    5.223642481
    0.285599332   -3.141592654   63.344141925  -29.746890668   -1.486059673
    0.475998887   -3.141592654   56.247369618  -43.167300520   -7.408297962
    0.666398442   -3.141592654   47.704056146  -44.372016420  -11.988905356
    0.856797996   -3.141592654   40.234366193  -32.071591545  -14.764895101
    1.047197551   -3.141592654   36.173969461   -9.482350320  -15.544620522
    1.237597106   -3.141592654   36.845572563   16.288937697  -14.532811516
    1.427996661   -3.141592654   42.044216264   36.727737037  -12.262674419
    1.618396215   -3.141592654   50.067811024   45.150361555   -9.364736396
    1.808795770   -3.141592654   58.305174008   38.931973461   -6.305592759
    1.999195325   -3.141592654   64.081859300   19.977766656   -3.254192299
    2.189594880   -3.141592654   65.437867438   -6.432092855   -0.132038912
    2.379994435   -3.141592654   61.592806671  -33.497474024    3.215028150
    2.570393989   -3.141592654   53.051112440  -54.825103237    6.841753085
    2.760793544   -3.141592654   41.378997862  -65.838052098   10.614483412
    2.951193099   -3.141592654   28.765121397  -64.700446194   14.234218474

   -3.141592654   -2.792526803   25.040276993  -48.628195473   25.719889464
   -2.951193099   -2.792526803   17.338904507  -31.715766844   27.668916230
   -2.760793544   -2.792526803   13.089317179  -13.202863311   28.371201412
   -2.570393989   -2.792526803   12.119327207    2.072159816   28.165420912
   -2.379994435   -2.792526803   13.502704447   11.325051786   27.654845414
   -2.189594880   -2.792526803   16.050527548   14.555059615   27.522895005
   -1.999195325   -2.792526803   18.821048549   14.217140614   28.274771456
   -1.808795770   -2.792526803   21.459722393   13.721608633   29.994923564
   -1.618396215   -2.792526803   24.219562068   15.823205025   32.248648591
   -1.427996661   -2.792526803   27.719948515   21.470233743   34.197804871
   -1.237597106   -2.792526803   32.562709275   29.571915381   34.905655145
   -1.047197551   -2.792526803   38.988331522   37.573045550   33.676155748
   -0.856797996   -2.792526803   46.686773873   42.430778234   30.282308758
   -0.666398442   -2.792526803   54.803862356   41.615210543   24.968049235
   -0.475998887   -2.792526803   62.109585193   33.792929901   18.309068991
   -0.285599332   -2.792526803   67.255502345   19.091340226   11.016744258
   -0.095199777   -2.792526803   69.065631953   -0.797189663    3.767069100
    0.095199777   -2.792526803   66.848666728  -22.520274170   -2.874999927
    0.285599332   -2.792526803   60.704581485  -41.151510318   -8.467754232
    0.475998887   -2.792526803   51.746624221  -51.171681169  -12.655152643
    0.666398442   -2.792526803   42.054213872  -48.374338517  -15.173352198
    0.856797996   -2.792526803   34.210153498  -32.035228884  -15.893858966
    1.047197551   -2.792526803   30.494510787   -6.034736832  -14.914374979
    1.237597106   -2.792526803   32.057208438   21.996107176  -12.596210981
    1.427996661   -2.792526803   38.453869285   43.417448554   -9.467180645
    1.618396215   -2.792526803   47.764228420   51.877536856   -6.011069964
    1.808795770   -2.792526803   57.253303151   45.356512659   -2.487021880
    1.999195325   -2.792526803   64.236830787   26.291764868    1.120040210
    2.189594880   -2.792526803   66.816163638    0.158719656    4.982667399
    2.379994435   -2.792526803   64.270528982  -26.442349064    9.234474118
    2.570393989   -2.792526803   57.102484200  -47.532009961   13.810277165
    2.760793544   -2.792526803   46.796766460  -58.912211916   18.399179339
    2.951193099   -2.792526803   35.407109510  -58.908426245   22.528549903

   -3.141592654   -2.443460953   33.765505794  -44.471261809   22.965737443
   -2.951193099   -2.443460953   26.643639111  -29.788131806   24.465124348
   -2.760793544   -2.443460953   22.570247562  -13.180561744   24.955975603
   -2.570393989   -2.443460953   21.485690631    1.018252807   24.761473042
   -2.379994435   -2.443460953   22.652046705   10.284176145   24.368111927
   -2.189594880   -2.443460953   25.082852171   14.496894808   24.256376002
   -1.999195325   -2.443460953   27.975893211   15.572888380   24.706831253
   -1.808795770   -2.443460953   30.984037879   16.118086609   25.639269333
   -1.618396215   -2.443460953   34.212652216   18.116327033   26.584447726
   -1.427996661   -2.443460953   38.017435969   22.122890927   26.820202184
   -1.237597106   -2.443460953   42.714702171   27.215346465   25.648382793
   -1.047197551   -2.443460953   48.341687861   31.514299428   22.672895842
   -0.856797996   -2.443460953   54.541607872   32.866577051   17.961501365
   -0.666398442   -2.443460953   60.577091420   29.538331324   11.993149304
   -0.475998887   -2.443460953   65.457798618   20.673080899    5.478719699
   -0.285599332   -2.443460953   68.129010185    6.470565191   -0.856555810
   -0.095199777   -2.443460953   67.688604283  -11.628760536   -6.441841673
    0.095199777   -2.443460953   63.649987170  -30.718367013  -10.920893212
    0.285599332   -2.443460953   56.227754090  -46.341461293  -14.131133713
    0.475998887   -2.443460953   46.569600414  -53.358872450  -16.032588813
    0.666398442   -2.443460953   36.727045672  -47.818032630  -16.657153565
    0.856797996   -2.443460953   29.213564911  -29.200072010  -16.078511625
    1.047197551   -2.443460953   26.202806282   -1.568104436  -14.441147861
    1.237597106   -2.443460953   28.711207832   27.348476020  -11.983628474
    1.427996661   -2.443460953   36.158705804   49.024550590   -9.008553224
    1.618396215   -2.443460953   46.532641060   57.427449847   -5.777074867
    1.808795770   -2.443460953   57.077530650   50.942226151   -2.421806903
    1.999195325   -2.443460953   65.156546261   32.276096556    1.073936289
    2.189594880   -2.443460953   68.943039162    6.883766454    4.799819708
    2.379994435   -2.443460953   67.754803853  -18.946380365    8.791338614
    2.570393989   -2.443460953   62.058763101  -39.677909231   12.930760674
    2.760793544   -2.443460953   53.224069831  -51.470206973   16.926923275
    2.951193099   -2.443460953   43.142529585  -52.763399527   20.390803477

   -3.141592654   -2.094395102   39.862906769  -41.390237413   13.502744691
   -2.951193099   -2.094395102   33.195784911  -28.080359317   14.542585493
   -2.760793544   -2.094395102   29.336331910  -12.574244002   15.089153858
   -2.570393989   -2.094395102   28.301489628    1.033369377   15.295253297
   -2.379994435   -2.094395102   29.460141584   10.274470512   15.332043373
   -2.189594880   -2.094395102   31.919067308   14.835925954   15.303796370
   -1.999195325   -2.094395102   34.908801453   16.195005937   15.182411234
   -1.808795770   -2.094395102   38.017637379   16.414592664   14.775114871
   -1.618396215   -2.094395102   41.191444047   17.059089734   13.771786771
   -1.427996661   -2.094395102   44.579135757   18.650246992   11.855523877
   -1.237597106   -2.094395102   48.330006482   20.709962096    8.854573475
   -1.047197551   -2.094395102   52.435737517   22.156939794    4.847319717
   -0.856797996   -2.094395102   56.656061779   21.659413738    0.179612830
   -0.666398442   -2.094395102   60.499436046   17.992591660   -4.642678782
   -0.475998887   -2.094395102   63.272794679   10.324016380   -9.098693137
   -0.285599332   -2.094395102   64.180101982   -1.563646814  -12.781805229
   -0.095199777   -2.094395102   62.473825796  -16.862728098  -15.476972192
    0.095199777   -2.094395102   57.699553353  -33.266744377  -17.166225488
    0.285599332   -2.094395102   50.007835264  -46.715419876  -17.976586783
    0.475998887   -2.094395102   40.435532108  -52.178344257  -18.095448415
    0.666398442   -2.094395102   30.925199046  -45.567474632  -17.683801642
    0.856797996   -2.094395102   23.917990831  -26.151683845  -16.803764696
    1.047197551   -2.094395102   21.551741051    2.151949289  -15.433165657
    1.237597106   -2.094395102   24.824366899   31.638605340  -13.530395945
    1.427996661   -2.094395102   33.133955186   53.763966983  -11.119595291
    1.618396215   -2.094395102   44.443712421   62.496408929   -8.300943734
    1.808795770   -2.094395102   55.980368441   56.280176901   -5.224981009
    1.999195325   -2.094395102   65.102989635   37.894895858   -2.037414125
    2.189594880   -2.094395102   69.988291131   12.790032715    1.149355461
    2.379994435   -2.094395102   69.945388279  -12.862671377    4.244656036
    2.570393989   -2.094395102   65.403609575  -33.707808582    7.150629554
    2.760793544   -2.094395102   57.661413239  -46.051423769    9.744937806
    2.951193099   -2.094395102   48.522987043  -48.353833393   11.895942323

   -3.141592654   -1.745329252   42.368303149  -39.445188910    4.143290838
   -2.951193099   -1.745329252   36.014479476  -26.741020331    4.711073068
   -2.760793544   -1.745329252   32.354196229  -11.819465301    5.201250309
   -2.570393989   -1.745329252   31.410353223    1.239383300    5.565050659
   -2.379994435   -1.745329252   32.554814391    9.903022085    5.673228775
   -2.189594880   -1.745329252   34.875780612   13.713506254    5.327738067
   -1.999195325   -1.745329252   37.553419281   13.969796839    4.313080257
   -1.808795770   -1.745329252   40.098514313   12.653422104    2.463632538
   -1.618396215   -1.745329252   42.382488082   11.446924810   -0.260904646
   -1.427996661   -1.745329252   44.525318714   11.235124686   -3.733857652
   -1.237597106   -1.745329252   46.731965711   12.039835228   -7.655889845
   -1.047197551   -1.745329252   49.142788514   13.223444027  -11.606723940
   -0.856797996   -1.745329252   51.731462835   13.652886060  -15.129160691
   -0.666398442   -1.745329252   54.224231865   11.956792885  -17.844460334
   -0.475998887   -1.745329252   56.088168098    6.867785622  -19.533218349
   -0.285599332   -1.745329252   56.589851915   -2.403843549  -20.173827033
   -0.095199777   -1.745329252   54.937856917  -15.568017797  -19.932511539
    0.095199777   -1.745329252   50.550146544  -30.647078925  -19.114137148
    0.285599332   -1.745329252   43.410874080  -43.664624244  -18.075197098
    0.475998887   -1.745329252   34.401805595  -49.400783773  -17.120038864
    0.666398442   -1.745329252   25.367052627  -43.358957206  -16.399220628
    0.856797996   -1.745329252   18.735298932  -24.356642950  -15.833771448
    1.047197551   -1.745329252   16.707152990    4.001065082  -15.160571682
    1.237597106   -1.745329252   20.378195582   34.035683286  -14.059820062
    1.427996661   -1.745329252   29.222751673   56.995929873  -12.337885738
    1.618396215   -1.745329252   41.227986354   66.526293039  -10.016568613
    1.808795770   -1.745329252   53.587090304   60.816305164   -7.325547441
    1.999195325   -1.745329252   63.592409321   42.557326549   -4.594631232
    2.189594880   -1.745329252   69.351867136   17.255561750   -2.121013433
    2.379994435   -1.745329252   70.124470437   -8.792707334   -0.083791642
    2.570393989   -1.745329252   66.313081717  -30.118733042    1.476216592
    2.760793544   -1.745329252   59.205857223  -42.978222876    2.624245907
    2.951193099   -1.745329252   50.601671013  -45.824258965    3.474925153

   -3.141592654   -1.396263402   40.623605464  -39.892137119    1.834915277
   -2.951193099   -1.396263402   34.225407892  -26.747377287    1.840290654
   -2.760793544   -1.396263402   30.608454113  -11.390342821    1.805453708
   -2.570393989   -1.396263402   29.767373871    1.816709347    1.621721926
   -2.379994435   -1.396263402   30.993419439   10.068124045    1.060498260
   -2.189594880   -1.396263402   33.249464543   12.740242069   -0.179588800
   -1.999195325   -1.396263402   35.577051736   11.169775851   -2.363100030
   -1.808795770   -1.396263402   37.382091803    7.664430179   -5.578638232
   -1.618396215   -1.396263402   38.518133837    4.466471814   -9.634104669
   -1.427996661   -1.396263402   39.204978272    3.110139373  -14.057050556
   -1.237597106   -1.396263402   39.859741243    4.107864659  -18.208540091
   -1.047197551   -1.396263402   40.895624515    6.948086447  -21.464633066
   -0.856797996   -1.396263402   42.543667714   10.191264635  -23.380664138
   -0.666398442   -1.396263402   44.692344647   11.822517615  -23.792916129
   -0.475998887   -1.396263402   46.833223986    9.805132570  -22.820642205
   -0.285599332   -1.396263402   48.118469864    2.694796238  -20.810446610
   -0.095199777   -1.396263402   47.541328335   -9.612529170  -18.246024639
    0.095199777   -1.396263402   44.259000292  -25.209260878  -15.641065528
    0.285599332   -1.396263402   38.012732354  -39.866999786  -13.427409183
    0.475998887   -1.396263402   29.520384084  -47.806692436  -11.861038644
    0.666398442   -1.396263402   20.589902740  -43.758464472  -10.966220650
    0.856797996   -1.396263402   13.762751898  -25.813813849  -10.523877248
    1.047197551   -1.396263402   11.461667726    2.810699205  -10.171609280
    1.237597106   -1.396263402   15.028336720   34.262893901   -9.536694602
    1.427996661   -1.396263402   24.099975066   59.155740982   -8.400035025
    1.618396215   -1.396263402   36.684031704   70.324003718   -6.757713184
    1.808795770   -1.396263402   49.854921679   65.357149101   -4.799796955
    1.999195325   -1.396263402   60.711558723   46.784564555   -2.813723899
    2.189594880   -1.396263402   67.179637090   20.368032814   -1.069259978
    2.379994435   -1.396263402   68.409957883   -7.113314360    0.260392739
    2.570393989   -1.396263402   64.791953128  -29.707387008    1.126916751
    2.760793544   -1.396263402   57.677735870  -43.370367772    1.593004881
    2.951193099   -1.396263402   48.966507664  -46.467399402    1.783770656

   -3.141592654   -1.047197551   37.912940081  -41.314875877    3.565965057
   -2.951193099   -1.047197551   31.298349006  -27.599123571    2.285733837
   -2.760793544   -1.047197551   27.564202583  -11.830946920    0.853400805
   -2.570393989   -1.047197551   26.639719919    1.265562628   -0.697355723
   -2.379994435   -1.047197551   27.691080854    8.648195959   -2.486196294
   -2.189594880   -1.047197551   29.533190781    9.705589157   -4.768445566
   -1.999195325   -1.047197551   31.093513463    6.126340447   -7.799545192
   -1.808795770   -1.047197551   31.760928599    0.863229366  -11.633797259
   -1.618396215   -1.047197551   31.506235629   -3.127311698  -15.975865856
   -1.427996661   -1.047197551   30.785628633   -3.822212774  -20.197817406
   -1.237597106   -1.047197551   30.303790931   -0.676493071  -23.531980399
   -1.047197551   -1.047197551   30.720514851    5.346000743  -25.338959751
   -0.856797996   -1.047197551   32.397359135   12.073228734  -25.315504599
   -0.666398442   -1.047197551   35.205531913   16.730473262  -23.565769528
   -0.475998887   -1.047197551   38.490383016   16.707298396  -20.530491315
   -0.285599332   -1.047197551   41.175638015   10.267064813  -16.844100410
   -0.095199777   -1.047197551   41.999017136   -2.681782627  -13.158537203
    0.095199777   -1.047197551   39.889650732  -19.958139607   -9.983627257
    0.285599332   -1.047197551   34.433838295  -36.859861314   -7.580722462
    0.475998887   -1.047197551   26.298511993  -47.015595725   -5.946977595
    0.666398442   -1.047197551   17.353180443  -44.569743587   -4.887761136
    0.856797996   -1.047197551   10.297638832  -27.235790765   -4.114263040
    1.047197551   -1.047197551    7.754015679    1.834999501   -3.368350475
    1.237597106   -1.047197551   11.241432442   34.474795610   -2.469596087
    1.427996661   -1.047197551   20.488567058   60.757348751   -1.354558539
    1.618396215   -1.047197551   33.485449609   72.948345023   -0.048534388
    1.808795770   -1.047197551   47.196980670   68.264784808    1.358651440
    1.999195325   -1.047197551   58.570096861   49.173966827    2.737400549
    2.189594880   -1.047197551   65.395206298   21.658657298    3.938883984
    2.379994435   -1.047197551   66.747920185   -7.118998320    4.814624589
    2.570393989   -1.047197551   63.018449695  -30.809632989    5.242360364
    2.760793544   -1.047197551   55.625332108  -45.103626885    5.157356531
    2.951193099   -1.047197551   46.568614751  -48.270775173    4.568995478

   -3.141592654   -0.698131701   37.562582459  -45.251254697    4.084816711
   -2.951193099   -0.698131701   30.176045366  -31.700172750    1.928525255
   -2.760793544   -0.698131701   25.673203464  -15.773730856   -0.407366449
   -2.570393989   -0.698131701   24.014806624   -2.534041842   -2.815409792
   -2.379994435   -0.698131701   24.327689684    4.603934245   -5.347527270
   -2.189594880   -0.698131701   25.333313351    4.880949492   -8.203561163
   -1.999195325   -0.698131701   25.875007152    0.252631393  -11.574969735
   -1.808795770   -0.698131701   25.347571734   -5.686432050  -15.409472107
   -1.618396215   -0.698131701   23.861884643   -9.279809399  -19.263780928
   -1.427996661   -0.698131701   22.120850621   -8.148503508  -22.379762657
   -1.237597106   -0.698131701   21.089168320   -1.967552128  -23.978067297
   -1.047197551   -0.698131701   21.594871730    7.583918904  -23.596034763
   -0.856797996   -0.698131701   24.010323082   17.457598374  -21.286698050
   -0.666398442   -0.698131701   28.059929075   24.155807084  -17.578101425
   -0.475998887   -0.698131701   32.836331149   24.688493755  -13.257410318
   -0.285599332   -0.698131701   36.977094179   17.349777299   -9.102775721
   -0.095199777   -0.698131701   38.976252239    2.455428757   -5.646445379
    0.095199777   -0.698131701   37.623711138  -17.148485002   -3.044610085
    0.285599332   -0.698131701   32.502642653  -36.043093310   -1.096108314
    0.475998887   -0.698131701   24.400002851  -47.329150289    0.582475676
    0.666398442   -0.698131701   15.371535213  -44.973790845    2.307910109
    0.856797996   -0.698131701    8.300136278  -26.916280513    4.159137976
    1.047197551   -0.698131701    5.921407010    3.258926989    5.951006765
    1.237597106   -0.698131701    9.781778966   36.910485497    7.406938341
    1.427996661   -0.698131701   19.560170266   63.814037424    8.336967566
    1.618396215   -0.698131701   33.160323624   76.143085314    8.749855766
    1.808795770   -0.698131701   47.458720455   71.167180385    8.815328854
    1.999195325   -0.698131701   59.329266890   51.447104480    8.735108011
    2.189594880   -0.698131701   66.505274861   23.032113740    8.617400658
    2.379994435   -0.698131701   68.015621237   -6.869038611    8.425419050
    2.570393989   -0.698131701   64.214736363  -31.821058067    8.010265308
    2.760793544   -0.698131701   56.507661818  -47.372868839    7.199850140
    2.951193099   -0.698131701   46.915036178  -51.574727554    5.885543679

   -3.141592654   -0.349065850   38.517939394  -50.003330718    3.912381299
   -2.951193099   -0.349065850   30.181793870  -36.833890081    0.895626522
   -2.760793544   -0.349065850   24.698835968  -20.874628859   -2.238447040
   -2.570393989   -0.349065850   22.086141396   -7.461401161   -5.285930983
   -2.379994435   -0.349065850   21.461247576   -0.379769926   -8.219405648
   -2.189594880   -0.349065850   21.480275533   -0.555843116  -11.180951859
   -1.999195325   -0.349065850   20.929679041   -5.751707703  -14.303347782
   -1.808795770   -0.349065850   19.244294639  -11.678726015  -17.455707861
   -1.618396215   -0.349065850   16.717011857  -13.967289046  -20.115476206
   -1.427996661   -0.349065850   14.329794131  -10.012070671  -21.509059932
   -1.237597106   -0.349065850   13.298155972   -0.010526739  -20.986975175
   -1.047197551   -0.349065850   14.543194737   13.280224006  -18.391307130
   -0.856797996   -0.349065850   18.312299901   25.705420824  -14.199339626
   -0.666398442   -0.349065850   24.030649449   33.108436794   -9.333834437
   -0.475998887   -0.349065850   30.429919955   32.508715670   -4.795173737
   -0.285599332   -0.349065850   35.849354593   22.827740443   -1.295942995
   -0.095199777   -0.349065850   38.642989954    5.367140473    0.971535814
    0.095199777   -0.349065850   37.654365802  -16.045205646    2.351205835
    0.285599332   -0.349065850   32.676299824  -35.403933965    3.528156440
    0.475998887   -0.349065850   24.757435139  -45.875443366    5.171614001
    0.666398442   -0.349065850   16.139691769  -42.099804992    7.581755595
    0.856797996   -0.349065850    9.734007651  -22.943118891   10.528451597
    1.047197551   -0.349065850    8.144681942    7.383803001   13.369471039
    1.237597106   -0.349065850   12.722458168   40.172849605   15.422080923
    1.427996661   -0.349065850   22.991388659   65.662758525   16.295694965
    1.618396215   -0.349065850   36.810384344   76.648098788   16.041891717
    1.808795770   -0.349065850   51.113048226   70.801566576   15.046584637
    1.999195325   -0.349065850   62.871062246   50.699281466   13.778268868
    2.189594880   -0.349065850   69.887273934   22.109759934   12.549932313
    2.379994435   -0.349065850   71.196523054   -8.106710189   11.412926434
    2.570393989   -0.349065850   67.103229678  -33.718162018   10.195304283
    2.760793544   -0.349065850   58.945579518  -50.251127523    8.638443804
    2.951193099   -0.349065850   48.703405903  -55.504515083    6.548711646

   -3.141592654    0.000000000   39.648635668  -55.318949570    2.258546555
   -2.951193099    0.000000000   30.261319609  -42.463814698   -0.634874162
   -2.760793544    0.000000000   23.711901328  -26.374994576   -3.444888530
   -2.570393989    0.000000000   20.083870679  -12.611721961   -6.034406728
   -2.379994435    0.000000000   18.505390164   -5.278076761   -8.429631338
   -2.189594880    0.000000000   17.597342796   -5.415732980  -10.776010604
   -1.999195325    0.000000000   16.127619729  -10.479331283  -13.147085306
   -1.808795770    0.000000000   13.607204562  -15.540438057  -15.323490491
   -1.618396215    0.000000000   10.525562178  -15.692275521  -16.736530021
   -1.427996661    0.000000000    8.113330831   -8.391984214  -16.682502177
   -1.237597106    0.000000000    7.747542669    5.334054372  -14.727629203
   -1.047197551    0.000000000   10.305966635   21.483334335  -11.029525645
   -0.856797996    0.000000000   15.765739334   34.899138413   -6.367738274
   -0.666398442    0.000000000   23.157107910   41.157577775   -1.812106375
   -0.475998887    0.000000000   30.848291177   37.846788521    1.733091902
   -0.285599332    0.000000000   36.982751451   25.029777336    3.891278221
   -0.095199777    0.000000000   39.953802773    5.249850056    4.942244797
    0.095199777    0.000000000   38.853284564  -16.781815351    5.666212655
    0.285599332    0.000000000   33.826600107  -34.902668871    6.989012109
    0.475998887    0.000000000   26.225000807  -42.945910759    9.531132826
    0.666398442    0.000000000   18.404950378  -36.777015820   13.277703696
    0.856797996    0.000000000   13.151304914  -16.467192690   17.532457615
    1.047197551    0.000000000   12.764208602   13.228643488   21.217108732
    1.237597106    0.000000000   18.270978069   43.905880103   23.389888176
    1.427996661    0.000000000   28.996027015   66.719605825   23.642958780
    1.618396215    0.000000000   42.787598958   75.439793514   22.202623889
    1.808795770    0.000000000   56.718727920   68.288432441   19.717357993
    1.999195325    0.000000000   67.949882991   47.811962647   16.903229817
    2.189594880    0.000000000   74.423909070   19.341862172   14.249086870
    2.379994435    0.000000000   75.218809925  -10.785900786   11.903914027
    2.570393989    0.000000000   70.595466801  -36.686227828    9.738381776
    2.760793544    0.000000000   61.810692317  -53.934025279    7.507506029
    2.951193099    0.000000000   50.781919502  -60.082433404    5.020483479

   -3.141592654    0.349065850   41.548681302  -59.372498030    1.237066052
   -2.951193099    0.349065850   31.353834713  -46.824736357   -0.680689029
   -2.760793544    0.349065850   23.965976027  -30.764884455   -2.381035137
   -2.570393989    0.349065850   19.513615909  -16.860545294   -3.857734303
   -2.379994435    0.349065850   17.139386654   -9.391106774   -5.214672012
   -2.189594880    0.349065850   15.458214096   -9.404154951   -6.598808122
   -1.999195325    0.349065850   13.260496896  -14.043354962   -8.039409827
   -1.808795770    0.349065850   10.160748179  -17.891550618   -9.300623048
   -1.618396215    0.349065850    6.831669045  -15.762889782   -9.892794433
   -1.427996661    0.349065850    4.688328052   -5.432139790   -9.296028349
   -1.237597106    0.349065850    5.168520946   11.139100322   -7.298153670
   -1.047197551    0.349065850    9.007695239   28.832613792   -4.204114115
   -0.856797996    0.349065850   15.860868178   41.851897209   -0.766885558
   -0.666398442    0.349065850   24.394822141   45.982869220    2.183141831
   -0.475998887    0.349065850   32.732591136   39.790046758    4.140914913
   -0.285599332    0.349065850   38.996711711   24.639656899    5.165181131
   -0.095199777    0.349065850   41.794735870    4.148300785    5.852538628
    0.095199777    0.349065850   40.580643052  -16.537461880    7.058033279
    0.285599332    0.349065850   35.865677650  -31.684122282    9.510157774
    0.475998887    0.349065850   29.207839203  -36.305376975   13.433566317
    0.666398442    0.349065850   22.905652237  -27.775135596   18.370310300
    0.856797996    0.349065850   19.421938808   -7.316332905   23.281059937
    1.047197551    0.349065850   20.596584589   20.112256255   26.942671139
    1.237597106    0.349065850   27.058923163   46.905586830   28.464097871
    1.427996661    0.349065850   37.953638637   65.589074213   27.622782106
    1.618396215    0.349065850   51.209445209   71.193002606   24.869760204
    1.808795770    0.349065850   64.163307237   62.558364307   21.049212855
    1.999195325    0.349065850   74.285069487   42.101859786   17.016255116
    2.189594880    0.349065850   79.748888982   14.523297611   13.350897654
    2.379994435    0.349065850   79.727346270  -14.579826894   10.267048565
    2.570393989    0.349065850   74.449802151  -39.863241089    7.691530633
    2.760793544    0.349065850   65.071818540  -57.087091759    5.423526888
    2.951193099    0.349065850   53.408344177  -63.635471990    3.289460122

   -3.141592654    0.698131701   43.239430968  -62.171020487    0.033168314
   -2.951193099    0.698131701   32.500662897  -49.691465162   -0.560638839
   -2.760793544    0.698131701   24.572869262  -33.526114612   -0.897931108
   -2.570393989    0.698131701   19.615206980  -19.384782596   -1.108678422
   -2.379994435    0.698131701   16.784490163  -11.659726696   -1.345578889
   -2.189594880    0.698131701   14.693925271  -11.423646100   -1.729623273
   -1.999195325    0.698131701   12.145007493  -15.662554057   -2.267795860
   -1.808795770    0.698131701    8.805036154  -18.709966005   -2.804191266
   -1.618396215    0.698131701    5.436768826  -15.281211915   -3.064010715
   -1.427996661    0.698131701    3.531117959   -3.421104591   -2.794168846
   -1.237597106    0.698131701    4.515936938   14.314294146   -1.933215995
   -1.047197551    0.698131701    8.999195301   32.227863831   -0.675072002
   -0.856797996    0.698131701   16.432052676   44.388492083    0.627046772
   -0.666398442    0.698131701   25.312322883   47.051332752    1.707188988
   -0.475998887    0.698131701   33.727919645   39.657643042    2.580200793
   -0.285599332    0.698131701   39.937599796   24.440920623    3.586467957
   -0.095199777    0.698131701   42.815067230    5.441908644    5.266164443
    0.095199777    0.698131701   42.101260353  -12.403207527    8.099906144
    0.285599332    0.698131701   38.492598101  -24.214901817   12.257162678
    0.475998887    0.698131701   33.526461690  -26.231987270   17.411924054
    0.666398442    0.698131701   29.246815516  -16.994586360   22.752053662
    0.856797996    0.698131701   27.689221832    1.716564946   27.176895933
    1.047197551    0.698131701   30.245007087   25.314384183   29.679212627
    1.237597106    0.698131701   37.247239080   47.347628770   29.723893278
    1.427996661    0.698131701   47.799729277   61.746623980   27.430442206
    1.618396215    0.698131701   60.032084684   64.592940890   23.464523224
    1.808795770    0.698131701   71.614657463   55.051618852   18.734663654
    1.999195325    0.698131701   80.344300187   35.181102436   14.062881531
    2.189594880    0.698131701   84.613598724    8.959186574    9.980275730
    2.379994435    0.698131701   83.671834036  -18.724182823    6.695054741
    2.570393989    0.698131701   77.710238178  -42.997731059    4.184256860
    2.760793544    0.698131701   67.786991520  -59.769146506    2.320164948
    2.951193099    0.698131701   55.619340490  -66.292125951    0.968476542

   -3.141592654    1.047197551   41.606727573  -62.757990378   -3.455465211
   -2.951193099    1.047197551   30.851386476  -49.294518143   -2.506332954
   -2.760793544    1.047197551   23.070021042  -32.433833762   -1.313822197
   -2.570393989    1.047197551   18.355436002  -17.986342477   -0.178505904
   -2.379994435    1.047197551   15.788845240  -10.337536870    0.699901394
   -2.189594880    1.047197551   13.919928738  -10.443222417    1.248893386
   -1.999195325    1.047197551   11.517265807  -15.101994977    1.493896903
   -1.808795770    1.047197551    8.250143754  -18.483195416    1.500236501
   -1.618396215    1.047197551    4.905123377  -15.246535657    1.324004938
   -1.427996661    1.047197551    2.994139646   -3.517612250    1.000681096
   -1.237597106    1.047197551    3.943371917   14.011352630    0.567145162
   -1.047197551    1.047197551    8.340980992   31.608797206    0.107796459
   -0.856797996    1.047197551   15.630611369   43.544205348   -0.206424110
   -0.666398442    1.047197551   24.363511114   46.463841462   -0.083716533
   -0.475998887    1.047197551   32.758832830   40.192814862    0.844956792
   -0.285599332    1.047197551   39.257281720   27.093690202    2.927143265
   -0.095199777    1.047197551   42.900763041   10.902466649    6.362863234
    0.095199777    1.047197551   43.501106537   -4.129481284   11.069875918
    0.285599332    1.047197551   41.672507901  -14.016532339   16.616012661
    0.475998887    1.047197551   38.702769521  -15.781480460   22.227108266
    0.666398442    1.047197551   36.273389128   -8.350585357   26.933942164
    0.856797996    1.047197551   36.042078975    6.761102038   29.799819679
    1.047197551    1.047197551   39.133818279   25.837509454   30.226544499
    1.237597106    1.047197551   45.814722575   43.586932586   28.154023956
    1.427996661    1.047197551   55.332417775   54.894309260   24.077894206
    1.618396215    1.047197551   66.093669240   56.259254705   18.832287857
    1.808795770    1.047197551   76.066167857   46.668965534   13.292289258
    1.999195325    1.047197551   83.271676804   27.652972201    8.135331616
    2.189594880    1.047197551   86.220737269    2.639832447    3.761348488
    2.379994435    1.047197551   84.194131350  -23.813983019    0.347691886
    2.570393989    1.047197551   77.373809472  -46.938460462   -2.048361191
    2.760793544    1.047197551   66.805583193  -62.598029740   -3.427342091
    2.951193099    1.047197551   54.205127611  -67.994800303   -3.846761935

   -3.141592654    1.396263402   37.131565090  -61.140256450   -9.251313814
   -2.951193099    1.396263402   26.831531593  -46.226261243   -7.819854530
   -2.760793544    1.396263402   19.714429222  -28.648080159   -6.032023542
   -2.570393989    1.396263402   15.731446611  -14.188254314   -4.194416729
   -2.379994435    1.396263402   13.847852047   -7.022101020   -2.484633216
   -2.189594880    1.396263402   12.541506228   -7.879810882   -0.945202815
   -1.999195325    1.396263402   10.542876756  -13.446084090    0.424188133
   -1.808795770    1.396263402    7.492751725  -17.891317532    1.556366720
   -1.618396215    1.396263402    4.148524960  -15.852050198    2.282093518
   -1.427996661    1.396263402    2.010040892   -5.279923746    2.423095162
   -1.237597106    1.396263402    2.542533363   11.486603356    1.956018841
   -1.047197551    1.396263402    6.449049609   29.124620445    1.130524833
   -0.856797996    1.396263402   13.355266894   42.189334157    0.450855059
   -0.666398442    1.396263402   22.026369966   47.334698640    0.535963347
   -0.475998887    1.396263402   30.865287029   44.063553680    1.902356724
   -0.285599332    1.396263402   38.405890867   34.139202196    4.781112861
   -0.095199777    1.396263402   43.652320977   20.531156811    9.023751133
    0.095199777    1.396263402   46.232254490    6.763323946   14.096291194
    0.285599332    1.396263402   46.456690590   -3.674552768   19.172784411
    0.475998887    1.396263402   45.251273794   -7.876888219   23.310017797
    0.666398442    1.396263402   43.971588268   -4.358863193   25.689940412
    0.856797996    1.396263402   44.070507566    6.227480643   25.824004521
    1.047197551    1.396263402   46.654419154   21.179057599   23.708558924
    1.237597106    1.396263402   52.148161334   36.020388451   19.790547936
    1.427996661    1.396263402   60.068994646   45.930818589   14.811493173
    1.618396215    1.396263402   69.096060390   47.171695498    9.534356155
    1.808795770    1.396263402   77.389914820   38.193195683    4.535939722
    1.999195325    1.396263402   83.062492935   20.040368405    0.128164227
    2.189594880    1.396263402   84.648038323   -4.058917551   -3.573924716
    2.379994435    1.396263402   81.442906113  -29.449886748   -6.521511855
    2.570393989    1.396263402   73.676019947  -51.169790961   -8.638000437
    2.760793544    1.396263402   62.468670584  -65.004318225   -9.816542175
    2.951193099    1.396263402   49.604191327  -68.331979190   -9.995625020

   -3.141592654    1.745329252   31.150983818  -58.870308233  -15.910320844
   -2.951193099    1.745329252   21.428370125  -42.543935577  -14.665931024
   -2.760793544    1.745329252   15.086778644  -24.312447928  -12.785049440
   -2.570393989    1.745329252   11.937115279   -9.863343693  -10.507557555
   -2.379994435    1.745329252   10.842926310   -3.098676436   -7.987272264
   -2.189594880    1.745329252   10.230553185   -4.540417435   -5.275306443
   -1.999195325    1.745329252    8.799148532  -10.873520835   -2.418939921
   -1.808795770    1.745329252    6.140839187  -16.422543500    0.412207496
   -1.618396215    1.745329252    2.941309447  -15.858813152    2.891309068
   -1.427996661    1.745329252    0.652698772   -6.823462202    4.663528156
   -1.237597106    1.745329252    0.787021168    8.991381063    5.571683157
   -1.047197551    1.745329252    4.224792874   26.931000698    5.812627550
   -0.856797996    1.745329252   10.865065904   41.836226131    5.902708520
   -0.666398442    1.745329252   19.747989492   50.064086643    6.466750256
   -0.475998887    1.745329252   29.444104082   50.328449192    7.961174116
   -0.285599332    1.745329252   38.478871788   43.396132572   10.475626149
   -0.095199777    1.745329252   45.663643575   31.337170084   13.674956451
    0.095199777    1.745329252   50.292146252   17.117618515   16.876984171
    0.285599332    1.745329252   52.280462741    4.172123854   19.236755200
    0.475998887    1.745329252   52.198853539   -4.107653376   20.010994276
    0.666398442    1.745329252   51.186888909   -5.328257785   18.822597685
    0.856797996    1.745329252   50.675771187    0.959500164   15.784516758
    1.047197551    1.745329252   51.947953187   12.932235441   11.473192856
    1.237597106    1.745329252   55.724167731   26.502875565    6.675789704
    1.427996661    1.745329252   61.833196881   36.607950496    2.114522777
    1.618396215    1.745329252   69.175294184   38.865943758   -1.800176474
    1.808795770    1.745329252   76.000484240   31.044938877   -5.020057200
    1.999195325    1.745329252   80.403523019   13.802775958   -7.739291377
    2.189594880    1.745329252   80.867843599   -9.608418539  -10.185385430
    2.379994435    1.745329252   76.675352068  -34.215877697  -12.440252211
    2.570393989    1.745329252   68.107226590  -54.719379881  -14.382141859
    2.760793544    1.745329252   56.382892266  -66.787714425  -15.752912054
    2.951193099    1.745329252   43.374111003  -68.031206714  -16.299019820

   -3.141592654    2.094395102   24.235527692  -57.906094327  -18.662786712
   -2.951193099    2.094395102   14.847647366  -40.050101708  -17.476580891
   -2.760793544    2.094395102    9.097702907  -20.670781476  -15.535564721
   -2.570393989    2.094395102    6.719367546   -5.467464473  -13.028096069
   -2.379994435    2.094395102    6.514080618    1.812000530  -10.089556826
   -2.189594880    2.094395102    6.875809912    0.754650632   -6.761670012
   -1.999195325    2.094395102    6.474415139   -5.408605438   -3.076627950
   -1.808795770    2.094395102    4.838790541  -11.249878233    0.805374688
   -1.618396215    2.094395102    2.548245667  -11.591646891    4.531222021
   -1.427996661    2.094395102    0.949441861   -3.885143942    7.661945397
   -1.237597106    2.094395102    1.522670545   10.728893426    9.902802026
   -1.047197551    2.094395102    5.233087056   28.209305281   11.285087499
   -0.856797996    2.094395102   12.154752821   43.674680635   12.159260024
   -0.666398442    2.094395102   21.507005746   53.235528831   12.988947877
   -0.475998887    2.094395102   31.949350016   54.942020364   14.084895788
   -0.285599332    2.094395102   41.951630889   48.765286136   15.430436341
   -0.095199777    2.094395102   50.128791972   36.138404727   16.653955486
    0.095199777    2.094395102   55.491844256   19.768296895   17.153156505
    0.285599332    2.094395102   57.673193179    3.376626169   16.307891122
    0.475998887    2.094395102   57.064334935   -8.838905835   13.753613098
    0.666398442    2.094395102   54.814896254  -13.399126142    9.591680265
    0.856797996    2.094395102   52.566620545   -8.885289741    4.408952271
    1.047197551    2.094395102   51.950019211    3.249807052   -0.897098408
    1.237597106    2.094395102   54.031317062   18.582176438   -5.482757448
    1.427996661    2.094395102   58.863036535   31.138537096   -8.848437826
    1.618396215    2.094395102   65.379210994   35.541407501  -10.989100805
    1.808795770    2.094395102   71.702290034   28.915113781  -12.294062452
    1.999195325    2.094395102   75.728798383   11.831213443  -13.298312648
    2.189594880    2.094395102   75.777218711  -12.052028127  -14.416849022
    2.379994435    2.094395102   71.067665587  -37.143848971  -15.780584324
    2.570393989    2.094395102   61.933066671  -57.614951974  -17.225970434
    2.760793544    2.094395102   49.719245719  -68.896153665  -18.407294371
    2.951193099    2.094395102   36.434709261  -68.736691536  -18.961985151

   -3.141592654    2.443460953   17.897108566  -57.268015770  -13.343999409
   -2.951193099    2.443460953    8.757991650  -38.106271250  -11.864741306
   -2.760793544    2.443460953    3.490360109  -17.597335047   -9.818538751
   -2.570393989    2.443460953    1.788815485   -1.469579219   -7.343349569
   -2.379994435    2.443460953    2.425692403    6.653786228   -4.511624494
   -2.189594880    2.443460953    3.792225700    6.467733811   -1.278352380
   -1.999195325    2.443460953    4.559814229    1.123979428    2.436894988
   -1.808795770    2.443460953    4.222249940   -4.241030926    6.586619478
   -1.618396215    2.443460953    3.262943555   -4.744337989   10.878165572
   -1.427996661    2.443460953    2.897593901    2.122658941   14.827108823
   -1.237597106    2.443460953    4.503256484   15.536978198   17.964352624
   -1.047197551    2.443460953    9.021408661   31.934231881   20.046112131
   -0.856797996    2.443460953   16.580689588   46.715793502   21.115834090
   -0.666398442    2.443460953   26.474453051   55.901256070   21.370708482
   -0.475998887    2.443460953   37.385026112   57.131298752   20.964976266
   -0.285599332    2.443460953   47.714832853   49.875482373   19.879633240
   -0.095199777    2.443460953   55.927669629   35.240789374   17.909255583
    0.095199777    2.443460953   60.854983208   15.959109813   14.779691453
    0.285599332    2.443460953   61.996761531   -3.745068186   10.325230869
    0.475998887    2.443460953   59.745314158  -18.810644951    4.692469330
    0.666398442    2.443460953   55.429317565  -24.833065924   -1.558732457
    0.856797996    2.443460953   51.017387138  -19.822767247   -7.549063247
    1.047197551    2.443460953   48.513984983   -5.378012431  -12.350846218
    1.237597106    2.443460953   49.262307354   13.290949548  -15.362420689
    1.427996661    2.443460953   53.404992922   29.091883607  -16.514581956
    1.618396215    2.443460953   59.763722369   35.719859292  -16.257688034
    1.808795770    2.443460953   66.220335502   29.912697510  -15.318060455
    1.999195325    2.443460953   70.414145644   12.437976983  -14.384895674
    2.189594880    2.443460953   70.485038290  -12.459815220  -13.877442909
    2.379994435    2.443460953   65.598387687  -38.529178136  -13.866858562
    2.570393989    2.443460953   56.145607279  -59.448452577  -14.142615752
    2.760793544    2.443460953   43.597751543  -70.442729027  -14.353986055
    2.951193099    2.443460953   30.097783907  -69.369554466  -14.158822639

   -3.141592654    2.792526803   14.717398122  -55.886411006    1.022712690
   -2.951193099    2.792526803    5.910227828  -36.018464279    3.146968439
   -2.760793544    2.792526803    1.107060705  -14.822415550    5.085691636
   -2.570393989    2.792526803    0.000000000    2.002293775    6.789087579
   -2.379994435    2.792526803    1.375188459   10.969519641    8.400263302
   -2.189594880    2.792526803    3.664170094   11.878091883   10.246133697
   -1.999195325    2.792526803    5.580062144    7.770663859   12.683673631
   -1.808795770    2.792526803    6.611688727    3.410886388   15.870798471
   -1.618396215    2.792526803    7.153888288    3.226905664   19.598521534
   -1.427996661    2.792526803    8.261904569    9.467626183   23.316935836
   -1.237597106    2.792526803   11.137890179   21.419402411   26.349668664
   -1.047197551    2.792526803   16.596549307   35.888410975   28.156666373
   -0.856797996    2.792526803   24.712646784   48.603418635   28.487505166
   -0.666398442    2.792526803   34.767455868   55.691229868   27.340728887
   -0.475998887    2.792526803   45.428955929   54.689507389   24.837482463
   -0.285599332    2.792526803   55.060161145   44.928642705   21.116440505
   -0.095199777    2.792526803   62.072129558   27.555563229   16.295297403
    0.095199777    2.792526803   65.278000113    5.614250017   10.531458922
    0.285599332    2.792526803   64.244998752  -16.077163501    4.108586177
    0.475998887    2.792526803   59.558332142  -31.781157984   -2.471844147
    0.666398442    2.792526803   52.854041066  -36.627535882   -8.505755900
    0.856797996    2.792526803   46.450646293  -28.675886999  -13.232733219
    1.047197551    2.792526803   42.633465912  -10.222135345  -16.083345096
    1.237597106    2.792526803   42.849639775   12.460245535  -16.922107657
    1.427996661    2.792526803   47.142091936   31.275427743  -16.086025342
    1.618396215    2.792526803   54.082742270   39.396849041  -14.224293561
    1.808795770    2.792526803   61.263685328   33.651180541  -12.014927769
    1.999195325    2.792526803   66.096647974   15.322607218   -9.924641019
    2.189594880    2.792526803   66.607839669  -10.710603435   -8.115687134
    2.379994435    2.792526803   61.958568561  -37.713197399   -6.503396880
    2.570393989    2.792526803   52.606810480  -59.116090954   -4.893447188
    2.760793544    2.792526803   40.116266372  -70.097277340   -3.118711625
    2.951193099    2.792526803   26.716255705  -68.623345939   -1.120823110
