#! FIELDS phi psi file.free der_phi der_psi
#! SET min_phi -pi
#! SET max_phi pi
#! SET nbins_phi  33
#! SET periodic_phi true
#! SET min_psi -pi
#! SET max_psi pi
#! SET nbins_psi  18
#! SET periodic_psi true
   -3.141592654   -3.141592654   18.474373375  -54.124505987   16.335447694
   -2.951193099   -3.141592654    9.889755947  -35.351021511   18.738290239
   -2.760793544   -3.141592654    5.158013753  -14.619595265   20.303878760
   -2.570393989   -3.141592654    4.095513225    2.386596663   21.156038155
   -2.379994435   -3.141592654    5.609171725   12.147886684   21.681631926
   -2.189594880   -3.141592654    8.243049905   14.415894714   22.422612426
   -1.999195325   -3.141592654   10.801271403   12.015193554   23.848159108
   -1.808795770   -3.141592654   12.795949603    9.213843303   26.098644239
   -1.618396215   -3.141592654   14.528769882    9.754841774   28.841150366
   -1.427996661   -3.141592654   16.837235796   15.305986106   31.351416868
   -1.237597106   -3.141592654   20.630982164   24.991215319   32.794117336
   -1.047197551   -3.141592654   26.448775977   35.953650832   32.556100641
   -0.856797996   -3.141592654   34.187287719   44.544782762   30.451610992
   -0.666398442   -3.141592654   43.075791125   47.575275346   26.694664614
   -0.475998887   -3.141592654   51.853869239   43.198459525   21.734424266
   -0.285599332   -3.141592654   59.064261556   31.241861628   16.059335986
   -0.095199777   -3.141592654   63.379799283   13.217279912   10.056418576
    0.095199777   -3.141592654   63.925557581   -7.697385975    4.000135998
    0.285599332   -3.141592654   60.578714752  -26.827995354   -1.877245347
    0.475998887   -3.141592654   54.179604232  -38.871157935   -7.259372157
    0.666398442   -3.141592654   46.514218995  -39.604202122  -11.701430140
    0.856797996   -3.141592654   39.915506248  -27.833762513  -14.704913384
    1.047197551   -3.141592654   36.543983252   -6.570720291  -15.914888262
    1.237597106   -3.141592654   37.610601066   17.525162932  -15.321798771
    1.427996661   -3.141592654   42.895443370   36.487531801  -13.289014522
    1.618396215   -3.141592654   50.782887838   44.112327411  -10.392065787
    1.808795770   -3.141592654   58.817806542   38.005962000   -7.165703371
    1.999195325   -3.141592654   64.489817431   19.900535368   -3.916056795
    2.189594880   -3.141592654   65.933234208   -5.453206226   -0.687764571
    2.379994435   -3.141592654   62.345245626  -31.888129073    2.623413905
    2.570393989   -3.141592654   54.105532994  -53.398853456    6.107186543
    2.760793544   -3.141592654   42.625726480  -65.325214261    9.714011238
    2.951193099   -3.141592654   29.996856105  -65.344867505   13.229829012

   -3.141592654   -2.792526803   25.728515080  -49.552638914   24.434584009
   -2.951193099   -2.792526803   17.832528805  -32.724276135   26.692463147
   -2.760793544   -2.792526803   13.423635810  -13.789704069   27.685222659
   -2.570393989   -2.792526803   12.398725765    2.101181533   27.690272506
   -2.379994435   -2.792526803   13.834169591   11.802534493   27.269832329
   -2.189594880   -2.792526803   16.485041752   15.101976879   27.085308234
   -1.999195325   -2.792526803   19.331631289   14.416577827   27.635273020
   -1.808795770   -2.792526803   21.946784681   13.240114834   29.013785425
   -1.618396215   -2.792526803   24.530910827   14.452637124   30.814726629
   -1.427996661   -2.792526803   27.677201154   19.136568231   32.254391384
   -1.237597106   -2.792526803   31.988862070   26.374668335   32.473965245
   -1.047197551   -2.792526803   37.744489755   33.815457395   30.877521413
   -0.856797996   -2.792526803   44.710406267   38.598193481   27.341711720
   -0.666398442   -2.792526803   52.136077935   38.294885804   22.193872084
   -0.475998887   -2.792526803   58.904123346   31.566060062   16.037670546
   -0.285599332   -2.792526803   63.767354165   18.423378819    9.528768581
   -0.095199777   -2.792526803   65.618417417    0.330147704    3.195446311
    0.095199777   -2.792526803   63.780747136  -19.695933158   -2.609115817
    0.285599332   -2.792526803   58.299739457  -37.107507823   -7.655669224
    0.475998887   -2.792526803   50.166920524  -46.679093461  -11.725208130
    0.666398442   -2.792526803   41.302751122  -44.291981408  -14.558878038
    0.856797996   -2.792526803   34.138749526  -29.047469067  -15.897631347
    1.047197551   -2.792526803   30.855975877   -4.486540144  -15.623319351
    1.237597106   -2.792526803   32.576526015   22.156299287  -13.885966480
    1.427996661   -2.792526803   38.899915723   42.588637769  -11.088735968
    1.618396215   -2.792526803   48.006861553   50.694201207   -7.716332692
    1.808795770   -2.792526803   57.292190339   44.517930112   -4.130447167
    1.999195325   -2.792526803   64.191274453   26.306855111   -0.448808720
    2.189594880   -2.792526803   66.865530835    1.117249415    3.417022348
    2.379994435   -2.792526803   64.564021999  -24.930458179    7.601767837
    2.570393989   -2.792526803   57.681961488  -46.149607256   12.110426930
    2.760793544   -2.792526803   47.575718073  -58.261992947   16.715226784
    2.951193099   -2.792526803   36.218937946  -59.186515897   20.987873808

   -3.141592654   -2.443460953   34.172090816  -44.733411941   22.546025515
   -2.951193099   -2.443460953   26.975971653  -30.218965265   24.341215976
   -2.760793544   -2.443460953   22.835810333  -13.388659464   25.022997722
   -2.570393989   -2.443460953   21.744920295    1.173185514   24.882678175
   -2.379994435   -2.443460953   22.962515693   10.628617134   24.408130211
   -2.189594880   -2.443460953   25.447742665   14.670872867   24.099620186
   -1.999195325   -2.443460953   28.325815551   15.196161996   24.262798675
   -1.808795770   -2.443460953   31.186149821   14.917922443   24.848091490
   -1.618396215   -2.443460953   34.096404056   15.985272342   25.429041186
   -1.427996661   -2.443460953   37.409461687   19.128852253   25.346253380
   -1.237597106   -2.443460953   41.473109535   23.631650317   23.976948224
   -1.047197551   -2.443460953   46.396149606   27.811365080   21.001567461
   -0.856797996   -2.443460953   51.925639175   29.643806908   16.540972001
   -0.666398442   -2.443460953   57.440146588   27.388029243   11.084365955
   -0.475998887   -2.443460953   62.049166317   20.033399215    5.290827176
   -0.285599332   -2.443460953   64.757420189    7.514752205   -0.233228907
   -0.095199777   -2.443460953   64.665485651   -9.049888030   -5.087836793
    0.095199777   -2.443460953   61.227617189  -27.072402281   -9.097547775
    0.285599332   -2.443460953   54.545477392  -42.329357959  -12.229920163
    0.475998887   -2.443460953   45.624012488  -49.739134343  -14.470461608
    0.666398442   -2.443460953   36.382191578  -45.194288836  -15.753028797
    0.856797996   -2.443460953   29.247084782  -27.850097097  -15.964337125
    1.047197551   -2.443460953   26.373381391   -1.431725983  -15.042569947
    1.237597106   -2.443460953   28.814663376   26.581137503  -13.079406610
    1.427996661   -2.443460953   36.063143791   47.788963542  -10.335801929
    1.618396215   -2.443460953   46.194493320   56.201361685   -7.133284302
    1.808795770   -2.443460953   56.543584833   50.190642323   -3.718754076
    1.999195325   -2.443460953   64.552214133   32.334421258   -0.176220441
    2.189594880   -2.443460953   68.433912103    7.810575950    3.549562988
    2.379994435   -2.443460953   67.483783838  -17.440427644    7.531486859
    2.570393989   -2.443460953   62.086084549  -38.137066062   11.725282126
    2.760793544   -2.443460953   53.503272030  -50.422843917   15.892577666
    2.951193099   -2.443460953   43.550535813  -52.446584183   19.639243863

   -3.141592654   -2.094395102   40.423532850  -41.177812737   14.401377627
   -2.951193099   -2.094395102   33.752263171  -28.264544053   15.587118300
   -2.760793544   -2.094395102   29.847294018  -12.806821772   16.119090435
   -2.570393989   -2.094395102   28.777750325    0.923423884   16.167153404
   -2.379994435   -2.094395102   29.919732404   10.182817231   15.954689710
   -2.189594880   -2.094395102   32.339419664   14.473157094   15.646533906
   -1.999195325   -2.094395102   35.207652477   15.246430665   15.262677005
   -1.808795770   -2.094395102   38.062437403   14.682918987   14.644900486
   -1.618396215   -2.094395102   40.828780903   14.543637707   13.513337582
   -1.427996661   -2.094395102   43.675904956   15.549418511   11.587242180
   -1.237597106   -2.094395102   46.809495212   17.423515989    8.731248241
   -1.047197551   -2.094395102   50.312419749   19.223714251    5.048201389
   -0.856797996   -2.094395102   54.052161545   19.646969136    0.875942697
   -0.666398442   -2.094395102   57.635525229   17.337658842   -3.329333596
   -0.475998887   -2.094395102   60.428541199   11.198025981   -7.141088927
   -0.285599332   -2.094395102   61.636941460    0.684925768  -10.280432497
   -0.095199777   -2.094395102   60.454133006  -13.693518785  -12.667734599
    0.095199777   -2.094395102   56.318567833  -29.828031393  -14.387419133
    0.285599332   -2.094395102   49.251018178  -43.692840535  -15.591931614
    0.475998887   -2.094395102   40.168941338  -50.104441738  -16.392544559
    0.666398442   -2.094395102   30.940917693  -44.676323736  -16.787533396
    0.856797996   -2.094395102   23.995669164  -26.334907342  -16.647736932
    1.047197551   -2.094395102   21.516674553    1.227114488  -15.800994539
    1.237597106   -2.094395102   24.573376659   30.365723410  -14.148969775
    1.427996661   -2.094395102   32.633888494   52.480089368  -11.757849783
    1.618396215   -2.094395102   43.719554684   61.476662606   -8.830447256
    1.808795770   -2.094395102   55.107779631   55.792943214   -5.622957134
    1.999195325   -2.094395102   64.206624694   38.173936814   -2.339189883
    2.189594880   -2.094395102   69.225334543   13.910903398    0.917141858
    2.379994435   -2.094395102   69.461899475  -11.096915066    4.109483482
    2.570393989   -2.094395102   65.280829281  -31.762037960    7.194353302
    2.760793544   -2.094395102   57.881781284  -44.458740994   10.059635632
    2.951193099   -2.094395102   48.981884224  -47.453356020   12.524607375

   -3.141592654   -1.745329252   43.497713826  -39.179214275    5.666455926
   -2.951193099   -1.745329252   37.123886765  -27.146787911    6.173434225
   -2.760793544   -1.745329252   33.352472927  -12.504683451    6.443587142
   -2.570393989   -1.745329252   32.274423921    0.558322085    6.494695339
   -2.379994435   -1.745329252   33.292539780    9.251151539    6.289169859
   -2.189594880   -1.745329252   35.476965396   12.903034010    5.710609989
   -1.999195325   -1.745329252   37.964179369   12.753864899    4.590958171
   -1.808795770   -1.745329252   40.225738228   10.887071053    2.776836721
   -1.618396215   -1.745329252   42.122324474    9.187105010    0.219000616
   -1.427996661   -1.745329252   43.805224613    8.733268013   -2.969376049
   -1.237597106   -1.745329252   45.542897912    9.711031548   -6.503855726
   -1.047197551   -1.745329252   47.562646945   11.537956854   -9.985843661
   -0.856797996   -1.745329252   49.923236032   13.010031671  -12.999623599
   -0.666398442   -1.745329252   52.408952809   12.544645061  -15.231615134
   -0.475998887   -1.745329252   54.495148132    8.583309875  -16.549301159
   -0.285599332   -1.745329252   55.401090867    0.056560168  -17.026171027
   -0.095199777   -1.745329252   54.242899300  -12.927644153  -16.906217795
    0.095199777   -1.745329252   50.325951922  -28.418268108  -16.520822340
    0.285599332   -1.745329252   43.533559275  -42.291184957  -16.173736035
    0.475998887   -1.745329252   34.687630150  -49.045946977  -16.035534444
    0.666398442   -1.745329252   25.632245778  -43.873947742  -16.078855194
    0.856797996   -1.745329252   18.846939251  -25.369972993  -16.067998638
    1.047197551   -1.745329252   16.609171726    2.879266971  -15.661387765
    1.237597106   -1.745329252   20.076803567   33.054182042  -14.559990224
    1.427996661   -1.745329252   28.754043640   56.235955870  -12.664508479
    1.618396215   -1.745329252   40.636899665   66.019048555  -10.109450755
    1.808795770   -1.745329252   52.932159633   60.696192549   -7.204359976
    1.999195325   -1.745329252   62.968777059   43.061028698   -4.300208829
    2.189594880   -1.745329252   68.897923343   18.554923020   -1.664806614
    2.379994435   -1.745329252   69.988253415   -6.787751727    0.568073147
    2.570393989   -1.745329252   66.592546478  -27.835683738    2.378365813
    2.760793544   -1.745329252   59.897747758  -41.013061757    3.803632381
    2.951193099   -1.745329252   51.596261965  -44.647739744    4.888054306

   -3.141592654   -1.396263402   42.359057524  -39.878725662    2.571913344
   -2.951193099   -1.396263402   35.870202866  -27.630420781    2.451497953
   -2.760793544   -1.396263402   32.038246826  -12.664863689    2.176233789
   -2.570393989   -1.396263402   30.952208669    0.587689669    1.708686617
   -2.379994435   -1.396263402   31.962927544    9.049863359    0.915488854
   -2.189594880   -1.396263402   34.037474643   11.834274847   -0.421211613
   -1.999195325   -1.396263402   36.185284891   10.162384402   -2.523879273
   -1.808795770   -1.396263402   37.775133265    6.403226655   -5.486673340
   -1.618396215   -1.396263402   38.645847722    2.976968814   -9.156785704
   -1.427996661   -1.396263402   39.040176489    1.585364007  -13.113431966
   -1.237597106   -1.396263402   39.424132041    2.865704200  -16.767909497
   -1.047197551   -1.396263402   40.274842306    6.311599786  -19.543495958
   -0.856797996   -1.396263402   41.876623857   10.378495815  -21.047186341
   -0.666398442   -1.396263402   44.140761162   12.839389857  -21.174755745
   -0.475998887   -1.396263402   46.535603925   11.406636792  -20.108313573
   -0.285599332   -1.396263402   48.145991050    4.436282527  -18.246409811
   -0.095199777   -1.396263402   47.871325841   -8.243307050  -16.090319731
    0.095199777   -1.396263402   44.779090346  -24.615298421  -14.114133949
    0.285599332   -1.396263402   38.557638702  -40.183038921  -12.645649440
    0.475998887   -1.396263402   29.929885989  -48.840314505  -11.791740459
    0.666398442   -1.396263402   20.766939939  -45.075283307  -11.430145610
    0.856797996   -1.396263402   13.699598341  -26.936318560  -11.252928880
    1.047197551   -1.396263402   11.226829189    2.162659104  -10.898656888
    1.237597106   -1.396263402   14.715185588   34.072061744  -10.075601784
    1.427996661   -1.396263402   23.776112180   59.207828798   -8.682338643
    1.618396215   -1.396263402   36.376948252   70.446540933   -6.814137505
    1.808795770   -1.396263402   49.581054954   65.632026100   -4.706951545
    1.999195325   -1.396263402   60.526928609   47.522932094   -2.636956493
    2.189594880   -1.396263402   67.203579911   21.862395388   -0.828292714
    2.379994435   -1.396263402   68.791717905   -4.875042211    0.592071404
    2.570393989   -1.396263402   65.637117003  -27.166747495    1.592222440
    2.760793544   -1.396263402   58.979628688  -41.218428293    2.209669661
    2.951193099   -1.396263402   50.590691612  -45.291177505    2.511808329

   -3.141592654   -1.047197551   40.080774934  -41.607751060    2.952211569
   -2.951193099   -1.047197551   33.298721544  -28.970653639    1.668746246
   -2.760793544   -1.047197551   29.247328698  -13.665773381    0.122984512
   -2.570393989   -1.047197551   27.977073037   -0.432591557   -1.599089753
   -2.379994435   -1.047197551   28.745731181    7.415802216   -3.531146680
   -2.189594880   -1.047197551   30.398963362    8.946703837   -5.843281990
   -1.999195325   -1.047197551   31.843754893    5.640785334   -8.741113709
   -1.808795770   -1.047197551   32.425332132    0.419867450  -12.278847440
   -1.618396215   -1.047197551   32.078281631   -3.643226435  -16.202457075
   -1.427996661   -1.047197551   31.252339428   -4.380317143  -19.947556859
   -1.237597106   -1.047197551   30.670734675   -1.110489818  -22.812595993
   -1.047197551   -1.047197551   31.030832258    5.234789618  -24.219276591
   -0.856797996   -1.047197551   32.727208879   12.415329278  -23.918146950
   -0.666398442   -1.047197551   35.641062100   17.486506235  -22.058167556
   -0.475998887   -1.047197551   39.090385851   17.634683843  -19.107933903
   -0.285599332   -1.047197551   41.937408434   10.982336514  -15.703015168
   -0.095199777   -1.047197551   42.844324350   -2.558244214  -12.460094757
    0.095199777   -1.047197551   40.682718651  -20.626437390   -9.814701026
    0.285599332   -1.047197551   35.028928299  -38.213775028   -7.926579021
    0.475998887   -1.047197551   26.599135340  -48.653589159   -6.689363795
    0.666398442   -1.047197551   17.356516666  -45.958808787   -5.838194908
    0.856797996   -1.047197551   10.094227942  -27.957557638   -5.074974590
    1.047197551   -1.047197551    7.485443738    1.867049031   -4.199316457
    1.237597106   -1.047197551   11.030921271   34.998611689   -3.130163364
    1.427996661   -1.047197551   20.390660337   61.369102979   -1.903368324
    1.618396215   -1.047197551   33.489396038   73.405508145   -0.601720677
    1.808795770   -1.047197551   47.279364484   68.696141785    0.688846408
    1.999195325   -1.047197551   58.762716895   49.995745679    1.894546514
    2.189594880   -1.047197551   65.812814040   23.254699346    2.944463226
    2.379994435   -1.047197551   67.547239732   -4.732633560    3.756059448
    2.570393989   -1.047197551   64.311111423  -28.115217869    4.231783265
    2.760793544   -1.047197551   57.398025333  -42.877909100    4.281964287
    2.951193099   -1.047197551   48.663004426  -47.188401405    3.851391583

   -3.141592654   -0.698131701   39.606015464  -45.347825707    2.624971640
   -2.951193099   -0.698131701   32.070537987  -33.075681955    0.621181554
   -2.760793544   -0.698131701   27.232726890  -17.774813791   -1.667182427
   -2.570393989   -0.698131701   25.190849974   -4.436106439   -4.110064812
   -2.379994435   -0.698131701   25.191403025    3.289936483   -6.692361654
   -2.189594880   -0.698131701   26.014544474    4.284191915   -9.532576373
   -1.999195325   -0.698131701   26.498016556    0.202385023  -12.766804752
   -1.808795770   -0.698131701   25.988677262   -5.492771597  -16.337471101
   -1.618396215   -0.698131701   24.540400364   -9.096696556  -19.844625028
   -1.427996661   -0.698131701   22.820690365   -8.099133408  -22.603013104
   -1.237597106   -0.698131701   21.785975349   -2.009777117  -23.905776875
   -1.047197551   -0.698131701   22.282931722    7.577449056  -23.344507834
   -0.856797996   -0.698131701   24.708781337   17.600658939  -20.997507602
   -0.666398442   -0.698131701   28.799615049   24.443960953  -17.390947781
   -0.475998887   -0.698131701   33.631794282   24.958986873  -13.284036633
   -0.285599332   -0.698131701   37.800278281   17.335757512   -9.406669160
   -0.095199777   -0.698131701   39.748324514    1.917387378   -6.229444901
    0.095199777   -0.698131701   38.235208757  -18.273490322   -3.845002058
    0.285599332   -0.698131701   32.856923913  -37.551846428   -2.003266062
    0.475998887   -0.698131701   24.461306584  -48.800952111   -0.301723388
    0.666398442   -0.698131701   15.192322504  -45.952238973    1.554743569
    0.856797996   -0.698131701    8.003511011  -27.141261301    3.585189345
    1.047197551   -0.698131701    5.647275755    3.685603239    5.520071141
    1.237597106   -0.698131701    9.618381014   37.575095925    7.003621912
    1.427996661   -0.698131701   19.506539833   64.255605377    7.800099497
    1.618396215   -0.698131701   33.150028972   76.174435802    7.925486742
    1.808795770   -0.698131701   47.432156530   71.057842104    7.608813613
    1.999195325   -0.698131701   59.312659053   51.783322894    7.140877484
    2.189594880   -0.698131701   66.637963134   24.337780327    6.717766456
    2.379994435   -0.698131701   68.499194112   -4.513067653    6.365298534
    2.570393989   -0.698131701   65.209591173  -28.920005607    5.954599242
    2.760793544   -0.698131701   58.036959482  -44.805005785    5.289768601
    2.951193099   -0.698131701   48.832824638  -50.157943930    4.200908755

   -3.141592654   -0.349065850   40.092457259  -49.529289700    2.073802348
   -2.951193099   -0.349065850   31.702092463  -37.801835374   -0.588173592
   -2.760793544   -0.349065850   25.941237394  -22.681718223   -3.494960019
   -2.570393989   -0.349065850   22.965397645   -9.326356665   -6.442844409
   -2.379994435   -0.349065850   22.030661687   -1.680113382   -9.352303526
   -2.189594880   -0.349065850   21.878694467   -1.028343803  -12.289615830
   -1.999195325   -0.349065850   21.309802991   -5.506673550  -15.329833319
   -1.808795770   -0.349065850   19.712278314  -11.063573716  -18.330142546
   -1.618396215   -0.349065850   17.304923882  -13.366066650  -20.803806827
   -1.427996661   -0.349065850   15.006430262   -9.696341672  -22.041723047
   -1.237597106   -0.349065850   13.999276128   -0.042603050  -21.452388166
   -1.047197551   -0.349065850   15.210862624   13.008733236  -18.907713192
   -0.856797996   -0.349065850   18.918460416   25.375538935  -14.872940382
   -0.666398442   -0.349065850   24.578303285   32.847937262  -10.226477185
   -0.475998887   -0.349065850   30.934299120   32.314495243   -5.904338104
   -0.285599332   -0.349065850   36.312728844   22.577328058   -2.553215292
   -0.095199777   -0.349065850   39.039804720    4.911487905   -0.313305682
    0.095199777   -0.349065850   37.938011365  -16.762553301    1.184441434
    0.285599332   -0.349065850   32.805136697  -36.266495254    2.613157467
    0.475998887   -0.349065850   24.726725637  -46.622445711    4.591277998
    0.666398442   -0.349065850   15.998774544  -42.464312463    7.336121224
    0.856797996   -0.349065850    9.568263393  -22.833361356   10.521867344
    1.047197551   -0.349065850    8.029592110    7.761819085   13.418786404
    1.237597106   -0.349065850   12.670161188   40.387407614   15.292474434
    1.427996661   -0.349065850   22.930020557   65.323991458   15.754055296
    1.618396215   -0.349065850   36.623113056   75.709658757   14.915933164
    1.808795770   -0.349065850   50.720626184   69.707784234   13.271592174
    1.999195325   -0.349065850   62.313497888   50.205112036   11.413827934
    2.189594880   -0.349065850   69.346385180   22.870521993    9.762364941
    2.379994435   -0.349065850   70.936102809   -5.939948279    8.435149186
    2.570393989   -0.349065850   67.352697072  -30.649009488    7.273427792
    2.760793544   -0.349065850   59.790189156  -47.231912495    5.981492641
    2.951193099   -0.349065850   50.038674572  -53.492419850    4.286792136

   -3.141592654    0.000000000   40.621695285  -53.929859415    0.624147947
   -2.951193099    0.000000000   31.335676381  -42.733176035   -1.856918683
   -2.760793544    0.000000000   24.614318197  -27.768711808   -4.381208356
   -2.570393989    0.000000000   20.677239413  -14.306623922   -6.821816002
   -2.379994435    0.000000000   18.807523619   -6.530595240   -9.168000335
   -2.189594880    0.000000000   17.736542869   -5.835680100  -11.504926288
   -1.999195325    0.000000000   16.264798445  -10.115383490  -13.857741945
   -1.808795770    0.000000000   13.859320511  -14.774058953  -15.995332805
   -1.618396215    0.000000000   10.921415078  -15.015296771  -17.374924502
   -1.427996661    0.000000000    8.595940891   -8.188982203  -17.337911263
   -1.237597106    0.000000000    8.210571992    4.948644249  -15.480418462
   -1.047197551    0.000000000   10.648686503   20.670074869  -11.957048363
   -0.856797996    0.000000000   15.936618078   33.981340217   -7.503864976
   -0.666398442    0.000000000   23.167909531   40.450438310   -3.127031931
   -0.475998887    0.000000000   30.758089527   37.516686624    0.331359462
   -0.285599332    0.000000000   36.863703083   25.051169411    2.535391618
   -0.095199777    0.000000000   39.859095650    5.466566845    3.775533006
    0.095199777    0.000000000   38.803172552  -16.542438777    4.811604308
    0.285599332    0.000000000   33.815361390  -34.726228830    6.519790252
    0.475998887    0.000000000   26.240884419  -42.811321438    9.446553731
    0.666398442    0.000000000   18.445675099  -36.634441467   13.487929326
    0.856797996    0.000000000   13.216024501  -16.367090786   17.862733192
    1.047197551    0.000000000   12.824739877   13.044008868   21.431320462
    1.237597106    0.000000000   18.239604886   43.078580343   23.237413110
    1.427996661    0.000000000   28.724367740   65.026353323   22.915323838
    1.618396215    0.000000000   42.120083928   73.059510102   20.785261246
    1.808795770    0.000000000   55.582165082   65.901496104   17.619660094
    1.999195325    0.000000000   66.432549777   46.371918253   14.254513964
    2.189594880    0.000000000   72.786931170   19.630434512   11.263578024
    2.379994435    0.000000000   73.820975080   -8.583023697    8.832854690
    2.570393989    0.000000000   69.759390936  -33.123388362    6.821335824
    2.760793544    0.000000000   61.697633928  -50.091505344    4.935058967
    2.951193099    0.000000000   51.333281092  -57.100570674    2.906312624

   -3.141592654    0.349065850   41.938063342  -57.068144570   -0.121522778
   -2.951193099    0.349065850   32.007326803  -46.319542627   -1.735249408
   -2.760793544    0.349065850   24.573808507  -31.614354742   -3.237279514
   -2.570393989    0.349065850   19.892869472  -18.249207440   -4.626183995
   -2.379994435    0.349065850   17.267516540  -10.517246293   -5.978279286
   -2.189594880    0.349065850   15.436570821   -9.803674684   -7.396660097
   -1.999195325    0.349065850   13.234320867  -13.725767771   -8.873993537
   -1.808795770    0.349065850   10.233799779  -17.249863777  -10.161614573
   -1.618396215    0.349065850    7.014317179  -15.327837507  -10.780257183
   -1.427996661    0.349065850    4.899043462   -5.601777834  -10.228947118
   -1.237597106    0.349065850    5.279894441   10.300133818   -8.298177389
   -1.047197551    0.349065850    8.914028381   27.606839569   -5.273482426
   -0.856797996    0.349065850   15.532576626   40.711237510   -1.869347941
   -0.666398442    0.349065850   23.891797509   45.359294238    1.115962143
   -0.475998887    0.349065850   32.177421892   39.888742819    3.187371607
   -0.285599332    0.349065850   38.523825423   25.384763867    4.388980630
   -0.095199777    0.349065850   41.503042232    5.265196315    5.291240667
    0.095199777    0.349065850   40.509575889  -15.376621936    6.724772232
    0.285599332    0.349065850   35.997809037  -30.730238460    9.396301966
    0.475998887    0.349065850   29.489050869  -35.690903955   13.501629353
    0.666398442    0.349065850   23.264752538  -27.569488056   18.538126066
    0.856797996    0.349065850   19.772062913   -7.629591100   23.413274238
    1.047197551    0.349065850   20.819483462   19.059384090   26.860315489
    1.237597106    0.349065850   26.989311945   44.862984496   27.981051405
    1.427996661    0.349065850   37.393228296   62.511425845   26.596762077
    1.618396215    0.349065850   49.990206486   67.468839582   23.248513219
    1.808795770    0.349065850   62.238541625   59.058840686   18.892137771
    1.999195325    0.349065850   71.800853999   39.912593485   14.479830517
    2.189594880    0.349065850   77.042249161   14.485897417   10.644716669
    2.379994435    0.349065850   77.238129119  -12.283765904    7.602976575
    2.570393989    0.349065850   72.576459762  -35.835713103    5.243420181
    2.760793544    0.349065850   64.038722626  -52.494677826    3.307794572
    2.951193099    0.349065850   53.199838042  -59.743887210    1.558109944

   -3.141592654    0.698131701   43.167785443  -59.243897270   -1.231223553
   -2.951193099    0.698131701   32.801090121  -48.686993369   -1.745981916
   -2.760793544    0.698131701   24.906260997  -34.055004923   -2.034850581
   -2.570393989    0.698131701   19.762460145  -20.647564153   -2.228345692
   -2.379994435    0.698131701   16.687703318  -12.832566111   -2.476118850
   -2.189594880    0.698131701   14.425744743  -11.997155435   -2.891478483
   -1.999195325    0.698131701   11.831216272  -15.595722954   -3.468879225
   -1.808795770    0.698131701    8.539345504  -18.347185646   -4.036781878
   -1.618396215    0.698131701    5.228929915  -15.102960782   -4.301075149
   -1.427996661    0.698131701    3.309497384   -3.761409752   -3.986950293
   -1.237597106    0.698131701    4.176677436   13.463673744   -3.008743155
   -1.047197551    0.698131701    8.473309581   31.215095734   -1.548164418
   -0.856797996    0.698131701   15.735385989   43.702756436    0.030814477
   -0.666398442    0.698131701   24.546778986   47.069868732    1.415703296
   -0.475998887    0.698131701   33.041251328   40.467598483    2.549040368
   -0.285599332    0.698131701   39.464151206   25.828539236    3.702640038
   -0.095199777    0.698131701   42.629760938    7.027122635    5.387018948
    0.095199777    0.698131701   42.205034672  -10.994137625    8.108303096
    0.285599332    0.698131701   38.825822838  -23.231196229   12.099907855
    0.475998887    0.698131701   33.995137221  -25.788669515   17.098577214
    0.666398442    0.698131701   29.742257260  -17.154316918   22.317231753
    0.856797996    0.698131701   28.087440203    0.840658664   26.634499815
    1.047197551    0.698131701   30.390536088   23.508984108   28.996040054
    1.237597106    0.698131701   36.942029260   44.405362070   28.830120701
    1.427996661    0.698131701   46.825268170   57.711380894   26.258368925
    1.618396215    0.698131701   58.220800962   59.978845273   21.991987377
    1.808795770    0.698131701   68.945241360   50.859637000   17.008738231
    1.999195325    0.698131701   77.010347466   32.592181293   12.189755236
    2.189594880    0.698131701   81.012285428    8.850440898    8.087220847
    2.379994435    0.698131701   80.303898534  -16.197821857    4.887389913
    2.570393989    0.698131701   75.025533969  -38.505838775    2.519758817
    2.760793544    0.698131701   66.046308293  -54.566213974    0.810155743
    2.951193099    0.698131701   54.825953095  -61.737137236   -0.404745741

   -3.141592654    1.047197551   41.454043428  -59.905087266   -4.719266196
   -2.951193099    1.047197551   31.052491299  -48.402644882   -3.996899296
   -2.760793544    1.047197551   23.280825938  -33.092993928   -2.919526446
   -2.570393989    1.047197551   18.353543097  -19.399249019   -1.793359288
   -2.379994435    1.047197551   15.511538661  -11.692652721   -0.861309584
   -2.189594880    1.047197551   13.433559535  -11.228812921   -0.247051109
   -1.999195325    1.047197551   10.944591015  -15.241986539    0.047447297
   -1.808795770    1.047197551    7.692228448  -18.247921667    0.097587440
   -1.618396215    1.047197551    4.396103023  -15.017467182    0.001051105
   -1.427996661    1.047197551    2.505782716   -3.531987714   -0.158709657
   -1.237597106    1.047197551    3.430186321   13.810718309   -0.317594587
   -1.047197551    1.047197551    7.793736900   31.532688479   -0.410535977
   -0.856797996    1.047197551   15.107168917   43.931481312   -0.336851309
   -0.666398442    1.047197551   23.969588025   47.448437447    0.088070211
   -0.475998887    1.047197551   32.596432486   41.600306600    1.127931774
   -0.285599332    1.047197551   39.371805392   28.536412281    3.074157478
   -0.095199777    1.047197551   43.260420327   11.996456570    6.153070664
    0.095199777    1.047197551   44.017046138   -3.582907934   10.388406691
    0.285599332    1.047197551   42.240046225  -13.990776677   15.491297201
    0.475998887    1.047197551   39.235317031  -16.136829087   20.807397692
    0.666398442    1.047197551   36.707626614   -9.016315300   25.417759808
    0.856797996    1.047197551   36.310546870    5.657369006   28.358707611
    1.047197551    1.047197551   39.124011899   23.966974139   28.955530797
    1.237597106    1.047197551   45.346685841   40.612004255   27.067990215
    1.427996661    1.047197551   54.185614414   50.787032279   23.145134265
    1.618396215    1.047197551   64.092920524   51.546427016   18.018278675
    1.808795770    1.047197551   73.191007455   42.419601899   12.586057308
    1.999195325    1.047197551   79.730080595   25.110464270    7.543113575
    2.189594880    1.047197551   82.431570323    2.688840487    3.273779070
    2.379994435    1.047197551   80.675009800  -21.073098500   -0.092692683
    2.570393989    1.047197551   74.577635629  -42.257481198   -2.550653771
    2.760793544    1.047197551   64.981806791  -57.293351436   -4.118291939
    2.951193099    1.047197551   53.338261347  -63.439100982   -4.817291031

   -3.141592654    1.396263402   37.031181685  -59.163681229  -10.154454144
   -2.951193099    1.396263402   26.934697037  -46.010346064   -9.136596610
   -2.760793544    1.396263402   19.726173898  -29.688450759   -7.541291064
   -2.570393989    1.396263402   15.484481067  -15.715712105   -5.691425107
   -2.379994435    1.396263402   13.321057255   -8.328941061   -3.848977386
   -2.189594880    1.396263402   11.822203256   -8.552001512   -2.157851739
   -1.999195325    1.396263402    9.761992567  -13.436943660   -0.679733098
   -1.808795770    1.396263402    6.762026236  -17.417297416    0.521429059
   -1.618396215    1.396263402    3.528065456  -15.199210056    1.332130217
   -1.427996661    1.396263402    1.514137784   -4.620259655    1.638550025
   -1.237597106    1.396263402    2.172229994   12.176078474    1.444713426
   -1.047197551    1.396263402    6.223036598   29.994331928    0.961219725
   -0.856797996    1.396263402   13.318402753   43.319107650    0.592033008
   -0.666398442    1.396263402   22.218903133   48.584214485    0.829282271
   -0.475998887    1.396263402   31.279022291   45.081328941    2.089029212
   -0.285599332    1.396263402   38.959429592   34.551519369    4.577804320
   -0.095199777    1.396263402   44.210367635   20.181572916    8.222055396
    0.095199777    1.396263402   46.661432325    5.826446374   12.644543611
    0.285599332    1.396263402   46.682380246   -4.788064881   17.203158621
    0.475998887    1.396263402   45.279835464   -8.770640351   21.096937842
    0.666398442    1.396263402   43.862283351   -4.911866761   23.559209717
    0.856797996    1.396263402   43.868756664    5.744974740   24.054846914
    1.047197551    1.396263402   46.321781527   20.191596624   22.468956571
    1.237597106    1.396263402   51.531095654   33.955788797   19.125407321
    1.427996661    1.396263402   58.936998855   42.622435338   14.675659569
    1.618396215    1.396263402   67.248774079   43.121289255    9.841087707
    1.808795770    1.396263402   74.783969117   34.506389911    5.190612328
    1.999195325    1.396263402   79.889249713   17.975016279    1.031194259
    2.189594880    1.396263402   81.305773255   -3.679555783   -2.549275977
    2.379994435    1.396263402   78.410364584  -26.644872972   -5.550014944
    2.570393989    1.396263402   71.344875751  -46.790257731   -7.931742407
    2.760793544    1.396263402   61.017306696  -60.359996826   -9.575054365
    2.951193099    1.396263402   48.960242151  -64.654690792  -10.335402595

   -3.141592654    1.745329252   31.194425947  -58.217520547  -16.111260580
   -2.951193099    1.745329252   21.459657970  -43.235789383  -15.318622584
   -2.760793544    1.745329252   14.903550039  -25.736630439  -13.618306770
   -2.570393989    1.745329252   11.466641679  -11.332396155  -11.281245904
   -2.379994435    1.745329252   10.130329689   -4.104304573   -8.569462131
   -2.189594880    1.745329252    9.389996170   -4.860274184   -5.659059249
   -1.999195325    1.745329252    7.960665467  -10.550156768   -2.675655863
   -1.808795770    1.745329252    5.410348892  -15.638938851    0.205793569
   -1.618396215    1.745329252    2.386878312  -14.806767631    2.708084314
   -1.427996661    1.745329252    0.312584989   -5.616668523    4.532593361
   -1.237597106    1.745329252    0.687199485   10.319201221    5.537155392
   -1.047197551    1.745329252    4.385758579   28.346788647    5.872081786
   -0.856797996    1.745329252   11.290803543   43.171123750    5.961876625
   -0.666398442    1.745329252   20.392353277   50.968166612    6.339251958
   -0.475998887    1.745329252   30.184785340   50.383917158    7.418136862
   -0.285599332    1.745329252   39.126552400   42.364309678    9.329135973
   -0.095199777    1.745329252   46.019033314   29.377806540   11.861554808
    0.095199777    1.745329252   50.228274121   14.807736749   14.504494140
    0.285599332    1.745329252   51.803195066    2.274182255   16.572536074
    0.475998887    1.745329252   51.447560495   -5.012970146   17.412818040
    0.666398442    1.745329252   50.368250444   -5.152595059   16.640950157
    0.856797996    1.745329252   49.958287315    1.736935177   14.276716470
    1.047197551    1.745329252   51.367563688   13.453029995   10.761174720
    1.237597106    1.745329252   55.149689002   25.947014534    6.754440416
    1.427996661    1.745329252   61.018174637   34.658400525    2.895186259
    1.618396215    1.745329252   67.884216386   35.966110235   -0.442217112
    1.808795770    1.745329252   74.148028192   28.276484114   -3.218894414
    1.999195325    1.745329252   78.132601332   12.369507624   -5.641106989
    2.189594880    1.745329252   78.513013274   -8.989419131   -7.970281705
    2.379994435    1.745329252   74.629136273  -31.680077992  -10.336473573
    2.570393989    1.745329252   66.658350551  -51.162303648  -12.644707065
    2.760793544    1.745329252   55.611539074  -63.416110203  -14.603792759
    2.951193099    1.745329252   43.144661531  -65.818776092  -15.849683102

   -3.141592654    2.094395102   24.441477739  -58.377500957  -17.883818312
   -2.951193099    2.094395102   14.870177723  -41.390941439  -17.135607784
   -2.760793544    2.094395102    8.833170358  -22.215950545  -15.390203263
   -2.570393989    2.094395102    6.185545824   -6.659162925  -12.858357939
   -2.379994435    2.094395102    5.810689524    1.252119567   -9.767190738
   -2.189594880    2.094395102    6.128102274    0.842258367   -6.268327541
   -1.999195325    2.094395102    5.793585752   -4.815786160   -2.469412409
   -1.808795770    2.094395102    4.304325817  -10.321156974    1.448237021
   -1.618396215    2.094395102    2.210540839  -10.454731555    5.148029901
   -1.427996661    2.094395102    0.839410512   -2.623109329    8.208857456
   -1.237597106    2.094395102    1.656919629   12.027768784   10.324564429
   -1.047197551    2.094395102    5.604862021   29.384692453   11.484470248
   -0.856797996    2.094395102   12.714629082   44.425217061   11.990462457
   -0.666398442    2.094395102   22.136424630   53.158049407   12.291691879
   -0.475998887    2.094395102   32.456040227   53.704377809   12.746125525
   -0.285599332    2.094395102   42.106727155   46.358007678   13.448228325
   -0.095199777    2.094395102   49.746565891   33.035109737   14.172186264
    0.095199777    2.094395102   54.518804933   16.843639877   14.447267407
    0.285599332    2.094395102   56.235565333    1.571675685   13.724051992
    0.475998887    2.094395102   55.439431825   -8.941832830   11.623060035
    0.666398442    2.094395102   53.330920675  -11.877112208    8.154612578
    0.856797996    2.094395102   51.471664181   -6.475778411    3.777096386
    1.047197551    2.094395102   51.309392944    5.433698832   -0.728762381
    1.237597106    2.094395102   53.701166637   19.541997652   -4.592063878
    1.427996661    2.094395102   58.559399688   30.471904923   -7.336298054
    1.618396215    2.094395102   64.819535673   33.668251655   -8.951261091
    1.808795770    2.094395102   70.751192883   26.900647274   -9.823505964
    1.999195325    2.094395102   74.473173786   10.827878779  -10.509437375
    2.189594880    2.094395102   74.482096973  -11.414746950  -11.472792064
    2.379994435    2.094395102   70.039108419  -35.078440372  -12.901474991
    2.570393989    2.094395102   61.365269285  -55.013123140  -14.660599668
    2.760793544    2.094395102   49.611212284  -66.822467855  -16.372974199
    2.951193099    2.094395102   36.609795657  -67.892799804  -17.572663398

   -3.141592654    2.443460953   18.448103732  -58.555971503  -12.219424424
   -2.951193099    2.443460953    9.003357390  -39.896391950  -11.042533451
   -2.760793544    2.443460953    3.401565643  -19.195418648   -9.118882889
   -2.570393989    2.443460953    1.450909832   -2.420936632   -6.605748615
   -2.379994435    2.443460953    1.978090056    6.453603144   -3.644708862
   -2.189594880    2.443460953    3.366929702    6.875727790   -0.274995089
   -1.999195325    2.443460953    4.250549653    1.905644420    3.517962922
   -1.808795770    2.443460953    4.080007676   -3.283551577    7.650362905
   -1.618396215    2.443460953    3.307047464   -3.745910011   11.812329189
   -1.427996661    2.443460953    3.125090041    3.050576778   15.505951472
   -1.237597106    2.443460953    4.888200949   16.248220616   18.243999210
   -1.047197551    2.443460953    9.503401747   32.215920630   19.774967796
   -0.856797996    2.443460953   17.051923166   46.281094483   20.166133161
   -0.666398442    2.443460953   26.770807684   54.471067146   19.691385542
   -0.475998887    2.443460953   37.302910936   54.604760182   18.630188761
   -0.285599332    2.443460953   47.064162548   46.524685681   17.107793113
   -0.095199777    2.443460953   54.612773882   31.779930840   15.032644539
    0.095199777    2.443460953   58.947242441   13.376350727   12.167376888
    0.285599332    2.443460953   59.752943453   -4.564897752    8.286525186
    0.475998887    2.443460953   57.547725742  -17.488875089    3.399241450
    0.666398442    2.443460953   53.664195817  -21.719798643   -2.096697948
    0.856797996    2.443460953   49.940016364  -15.899508267   -7.446249821
    1.047197551    2.443460953   48.159319547   -1.902306568  -11.764859025
    1.237597106    2.443460953   49.439655609   15.289628682  -14.414427246
    1.427996661    2.443460953   53.785421331   29.250502132  -15.248452035
    1.618396215    2.443460953   60.028881893   34.504613763  -14.655110096
    1.808795770    2.443460953   66.204240104   28.392104361  -13.353328404
    1.999195325    2.443460953   70.168260454   11.711429330  -12.084307013
    2.189594880    2.443460953   70.225253335  -11.847591108  -11.351929915
    2.379994435    2.443460953   65.566241577  -36.855486901  -11.303997018
    2.570393989    2.443460953   56.464756131  -57.596509781  -11.760412766
    2.760793544    2.443460953   44.208339353  -69.359215690  -12.337503420
    2.951193099    2.443460953   30.796284420  -69.545871140  -12.601516570

   -3.141592654    2.792526803   15.581462252  -57.483782018    1.400610721
   -2.951193099    2.792526803    6.433191249  -37.866470346    3.389097932
   -2.760793544    2.792526803    1.308013422  -16.246434467    5.324469338
   -2.570393989    2.792526803    0.000000000    1.362997821    7.130239959
   -2.379994435    2.792526803    1.327928289   11.093197336    8.891583513
   -2.189594880    2.792526803    3.692622099   12.508520001   10.867235185
   -1.999195325    2.792526803    5.750371702    8.591690261   13.354677093
   -1.808795770    2.792526803    6.934155491    4.164615236   16.467731445
   -1.618396215    2.792526803    7.596241015    3.722737716   19.966022864
   -1.427996661    2.792526803    8.759292352    9.541578737   23.281594599
   -1.237597106    2.792526803   11.594726080   20.907772352   25.738353527
   -1.047197551    2.792526803   16.886719669   34.642701370   26.835064748
   -0.856797996    2.792526803   24.686014163   46.522831624   26.409587399
   -0.666398442    2.792526803   34.264418723   52.795555798   24.598041613
   -0.475998887    2.792526803   44.313024752   51.221400922   21.678147185
   -0.285599332    2.792526803   53.269063283   41.432943396   17.913926915
   -0.095199777    2.792526803   59.673784899   24.832814282   13.462061178
    0.095199777    2.792526803   62.500672998    4.494044669    8.401974902
    0.285599332    2.792526803   61.451087942  -15.075498060    2.837886571
    0.475998887    2.792526803   57.156346406  -28.720553673   -2.948486178
    0.666398442    2.792526803   51.178419613  -32.208942378   -8.428425407
    0.856797996    2.792526803   45.657220272  -24.015748284  -12.905513524
    1.047197551    2.792526803   42.655371888   -6.476532230  -15.744366574
    1.237597106    2.792526803   43.429811063   14.511171709  -16.658303300
    1.427996661    2.792526803   47.935136630   31.518058460  -15.828047200
    1.618396215    2.792526803   54.791046411   38.423884406  -13.818375400
    1.808795770    2.792526803   61.750469867   32.495518688  -11.327040934
    1.999195325    2.792526803   66.423808864   14.936380484   -8.920789517
    2.189594880    2.792526803   66.970579231   -9.945001768   -6.882035274
    2.379994435    2.792526803   62.552493429  -36.163022083   -5.208553121
    2.570393989    2.792526803   53.502939945  -57.643960431   -3.719361765
    2.760793544    2.792526803   41.216004376  -69.530072483   -2.196917358
    2.951193099    2.792526803   27.805602824  -69.286003963   -0.494799610
