#! FIELDS phi psi file.free der_phi der_psi
#! SET min_phi -pi
#! SET max_phi pi
#! SET nbins_phi  33
#! SET periodic_phi true
#! SET min_psi -pi
#! SET max_psi pi
#! SET nbins_psi  18
#! SET periodic_psi true
   -3.141592654   -3.141592654   17.949122129  -53.602189640   17.183665365
   -2.951193099   -3.141592654    9.502118042  -34.510776006   19.527231958
   -2.760793544   -3.141592654    4.927486590  -13.884963142   20.976605675
   -2.570393989   -3.141592654    3.973721962    2.758508376   21.711101089
   -2.379994435   -3.141592654    5.520762448   12.133589682   22.165517356
   -2.189594880   -3.141592654    8.127381639   14.168633815   22.911121040
   -1.999195325   -3.141592654   10.635418655   11.769336276   24.425421222
   -1.808795770   -3.141592654   12.602490284    9.198179108   26.843446584
   -1.618396215   -3.141592654   14.370580077   10.155157398   29.822508759
   -1.427996661   -3.141592654   16.806304662   16.243574681   32.628196061
   -1.237597106   -3.141592654   20.834035702   26.499193079   34.411870314
   -1.047197551   -3.141592654   26.988725730   37.951790650   34.528046495
   -0.856797996   -3.141592654   35.141574569   46.853218335   32.731740713
   -0.666398442   -3.141592654   44.479673713   49.932170803   29.153190192
   -0.475998887   -3.141592654   53.685727439   45.268359032   24.158433803
   -0.285599332   -3.141592654   61.232592694   32.629166660   18.190764537
   -0.095199777   -3.141592654   65.716455061   13.529136652   11.664152100
    0.095199777   -3.141592654   66.197827477   -8.718981989    4.960131425
    0.285599332   -3.141592654   62.530186913  -29.148907992   -1.528994372
    0.475998887   -3.141592654   55.595081408  -42.092791956   -7.330802077
    0.666398442   -3.141592654   47.284501573  -43.040277030  -11.910777937
    0.856797996   -3.141592654   40.072771383  -30.727817944  -14.785235704
    1.047197551   -3.141592654   36.251738085   -8.335536002  -15.713262107
    1.237597106   -3.141592654   37.112493502   17.124456171  -14.844391725
    1.427996661   -3.141592654   42.439901155   37.261342022  -12.671873495
    1.618396215   -3.141592654   50.545126266   45.503894098   -9.812766184
    1.808795770   -3.141592654   58.845828776   39.275195330   -6.743365712
    1.999195325   -3.141592654   64.695977729   20.414953519   -3.654083318
    2.189594880   -3.141592654   66.142273927   -5.939598723   -0.485415630
    2.379994435   -3.141592654   62.382445286  -33.130634679    2.906009072
    2.570393989   -3.141592654   53.880583521  -54.802444507    6.572367723
    2.760793544   -3.141592654   42.169250677  -66.273788656   10.381784441
    2.951193099   -3.141592654   29.433034697  -65.516702837   14.039442312

   -3.141592654   -2.792526803   25.512978640  -49.349572720   25.558039663
   -2.951193099   -2.792526803   17.686922188  -32.255705312   27.640820891
   -2.760793544   -2.792526803   13.368425875  -13.365143126   28.473098958
   -2.570393989   -2.792526803   12.405734530    2.305098526   28.387492336
   -2.379994435   -2.792526803   13.859361690   11.798700646   27.973687317
   -2.189594880   -2.792526803   16.502294670   15.044266022   27.893621688
   -1.999195325   -2.792526803   19.350381699   14.520032912   28.627292503
   -1.808795770   -2.792526803   22.017568278   13.708243036   30.241383247
   -1.618396215   -2.792526803   24.739455720   15.440414169   32.301268574
   -1.427996661   -2.792526803   28.131199567   20.720638553   33.995109967
   -1.237597106   -2.792526803   32.799475350   28.507821797   34.436218024
   -1.047197551   -2.792526803   38.999458393   36.293350478   32.991110572
   -0.856797996   -2.792526803   46.444856211   41.083992005   29.489714439
   -0.666398442   -2.792526803   54.313267865   40.383229140   24.209037251
   -0.475998887   -2.792526803   61.409786393   32.859161873   17.721575083
   -0.285599332   -2.792526803   66.418083794   18.603163798   10.697743297
   -0.095199777   -2.792526803   68.183740027   -0.766735048    3.744217138
    0.095199777   -2.792526803   66.020022747  -21.999610200   -2.653339993
    0.285599332   -2.792526803   60.012021937  -40.266575644   -8.117999491
    0.475998887   -2.792526803   51.242388751  -50.105860453  -12.323948600
    0.666398442   -2.792526803   41.754754759  -47.314546140  -14.993019258
    0.856797996   -2.792526803   34.099840079  -31.120669603  -15.945458815
    1.047197551   -2.792526803   30.537531890   -5.341016141  -15.211796566
    1.237597106   -2.792526803   32.210024404   22.465049541  -13.095722965
    1.427996661   -2.792526803   38.678839384   43.726103155  -10.095162170
    1.618396215   -2.792526803   48.041743116   52.145524289   -6.695729433
    1.808795770   -2.792526803   57.588293961   45.714903158   -3.178302558
    1.999195325   -2.792526803   64.654292609   26.801841342    0.447845683
    2.189594880   -2.792526803   67.340954057    0.754542159    4.343545891
    2.379994435   -2.792526803   64.902389346  -25.949087178    8.644656812
    2.570393989   -2.792526803   57.800566998  -47.357188275   13.293975030
    2.760793544   -2.792526803   47.487170013  -59.168376226   17.983542813
    2.951193099   -2.792526803   36.011843551  -59.519435700   22.234625409

   -3.141592654   -2.443460953   34.251477630  -44.920365080   23.164634402
   -2.951193099   -2.443460953   27.053112670  -30.096937637   24.777750744
   -2.760793544   -2.443460953   22.950109878  -13.162144076   25.352137231
   -2.570393989   -2.443460953   21.901884944    1.372681030   25.210615104
   -2.379994435   -2.443460953   23.154760657   10.803285977   24.835149318
   -2.189594880   -2.443460953   25.680060832   14.929446673   24.696178795
   -1.999195325   -2.443460953   28.628256967   15.694261141   25.062129794
   -1.808795770   -2.443460953   31.618233011   15.797610905   25.848906613
   -1.618396215   -2.443460953   34.741151403   17.338498356   26.600613613
   -1.427996661   -2.443460953   38.359649892   20.968891068   26.630220459
   -1.237597106   -2.443460953   42.812763389   25.841990696   25.289820689
   -1.047197551   -2.443460953   48.172447021   30.120595271   22.233537452
   -0.856797996   -2.443460953   54.121379203   31.660597141   17.561729177
   -0.666398442   -2.443460953   59.959198265   28.694058488   11.754606571
   -0.475998887   -2.443460953   64.722161230   20.293548670    5.489415887
   -0.285599332   -2.443460953   67.366717249    6.568533360   -0.569185408
   -0.095199777   -2.443460953   66.984298753  -11.132677544   -5.921822789
    0.095199777   -2.443460953   63.065755778  -29.976946161  -10.275089140
    0.285599332   -2.443460953   55.793092471  -45.537863245  -13.501288457
    0.475998887   -2.443460953   46.280598270  -52.647794715  -15.556478633
    0.666398442   -2.443460953   36.556919437  -47.284298470  -16.430464779
    0.856797996   -2.443460953   29.126942745  -28.846493505  -16.131892030
    1.047197551   -2.443460953   26.169391416   -1.349110884  -14.740919425
    1.237597106   -2.443460953   28.711333214   27.496412282  -12.453831434
    1.427996661   -2.443460953   36.185255323   49.168878548   -9.562980199
    1.618396215   -2.443460953   46.592261445   57.646017221   -6.346559589
    1.808795770   -2.443460953   57.192010316   51.314818509   -2.964725501
    1.999195325   -2.443460953   65.359807734   32.836552413    0.577952135
    2.189594880   -2.443460953   69.266771506    7.570611103    4.366416451
    2.379994435   -2.443460953   68.208331761  -18.301514708    8.443639970
    2.570393989   -2.443460953   62.613983762  -39.281879632   12.698803701
    2.760793544   -2.443460953   53.819186079  -51.452330913   16.836388248
    2.951193099   -2.443460953   43.706405533  -53.083338776   20.450676828

   -3.141592654   -2.094395102   40.517683208  -41.647346984   14.164114424
   -2.951193099   -2.094395102   33.803534288  -28.272017987   15.258504712
   -2.760793544   -2.094395102   29.930021764  -12.508066577   15.802449420
   -2.570393989   -2.094395102   28.934525822    1.371225936   15.961480454
   -2.379994435   -2.094395102   30.170151916   10.707873293   15.918789334
   -2.189594880   -2.094395102   32.699654415   15.100616462   15.785754080
   -1.999195325   -2.094395102   35.704199076   16.061213179   15.537186350
   -1.808795770   -2.094395102   38.739519477   15.773781267   14.987096277
   -1.618396215   -2.094395102   41.744922473   15.955678410   13.843237071
   -1.427996661   -2.094395102   44.890676154   17.253817135   11.819447364
   -1.237597106   -2.094395102   48.366439400   19.267335181    8.779937081
   -1.047197551   -2.094395102   52.213080865   20.923935535    4.829469880
   -0.856797996   -2.094395102   56.234965341   20.838197927    0.317868771
   -0.666398442   -2.094395102   59.969665883   17.680663959   -4.274406829
   -0.475998887   -2.094395102   62.730727547   10.495923121   -8.477179637
   -0.285599332   -2.094395102   63.706697330   -1.038668138  -11.946548419
   -0.095199777   -2.094395102   62.118195245  -16.180716604  -14.524684505
    0.095199777   -2.094395102   57.471440153  -32.635389178  -16.228830745
    0.285599332   -2.094395102   49.881318504  -46.295126482  -17.187470982
    0.475998887   -2.094395102   40.362614063  -52.030851598  -17.554539754
    0.666398442   -2.094395102   30.857073430  -45.645424872  -17.432585635
    0.856797996   -2.094395102   23.822787008  -26.329748713  -16.819670738
    1.047197551   -2.094395102   21.423428448    2.004622654  -15.645249060
    1.237597106   -2.094395102   24.677965788   31.608984605  -13.847965028
    1.427996661   -2.094395102   32.996038232   53.888692818  -11.460892292
    1.618396215   -2.094395102   44.345715991   62.797052871   -8.610218974
    1.808795770   -2.094395102   55.958379683   56.786515884   -5.472108155
    1.999195325   -2.094395102   65.198182260   38.619277664   -2.205134893
    2.189594880   -2.094395102   70.238179344   13.675434890    1.081018592
    2.379994435   -2.094395102   70.366973045  -11.974765770    4.304809216
    2.570393989   -2.094395102   65.977045979  -33.030521089    7.369110081
    2.760793544   -2.094395102   58.329669565  -45.744150072   10.135645860
    2.951193099   -2.094395102   49.212614229  -48.417431334   12.443844142

   -3.141592654   -1.745329252   43.351519712  -39.703796079    5.019994508
   -2.951193099   -1.745329252   36.939689688  -27.042821613    5.568659566
   -2.760793544   -1.745329252   33.236524164  -11.939163750    5.967170107
   -2.570393989   -1.745329252   32.292449104    1.352022776    6.195036941
   -2.379994435   -1.745329252   33.469455040   10.097924896    6.151744255
   -2.189594880   -1.745329252   35.815379386   13.739385140    5.660749053
   -1.999195325   -1.745329252   38.463239343   13.609440784    4.519160007
   -1.808795770   -1.745329252   40.894937368   11.826316334    2.570605447
   -1.618396215   -1.745329252   42.982639883   10.246441016   -0.213317088
   -1.427996661   -1.745329252   44.878043617    9.888177028   -3.690585944
   -1.237597106   -1.745329252   46.836196963   10.830970878   -7.548359784
   -1.047197551   -1.745329252   49.049718464   12.399934465  -11.364565914
   -0.856797996   -1.745329252   51.529595049   13.348115924  -14.697859176
   -0.666398442   -1.745329252   54.013128237   12.151516174  -17.204354770
   -0.475998887   -1.745329252   55.949832540    7.406129690  -18.712024360
   -0.285599332   -1.745329252   56.568039590   -1.755379682  -19.247642484
   -0.095199777   -1.745329252   55.030212138  -15.048602020  -19.012936110
    0.095199777   -1.745329252   50.713617938  -30.434338147  -18.323218518
    0.285599332   -1.745329252   43.578865491  -43.825492032  -17.514017121
    0.475998887   -1.745329252   34.507490426  -49.866982227  -16.841706201
    0.666398442   -1.745329252   25.367908652  -43.955910664  -16.396780017
    0.856797996   -1.745329252   18.626772238  -24.870797496  -16.047966328
    1.047197551   -1.745329252   16.521730236    3.729101812  -15.503809269
    1.237597106   -1.745329252   20.169179000   34.064403253  -14.444056340
    1.427996661   -1.745329252   29.045866561   57.299231202  -12.694365562
    1.618396215   -1.745329252   41.131115882   67.060553455  -10.301138224
    1.808795770   -1.745329252   53.612204361   61.568123241   -7.510467943
    1.999195325   -1.745329252   63.781345868   43.526974970   -4.656010735
    2.189594880   -1.745329252   69.742673939   18.394017213   -2.030371291
    2.379994435   -1.745329252   70.736300168   -7.640012648    0.189529485
    2.570393989   -1.745329252   67.127011554  -29.183495741    1.950776986
    2.760793544   -1.745329252   60.159869589  -42.461423775    3.289894641
    2.951193099   -1.745329252   51.608682021  -45.771976903    4.284550244

   -3.141592654   -1.396263402   41.943860361  -40.279252485    2.375784734
   -2.951193099   -1.396263402   35.450363323  -27.303435896    2.308225761
   -2.760793544   -1.396263402   31.735131063  -11.825908914    2.131944094
   -2.570393989   -1.396263402   30.833059656    1.616021312    1.771032619
   -2.379994435   -1.396263402   32.036049804    9.997645406    1.035243371
   -2.189594880   -1.396263402   34.273018466   12.571325177   -0.344537527
   -1.999195325   -1.396263402   36.541356020   10.696052103   -2.613860803
   -1.808795770   -1.396263402   38.220118988    6.817771346   -5.854561714
   -1.618396215   -1.396263402   39.166379041    3.356478654   -9.874571741
   -1.427996661   -1.396263402   39.634255379    1.972721181  -14.205350977
   -1.237597106   -1.396263402   40.090729245    3.212460237  -18.215318101
   -1.047197551   -1.396263402   40.995274623    6.494019753  -21.295764353
   -0.856797996   -1.396263402   42.604241591   10.235607041  -23.026551520
   -0.666398442   -1.396263402   44.801293497   12.259684683  -23.277506058
   -0.475998887   -1.396263402   47.044921036   10.406282835  -22.204145654
   -0.285599332   -1.396263402   48.438166268    3.188351911  -20.183028150
   -0.095199777   -1.396263402   47.925426670   -9.454714919  -17.710758885
    0.095199777   -1.396263402   44.630363828  -25.501029578  -15.288977535
    0.285599332   -1.396263402   38.286916011  -40.572284988  -13.312296396
    0.475998887   -1.396263402   29.633927762  -48.743745358  -11.984081705
    0.666398442   -1.396263402   20.523262259  -44.665865737  -11.278143125
    0.856797996   -1.396263402   13.546054919  -26.444675340  -10.943603666
    1.047197551   -1.396263402   11.162850644    2.592841881  -10.613479807
    1.237597106   -1.396263402   14.728052275   34.459770811   -9.933593649
    1.427996661   -1.396263402   23.869916709   59.683349131   -8.714028577
    1.618396215   -1.396263402   36.579070431   71.105141298   -6.976756962
    1.808795770   -1.396263402   49.920513863   66.373883000   -4.924709726
    1.999195325   -1.396263402   60.993966773   48.048228682   -2.844222581
    2.189594880   -1.396263402   67.723048731   21.833441949   -0.995612091
    2.379994435   -1.396263402   69.238164999   -5.623823743    0.455500158
    2.570393989   -1.396263402   65.883391078  -28.477412129    1.455245787
    2.760793544   -1.396263402   58.956265651  -42.665082318    2.044305987
    2.951193099   -1.396263402   50.319757721  -46.381167628    2.315494188

   -3.141592654   -1.047197551   39.423155397  -41.791513035    3.466262241
   -2.951193099   -1.047197551   32.682957130  -28.380237763    2.143536635
   -2.760793544   -1.047197551   28.797958234  -12.583038219    0.600415165
   -2.570393989   -1.047197551   27.749145751    0.728889490   -1.104095682
   -2.379994435   -1.047197551   28.717657888    8.296885417   -3.049616519
   -2.189594880   -1.047197551   30.497014632    9.365581337   -5.450827773
   -1.999195325   -1.047197551   31.978240378    5.617108540   -8.535188602
   -1.808795770   -1.047197551   32.525619609    0.115713938  -12.347352731
   -1.618396215   -1.047197551   32.111248289   -4.025526747  -16.597904292
   -1.427996661   -1.047197551   31.219772904   -4.673132703  -20.676105471
   -1.237597106   -1.047197551   30.597305775   -1.261288123  -23.837280126
   -1.047197551   -1.047197551   30.939601243    5.170460694  -25.468789609
   -0.856797996   -1.047197551   32.623000166   12.310480658  -25.294332140
   -0.666398442   -1.047197551   35.504672837   17.233532177  -23.443122602
   -0.475998887   -1.047197551   38.890765558   17.225099178  -20.374060384
   -0.285599332   -1.047197551   41.654010507   10.531726540  -16.728546370
   -0.095199777   -1.047197551   42.486958792   -2.862609787  -13.150423637
    0.095199777   -1.047197551   40.295115403  -20.630727993  -10.125032939
    0.285599332   -1.047197551   34.672339508  -37.902595612   -7.878080011
    0.475998887   -1.047197551   26.322648677  -48.168973911   -6.370575408
    0.666398442   -1.047197551   17.171210973  -45.530555209   -5.384769403
    0.856797996   -1.047197551    9.970647354  -27.766374015   -4.629282275
    1.047197551   -1.047197551    7.374632313    1.817952302   -3.862699792
    1.237597106   -1.047197551   10.902677544   34.901643179   -2.930024129
    1.427996661   -1.047197551   20.261627207   61.484488672   -1.789179325
    1.618396215   -1.047197551   33.416230363   73.871823368   -0.474431796
    1.808795770   -1.047197551   47.320466632   69.376320277    0.929307343
    1.999195325   -1.047197551   58.926540964   50.519323762    2.306474514
    2.189594880   -1.047197551   66.029940492   23.229788764    3.524666801
    2.379994435   -1.047197551   67.691368585   -5.483886679    4.447144889
    2.570393989   -1.047197551   64.255484390  -29.413077299    4.951210748
    2.760793544   -1.047197551   57.079352342  -44.261534069    4.956164919
    2.951193099   -1.047197551   48.115618196  -48.139406220    4.442407387

   -3.141592654   -0.698131701   39.005412419  -45.706345545    3.546157178
   -2.951193099   -0.698131701   31.486951865  -32.571189775    1.394721228
   -2.760793544   -0.698131701   26.805940322  -16.716786966   -0.998457890
   -2.570393989   -0.698131701   24.981329688   -3.308031446   -3.516209768
   -2.379994435   -0.698131701   25.167985903    4.047343067   -6.176642369
   -2.189594880   -0.698131701   26.080505923    4.436733781   -9.135370043
   -1.999195325   -0.698131701   26.535996989   -0.225067149  -12.547418948
   -1.808795770   -0.698131701   25.907168624   -6.274222265  -16.345062007
   -1.618396215   -0.698131701   24.301293391   -9.932440868  -20.092928081
   -1.427996661   -0.698131701   22.439612578   -8.728009975  -23.059989770
   -1.237597106   -0.698131701   21.316553279   -2.315925436  -24.502382438
   -1.047197551   -0.698131701   21.785616130    7.563187461  -23.991133683
   -0.856797996   -0.698131701   24.227078894   17.742197308  -21.601799675
   -0.666398442   -0.698131701   28.348626883   24.597040245  -17.870988461
   -0.475998887   -0.698131701   33.205539915   25.055573098  -13.579563538
   -0.285599332   -0.698131701   37.390055537   17.412871147   -9.488325436
   -0.095199777   -0.698131701   39.359574090    2.072949847   -6.105753771
    0.095199777   -0.698131701   37.890468939  -17.969686101   -3.562753621
    0.285599332   -0.698131701   32.582532397  -37.141681616   -1.638484281
    0.475998887   -0.698131701   24.264864596  -48.435236856    0.058656492
    0.666398442   -0.698131701   15.047328693  -45.810107919    1.837457678
    0.856797996   -0.698131701    7.857846770  -27.298500501    3.755503888
    1.047197551   -0.698131701    5.452517591    3.355849615    5.600615466
    1.237597106   -0.698131701    9.368669466   37.378871644    7.074518809
    1.427996661   -0.698131701   19.259218475   64.505270658    7.978712719
    1.618396215   -0.698131701   33.004596157   76.977140147    8.328042079
    1.808795770   -0.698131701   47.476566376   72.173887068    8.308447493
    1.999195325   -0.698131701   59.561680509   52.709841642    8.141482439
    2.189594880   -0.698131701   67.004689247   24.571350863    7.954250396
    2.379994435   -0.698131701   68.823779587   -5.200932132    7.725568929
    2.570393989   -0.698131701   65.328758325  -30.331924303    7.315276993
    2.760793544   -0.698131701   57.859822880  -46.408503689    6.548122423
    2.951193099   -0.698131701   48.382269111  -51.343349146    5.296571851

   -3.141592654   -0.349065850   39.753757132  -50.323225362    3.088064004
   -2.951193099   -0.349065850   31.303238352  -37.664188224    0.154987783
   -2.760793544   -0.349065850   25.638300991  -21.897804111   -2.952636141
   -2.570393989   -0.349065850   22.834692559   -8.405237748   -6.039862303
   -2.379994435   -0.349065850   22.048515581   -1.120455710   -9.055408979
   -2.189594880   -0.349065850   21.944713602   -1.115884268  -12.096690097
   -1.999195325   -0.349065850   21.296921815   -6.224755915  -15.252886843
   -1.808795770   -0.349065850   19.523051791  -12.139522383  -18.370827372
   -1.618396215   -0.349065850   16.908056049  -14.417010550  -20.934859065
   -1.427996661   -0.349065850   14.440493477  -10.384209177  -22.203707909
   -1.237597106   -0.349065850   13.351896166   -0.214857760  -21.570333665
   -1.047197551   -0.349065850   14.578345865   13.302235775  -18.911770145
   -0.856797996   -0.349065850   18.371799330   25.933489789  -14.718642307
   -0.666398442   -0.349065850   24.144759331   33.433245636   -9.903577249
   -0.475998887   -0.349065850   30.601353977   32.759396957   -5.438154571
   -0.285599332   -0.349065850   36.047169055   22.833190495   -1.999350725
   -0.095199777   -0.349065850   38.809163754    5.025210831    0.251394046
    0.095199777   -0.349065850   37.722026374  -16.719628268    1.676068450
    0.285599332   -0.349065850   32.593359695  -36.275400832    2.959056165
    0.475998887   -0.349065850   24.506323728  -46.727109985    4.750117635
    0.666398442   -0.349065850   15.745443395  -42.718728707    7.314720092
    0.856797996   -0.349065850    9.254931770  -23.201032851   10.383451422
    1.047197551   -0.349065850    7.651083468    7.480863155   13.281791810
    1.237597106   -0.349065850   12.272764792   40.519277699   15.311873054
    1.427996661   -0.349065850   22.621278275   66.140523231   16.088224694
    1.618396215   -0.349065850   36.539672293   77.221956727   15.683403115
    1.808795770   -0.349065850   50.965529374   71.545991068   14.510780041
    1.999195325   -0.349065850   62.890923445   51.733830035   13.065311650
    2.189594880   -0.349065850   70.136315307   23.484357404   11.682679640
    2.379994435   -0.349065850   71.731041238   -6.514895429   10.434846435
    2.570393989   -0.349065850   67.938792797  -32.202851371    9.167732844
    2.760793544   -0.349065850   60.033423213  -49.168937125    7.630979598
    2.951193099   -0.349065850   49.934015326  -55.110281864    5.620129782

   -3.141592654    0.000000000   40.592563252  -55.388309728    1.436773061
   -2.951193099    0.000000000   31.132522010  -43.119367255   -1.315643893
   -2.760793544    0.000000000   24.422609864  -27.350973954   -4.034781269
   -2.570393989    0.000000000   20.600687707  -13.627225149   -6.606714110
   -2.379994435    0.000000000   18.840793451   -6.144977635   -9.046084574
   -2.189594880    0.000000000   17.787506011   -6.071715825  -11.460242370
   -1.999195325    0.000000000   16.210515151  -10.956533470  -13.878563352
   -1.808795770    0.000000000   13.610736526  -15.904996148  -16.054022826
   -1.618396215    0.000000000   10.465871051  -15.992804031  -17.418082930
   -1.427996661    0.000000000    8.000698206   -8.639757663  -17.293443040
   -1.237597106    0.000000000    7.593718618    5.161507355  -15.283225328
   -1.047197551    0.000000000   10.128571593   21.422248591  -11.572993414
   -0.856797996    0.000000000   15.588216118   34.962962287   -6.946436223
   -0.666398442    0.000000000   23.001079360   41.313620105   -2.453609544
   -0.475998887    0.000000000   30.723981210   38.010789253    1.036034272
   -0.285599332    0.000000000   36.881443086   25.093443169    3.180447476
   -0.095199777    0.000000000   39.847586997    5.129282478    4.281131346
    0.095199777    0.000000000   38.704172688  -17.103038026    5.121218195
    0.285599332    0.000000000   33.601354911  -35.359482602    6.609229816
    0.475998887    0.000000000   25.909248953  -43.412407895    9.333237020
    0.666398442    0.000000000   18.009567956  -37.126728117   13.238007088
    0.856797996    0.000000000   12.706196847  -16.632272907   17.590556019
    1.047197551    0.000000000   12.303533557   13.222484550   21.289154931
    1.237597106    0.000000000   17.817529913   43.977296249   23.388268360
    1.427996661    0.000000000   28.557889359   66.808487338   23.495197891
    1.618396215    0.000000000   42.369695363   75.582529734   21.863682461
    1.808795770    0.000000000   56.343283463   68.625126273   19.171743562
    1.999195325    0.000000000   67.670341808   48.509429080   16.160486320
    2.189594880    0.000000000   74.318644507   20.480765674   13.338123720
    2.379994435    0.000000000   75.365581999   -9.306576219   10.871665565
    2.570393989    0.000000000   71.034807222  -35.146460030    8.650522741
    2.760793544    0.000000000   62.519701642  -52.697221431    6.443065736
    2.951193099    0.000000000   51.672368342  -59.446514366    4.054552666

   -3.141592654    0.349065850   42.194317511  -59.117541375    0.483801692
   -2.951193099    0.349065850   31.988838863  -47.168965099   -1.324962627
   -2.760793544    0.349065850   24.491427862  -31.527371631   -2.947161836
   -2.570393989    0.349065850   19.873487758  -17.792047709   -4.403462606
   -2.379994435    0.349065850   17.323341178  -10.275964989   -5.795116757
   -2.189594880    0.349065850   15.488652004  -10.118069944   -7.240030928
   -1.999195325    0.349065850   13.173657094  -14.560681734   -8.728091387
   -1.808795770    0.349065850    9.990896318  -18.253750345   -9.995230390
   -1.618396215    0.349065850    6.602127004  -16.034457182  -10.547023593
   -1.427996661    0.349065850    4.410924505   -5.663030068   -9.882511941
   -1.237597106    0.349065850    4.849420328   10.939904840   -7.818747314
   -1.047197551    0.349065850    8.655584463   28.701898756   -4.683570865
   -0.856797996    0.349065850   15.493819468   41.837542435   -1.234583086
   -0.666398442    0.349065850   24.037708607   46.104761114    1.710436016
   -0.475998887    0.349065850   32.408668159   40.009678059    3.668647190
   -0.285599332    0.349065850   38.716800300   24.869113478    4.719781155
   -0.095199777    0.349065850   41.551327181    4.292694848    5.472653157
    0.095199777    0.349065850   40.351350817  -16.533614498    6.782849670
    0.285599332    0.349065850   35.623423013  -31.813110557    9.366306594
    0.475998887    0.349065850   28.932691103  -36.505225044   13.424617643
    0.666398442    0.349065850   22.591371814  -27.973168058   18.470648507
    0.856797996    0.349065850   19.073201837   -7.474949970   23.438598128
    1.047197551    0.349065850   20.219462329   19.967590799   27.089637961
    1.237597106    0.349065850   26.650854479   46.720097217   28.532863812
    1.427996661    0.349065850   37.503877961   65.342697197   27.560220198
    1.618396215    0.349065850   50.711766012   70.960369818   24.645475230
    1.808795770    0.349065850   63.635209884   62.508952788   20.654847483
    1.999195325    0.349065850   73.780188107   42.425933810   16.459814436
    2.189594880    0.349065850   79.350725067   15.331986321   12.650789958
    2.379994435    0.349065850   79.525995755  -13.341600107    9.451916705
    2.570393989    0.349065850   74.507871668  -38.422339826    6.804370614
    2.760793544    0.349065850   65.397195247  -55.773584500    4.522654096
    2.951193099    0.349065850   53.945640468  -62.763128457    2.438452797

   -3.141592654    0.698131701   43.672337335  -61.717982995   -0.699101760
   -2.951193099    0.698131701   32.961812114  -49.838104337   -1.255926499
   -2.760793544    0.698131701   24.956215339  -34.162814119   -1.544875038
   -2.570393989    0.698131701   19.846654939  -20.300520302   -1.719200548
   -2.379994435    0.698131701   16.833178505  -12.626235613   -1.941810296
   -2.189594880    0.698131701   14.568359055  -12.262815775   -2.327055189
   -1.999195325    0.698131701   11.879358205  -16.284921582   -2.863303531
   -1.808795770    0.698131701    8.442076123  -19.112922458   -3.375963129
   -1.618396215    0.698131701    5.013447085  -15.520432813   -3.580202191
   -1.427996661    0.698131701    3.071671523   -3.565998422   -3.225869165
   -1.237597106    0.698131701    4.034143382   14.227093628   -2.263491740
   -1.047197551    0.698131701    8.506706573   32.217431842   -0.902591203
   -0.856797996    0.698131701   15.947948906   44.498949125    0.490128062
   -0.666398442    0.698131701   24.862723022   47.307631319    1.638715191
   -0.475998887    0.698131701   33.338416686   40.026150182    2.552760637
   -0.285599332    0.698131701   39.621877711   24.833660217    3.573820571
   -0.095199777    0.698131701   42.567830035    5.757733902    5.250806597
    0.095199777    0.698131701   41.900609107  -12.232897220    8.078827049
    0.285599332    0.698131701   38.308687420  -24.202961876   12.240265389
    0.475998887    0.698131701   33.331946002  -26.343806810   17.413240287
    0.666398442    0.698131701   29.022735522  -17.183752524   22.777325867
    0.856797996    0.698131701   27.423563114    1.473560825   27.215941231
    1.047197551    0.698131701   29.926331497   24.998169066   29.707060877
    1.237597106    0.698131701   36.858593407   46.928766138   29.709858408
    1.427996661    0.698131701   47.321843848   61.239934815   27.348724316
    1.618396215    0.698131701   59.456682677   64.103549170   23.300753557
    1.808795770    0.698131701   70.961794116   54.766927412   18.484338886
    1.999195325    0.698131701   79.672310144   35.295872969   13.725297002
    2.189594880    0.698131701   84.011110995    9.587110579    9.552239114
    2.379994435    0.698131701   83.235377615  -17.625074481    6.171584752
    2.570393989    0.698131701   77.512757409  -41.627011770    3.566725183
    2.760793544    0.698131701   67.852358911  -58.428330985    1.626027812
    2.951193099    0.698131701   55.911792657  -65.289562367    0.233412931

   -3.141592654    1.047197551   41.944695294  -62.377450424   -4.088186786
   -2.951193099    1.047197551   31.209785603  -49.452479676   -3.217629450
   -2.760793544    1.047197551   23.352662927  -33.043485870   -2.045792084
   -2.570393989    1.047197551   18.492165703  -18.871691684   -0.891166275
   -2.379994435    1.047197551   15.746650696  -11.296864720    0.025182887
   -2.189594880    1.047197551   13.702273176  -11.300431624    0.617344784
   -1.999195325    1.047197551   11.155353491  -15.744984359    0.911548076
   -1.808795770    1.047197551    7.789638418  -18.872161688    0.983798533
   -1.618396215    1.047197551    4.393064864  -15.402079957    0.902466927
   -1.427996661    1.047197551    2.470272967   -3.488783640    0.706913479
   -1.237597106    1.047197551    3.438796008   14.184527563    0.424431960
   -1.047197551    1.047197551    7.881509039   31.916660425    0.116561341
   -0.856797996    1.047197551   15.241680340   43.978878280   -0.076305637
   -0.666398442    1.047197551   24.066300316   46.985994098    0.109191992
   -0.475998887    1.047197551   32.562083758   40.711595480    1.026345974
   -0.285599332    1.047197551   39.149388839   27.493294642    3.027843407
   -0.095199777    1.047197551   42.849753392   11.095890928    6.340422178
    0.095199777    1.047197551   43.464956290   -4.159606801   10.921818861
    0.285599332    1.047197551   41.612833992  -14.216727183   16.377428632
    0.475998887    1.047197551   38.595428210  -16.064150835   21.954365817
    0.666398442    1.047197551   36.109940368   -8.646839267   26.682726535
    0.856797996    1.047197551   35.822350854    6.467593849   29.608600747
    1.047197551    1.047197551   38.855062608   25.504377698   30.111549264
    1.237597106    1.047197551   45.464120820   43.161964014   28.114356574
    1.427996661    1.047197551   54.891326435   54.379822109   24.103867664
    1.618396215    1.047197551   65.553087295   55.757127996   18.910939762
    1.808795770    1.047197551   75.445143587   46.366073471   13.405944413
    1.999195325    1.047197551   82.626962024   27.736419860    8.256593309
    2.189594880    1.047197551   85.637135566    3.208392113    3.847983466
    2.379994435    1.047197551   83.761433174  -22.815866119    0.345283758
    2.570393989    1.047197551   77.156917983  -45.707778997   -2.193268713
    2.760793544    1.047197551   66.823003099  -61.410983169   -3.748231612
    2.951193099    1.047197551   54.422115525  -67.120833565   -4.342241902

   -3.141592654    1.396263402   37.412578763  -61.079736291   -9.689256726
   -2.951193099    1.396263402   27.083534470  -46.579265163   -8.416371022
   -2.760793544    1.396263402   19.866111735  -29.324127226   -6.685159399
   -2.570393989    1.396263402   15.734416443  -15.043258164   -4.814839448
   -2.379994435    1.396263402   13.683329586   -7.898182940   -3.016587212
   -2.189594880    1.396263402   12.219990092   -8.628342119   -1.369669545
   -1.999195325    1.396263402   10.100006579  -13.954617027    0.103994667
   -1.808795770    1.396263402    6.980952155  -18.097975551    1.335010064
   -1.618396215    1.396263402    3.626269544  -15.755331486    2.165436327
   -1.427996661    1.396263402    1.530838770   -4.929764628    2.428195373
   -1.237597106    1.396263402    2.147663052   12.012194930    2.097788183
   -1.047197551    1.396263402    6.163900424   29.744434145    1.403456770
   -0.856797996    1.396263402   13.189558983   42.811956586    0.814570548
   -0.666398442    1.396263402   21.970918297   47.855616471    0.915391188
   -0.475998887    1.396263402   30.890168592   44.373895160    2.203468265
   -0.285599332    1.396263402   38.463198100   34.166434767    4.918576825
   -0.095199777    1.396263402   43.687192875   20.282487791    8.949782315
    0.095199777    1.396263402   46.200266054    6.335434932   13.818408307
    0.285599332    1.396263402   46.337549159   -4.133306546   18.752241471
    0.475998887    1.396263402   45.052676374   -8.232340662   22.841789348
    0.666398442    1.396263402   43.720454950   -4.550386574   25.273823272
    0.856797996    1.396263402   43.796299919    6.168151987   25.539076836
    1.047197551    1.396263402   46.373134753   21.147375419   23.600620554
    1.237597106    1.396263402   51.854299732   35.908932790   19.873100135
    1.427996661    1.396263402   59.742226555   45.703369681   15.074239736
    1.618396215    1.396263402   68.719848590   46.905311264    9.952110336
    1.808795770    1.396263402   76.971652487   38.055471941    5.071458224
    1.999195325    1.396263402   82.643428577   20.194939193    0.730060831
    2.189594880    1.396263402   84.292599120   -3.539701438   -2.975652754
    2.379994435    1.396263402   81.215997639  -28.638889194   -6.013825332
    2.570393989    1.396263402   73.616691311  -50.254079483   -8.311129746
    2.760793544    1.396263402   62.575088639  -64.211860345   -9.739925571
    2.951193099    1.396263402   49.833541435  -67.854575304  -10.193142400

   -3.141592654    1.745329252   31.459229752  -59.310270114  -16.108840968
   -2.951193099    1.745329252   21.627795404  -43.223525053  -15.015547334
   -2.760793544    1.745329252   15.143540479  -25.107292833  -13.170056972
   -2.570393989    1.745329252   11.840244880  -10.659957116  -10.824767418
   -2.379994435    1.745329252   10.601022399   -3.809719203   -8.173009926
   -2.189594880    1.745329252    9.867646136   -5.084882494   -5.313301253
   -1.999195325    1.745329252    8.354277926  -11.173988083   -2.326849362
   -1.808795770    1.745329252    5.666897920  -16.414927287    0.605487511
   -1.618396215    1.745329252    2.499828676  -15.521701366    3.163148246
   -1.427996661    1.745329252    0.303256812   -6.200546081    5.001524680
   -1.237597106    1.745329252    0.574821777    9.792270818    5.963176485
   -1.047197551    1.745329252    4.169753300   27.759720130    6.229330106
   -0.856797996    1.745329252   10.956402726   42.519479047    6.289846403
   -0.666398442    1.745329252   19.942012346   50.438240328    6.748408606
   -0.475998887    1.745329252   29.669956004   50.280709125    8.059642607
   -0.285599332    1.745329252   38.653399134   42.917419629   10.338371863
   -0.095199777    1.745329252   45.714237053   30.550279030   13.297396972
    0.095199777    1.745329252   50.180803421   16.249975784   16.310515500
    0.285599332    1.745329252   52.016233459    3.475343232   18.578603711
    0.475998887    1.745329252   51.833177003   -4.454222019   19.379243230
    0.666398442    1.745329252   50.792828936   -5.283144500   18.327112016
    0.856797996    1.745329252   50.320420866    1.299369995   15.503736967
    1.047197551    1.745329252   51.670567273   13.381844040   11.444799841
    1.237597106    1.745329252   55.527884269   26.884759720    6.900321640
    1.427996661    1.745329252   61.695069688   36.838468541    2.566244774
    1.618396215    1.745329252   69.069065743   38.992326882   -1.162229753
    1.808795770    1.745329252   75.918749778   31.209529388   -4.246766392
    1.999195325    1.745329252   80.367308373   14.135221524   -6.891722698
    2.189594880    1.745329252   80.913975777   -9.078010351   -9.338729112
    2.379994435    1.745329252   76.833452964  -33.594294670  -11.683727295
    2.570393989    1.745329252   68.377410397  -54.193517683  -13.807446552
    2.760793544    1.745329252   56.729371231  -66.531855980  -15.431438919
    2.951193099    1.745329252   43.735386423  -68.133390080  -16.255757410

   -3.141592654    2.094395102   24.566190494  -58.754223463  -18.540374476
   -2.951193099    2.094395102   15.009013616  -40.945995527  -17.492164070
   -2.760793544    2.094395102    9.096320336  -21.462269884  -15.592549558
   -2.570393989    2.094395102    6.583046621   -6.081732126  -13.031748865
   -2.379994435    2.094395102    6.277844292    1.377525820   -9.974251901
   -2.189594880    2.094395102    6.573188562    0.495013947   -6.503752700
   -1.999195325    2.094395102    6.140029142   -5.471790126   -2.688743206
   -1.808795770    2.094395102    4.514182710  -11.071174982    1.289990396
   -1.618396215    2.094395102    2.282648475  -11.144401337    5.072470420
   -1.427996661    2.094395102    0.791523520   -3.208442799    8.218674559
   -1.237597106    2.094395102    1.505967982   11.514451962   10.429531473
   -1.047197551    2.094395102    5.361655547   28.922204549   11.727798232
   -0.856797996    2.094395102   12.395699401   44.112849153   12.455193378
   -0.666398442    2.094395102   21.791282278   53.233730445   13.079162442
   -0.475998887    2.094395102   32.184358567   54.428619433   13.933262153
   -0.285599332    2.094395102   42.044286144   47.811988329   15.041689481
   -0.095199777    2.094395102   50.014154605   34.966912046   16.081032861
    0.095199777    2.094395102   55.157675572   18.692259078   16.488748226
    0.285599332    2.094395102   57.167377132    2.694640435   15.663724818
    0.475998887    2.094395102   56.481121266   -8.952568677   13.234771740
    0.666398442    2.094395102   54.264594114  -12.954713367    9.275971916
    0.856797996    2.094395102   52.140851802   -8.056506099    4.335920683
    1.047197551    2.094395102   51.697701055    4.202632522   -0.724551905
    1.237597106    2.094395102   53.952677748   19.427029406   -5.088699461
    1.427996661    2.094395102   58.924395729   31.763557044   -8.271035935
    1.618396215    2.094395102   65.540166144   35.983406559  -10.269822407
    1.808795770    2.094395102   71.939730461   29.308301534  -11.472847044
    1.999195325    2.094395102   76.045536953   12.285058367  -12.415449027
    2.189594880    2.094395102   76.186662448  -11.541194846  -13.520126728
    2.379994435    2.094395102   71.569389937  -36.713723285  -14.931493548
    2.570393989    2.094395102   62.493626352  -57.453776359  -16.496031327
    2.760793544    2.094395102   50.273808367  -69.127464361  -17.861731528
    2.951193099    2.094395102   36.907471998  -69.346841674  -18.635513742

   -3.141592654    2.443460953   18.282239813  -58.362730403  -13.105204459
   -2.951193099    2.443460953    8.938149370  -39.120284110  -11.690201008
   -2.760793544    2.443460953    3.500749807  -18.343055480   -9.638753303
   -2.570393989    2.443460953    1.687671214   -1.889810082   -7.085453085
   -2.379994435    2.443460953    2.271186704    6.502819237   -4.123092609
   -2.189594880    2.443460953    3.627863486    6.506096755   -0.743007557
   -1.999195325    2.443460953    4.416406887    1.307843173    3.096174554
   -1.808795770    2.443460953    4.127100017   -3.909938629    7.316199056
   -1.618396215    2.443460953    3.244874033   -4.261796148   11.605452123
   -1.427996661    2.443460953    2.981991998    2.708045157   15.472709289
   -1.237597106    2.443460953    4.699062316   16.101401376   18.451635165
   -1.047197551    2.443460953    9.308212432   32.299700427   20.311184076
   -0.856797996    2.443460953   16.903384656   46.703869298   21.117026641
   -0.666398442    2.443460953   26.748964571   55.398987296   21.101184410
   -0.475998887    2.443460953   37.516324638   56.145824833   20.461088227
   -0.285599332    2.443460953   47.623562687   48.565694194   19.220329310
   -0.095199777    2.443460953   55.578017327   33.897900280   17.202377169
    0.095199777    2.443460953   60.273487936   14.926352939   14.137025691
    0.285599332    2.443460953   61.271228328   -4.186794415    9.836328138
    0.475998887    2.443460953   59.002615231  -18.542977474    4.406567483
    0.666398442    2.443460953   54.799668831  -23.941086286   -1.635338675
    0.856797996    2.443460953   50.597924562  -18.552322178   -7.442917072
    1.047197551    2.443460953   48.347027685   -4.042987714  -12.103468388
    1.237597106    2.443460953   49.333677316   14.430754412  -15.014247056
    1.427996661    2.443460953   53.663775506   29.921443845  -16.095092840
    1.618396215    2.443460953   60.153464538   36.289728686  -15.783449365
    1.808795770    2.443460953   66.705129643   30.375360858  -14.796723531
    1.999195325    2.443460953   70.986816170   12.912288954  -13.823014650
    2.189594880    2.443460953   71.149233510  -11.985412137  -13.289053645
    2.379994435    2.443460953   66.341026554  -38.211963641  -13.280124934
    2.570393989    2.443460953   56.917073255  -59.490482862  -13.598439778
    2.760793544    2.443460953   44.316807922  -70.953213762  -13.895287138
    2.951193099    2.443460953   30.678599850  -70.281900339  -13.812724346

   -3.141592654    2.792526803   15.155883142  -57.010256185    1.143548399
   -2.951193099    2.792526803    6.144395716  -36.992023541    3.277141858
   -2.760793544    2.792526803    1.187207485  -15.442714692    5.264474407
   -2.570393989    2.792526803    0.000000000    1.783028072    7.059872563
   -2.379994435    2.792526803    1.364593426   11.059636954    8.793455159
   -2.189594880    2.792526803    3.689389455   12.145623764   10.764377687
   -1.999195325    2.792526803    5.664211159    8.115404326   13.294503564
   -1.808795770    2.792526803    6.764016144    3.782870162   16.509205976
   -1.618396215    2.792526803    7.376508755    3.592619577   20.176598073
   -1.427996661    2.792526803    8.548293858    9.762153488   23.740192468
   -1.237597106    2.792526803   11.464481328   21.532161093   26.535515799
   -1.047197551    2.792526803   16.916244179   35.687927646   28.053960130
   -0.856797996    2.792526803   24.955913045   47.993957522   28.090793238
   -0.666398442    2.792526803   34.854209396   54.667147918   26.698442027
   -0.475998887    2.792526803   45.289065237   53.365620485   24.047301110
   -0.285599332    2.792526803   54.657061617   43.538484946   20.306734869
   -0.095199777    2.792526803   61.421535660   26.403571597   15.594262565
    0.095199777    2.792526803   64.453684536    4.986750713   10.032345258
    0.285599332    2.792526803   63.365840635  -16.007348967    3.845528924
    0.475998887    2.792526803   58.759851778  -31.015441582   -2.527753499
    0.666398442    2.792526803   52.254518764  -35.342317561   -8.427106658
    0.856797996    2.792526803   46.122572653  -27.156673871  -13.104003930
    1.047197551    2.792526803   42.591992287   -8.772578079  -15.970202105
    1.237597106    2.792526803   43.058582362   13.620529270  -16.855038944
    1.427996661    2.792526803   47.537080896   32.076897774  -16.061051424
    1.618396215    2.792526803   54.601611783   39.924299631  -14.216439797
    1.808795770    2.792526803   61.869744637   34.074292840  -11.994609916
    1.999195325    2.792526803   66.783733296   15.763387607   -9.870555209
    2.189594880    2.792526803   67.380225978  -10.270632975   -8.020120483
    2.379994435    2.792526803   62.801999806  -37.441140543   -6.372734609
    2.570393989    2.792526803   53.468852980  -59.220617413   -4.743998360
    2.760793544    2.792526803   40.912596686  -70.683045750   -2.970112261
    2.951193099    2.792526803   27.360259210  -69.603698519   -0.986913473
