#! FIELDS phi psi file.free der_phi der_psi
#! SET min_phi -pi
#! SET max_phi pi
#! SET nbins_phi  33
#! SET periodic_phi true
#! SET min_psi -pi
#! SET max_psi pi
#! SET nbins_psi  18
#! SET periodic_psi true
   -3.141592654   -3.141592654   17.509012638  -52.832055732   17.273559543
   -2.951193099   -3.141592654    9.202945443  -33.839236449   19.580270849
   -2.760793544   -3.141592654    4.733373131  -13.473137166   20.960764505
   -2.570393989   -3.141592654    3.829314024    2.864820798   21.598092233
   -2.379994435   -3.141592654    5.372585355   12.001658121   21.945649414
   -2.189594880   -3.141592654    7.940247125   13.908418068   22.604014321
   -1.999195325   -3.141592654   10.395389823   11.483285112   24.082919858
   -1.808795770   -3.141592654   12.312435675    8.965591570   26.540885870
   -1.618396215   -3.141592654   14.047224050   10.044390740   29.642731318
   -1.427996661   -3.141592654   16.480143586   16.335417003   32.641335624
   -1.237597106   -3.141592654   20.551883916   26.877462256   34.656900477
   -1.047197551   -3.141592654   26.811047292   38.669849134   34.999871001
   -0.856797996   -3.141592654   35.132121866   47.886994532   33.378318384
   -0.666398442   -3.141592654   44.688023752   51.154952447   29.882774683
   -0.475998887   -3.141592654   54.128550979   46.464249659   24.857962121
   -0.285599332   -3.141592654   61.880558069   33.542064853   18.751686503
   -0.095199777   -3.141592654   66.493317772   13.936199935   12.010436833
    0.095199777   -3.141592654   66.994057717   -8.934419185    5.070594320
    0.285599332   -3.141592654   63.227827335  -29.953963061   -1.613986358
    0.475998887   -3.141592654   56.096525597  -43.314413746   -7.521721138
    0.666398442   -3.141592654   47.534255398  -44.417945334  -12.099144444
    0.856797996   -3.141592654   40.067077018  -31.997924010  -14.879362009
    1.047197551   -3.141592654   36.031253251   -9.302321712  -15.666038044
    1.237597106   -3.141592654   36.744075502   16.533497605  -14.661604649
    1.427996661   -3.141592654   41.991170270   36.984404475  -12.399948654
    1.618396215   -3.141592654   50.061483785   45.380366083   -9.513473347
    1.808795770   -3.141592654   58.339014487   39.124995065   -6.468745127
    1.999195325   -3.141592654   64.149341610   20.140656442   -3.431204628
    2.189594880   -3.141592654   65.533616704   -6.299425377   -0.316134287
    2.379994435   -3.141592654   61.709486960  -33.415574280    3.036367201
    2.570393989   -3.141592654   53.175942628  -54.825616585    6.682910592
    2.760793544   -3.141592654   41.494365559  -65.936291574   10.486664104
    2.951193099   -3.141592654   28.854107381  -64.870899886   14.142014182

   -3.141592654   -2.792526803   25.065770842  -48.727901763   25.617120965
   -2.951193099   -2.792526803   17.350033885  -31.757641855   27.612994598
   -2.760793544   -2.792526803   13.101404067  -13.147218794   28.353985483
   -2.570393989   -2.792526803   12.151237886    2.221058713   28.180369635
   -2.379994435   -2.792526803   13.568402690   11.521890525   27.698319013
   -2.189594880   -2.792526803   16.153184223   14.736131708   27.592247776
   -1.999195325   -2.792526803   18.952088247   14.326633138   28.364695564
   -1.808795770   -2.792526803   21.602088750   13.728921497   30.093730052
   -1.618396215   -2.792526803   24.353180806   15.726851804   32.337365078
   -1.427996661   -2.792526803   27.827216574   21.296538693   34.254327218
   -1.237597106   -2.792526803   32.632874413   29.365655948   34.911480320
   -1.047197551   -2.792526803   39.019728374   37.379695783   33.623382613
   -0.856797996   -2.792526803   46.685143262   42.280106126   30.176931784
   -0.666398442   -2.792526803   54.778005091   41.509483398   24.827728838
   -0.475998887   -2.792526803   62.066171914   33.709126874   18.156952625
   -0.285599332   -2.792526803   67.195634998   18.997644845   10.873878605
   -0.095199777   -2.792526803   68.984989711   -0.922109250    3.646454186
    0.095199777   -2.792526803   66.741028870  -22.676177933   -2.971005394
    0.285599332   -2.792526803   60.566119279  -41.313253452   -8.546152888
    0.475998887   -2.792526803   51.579970724  -51.297818925  -12.728158863
    0.666398442   -2.792526803   41.870344796  -48.421746575  -15.253546654
    0.856797996   -2.792526803   34.026961097  -31.977866278  -15.990934800
    1.047197551   -2.792526803   30.331973343   -5.878751500  -15.034340609
    1.237597106   -2.792526803   31.930843658   22.211754002  -12.742495612
    1.427996661   -2.792526803   38.369923499   43.639227169   -9.642025271
    1.618396215   -2.792526803   47.719669741   52.065344716   -6.216179553
    1.808795770   -2.792526803   57.240302236   45.502065208   -2.722260108
    1.999195325   -2.792526803   64.248493060   26.409453864    0.859135889
    2.189594880   -2.792526803   66.848652237    0.260472872    4.707157846
    2.379994435   -2.792526803   64.320395881  -26.365209168    8.961973693
    2.570393989   -2.792526803   57.162616463  -47.505132286   13.561448243
    2.760793544   -2.792526803   46.855541210  -58.954095989   18.191969467
    2.951193099   -2.792526803   35.452195917  -59.004106455   22.373089330

   -3.141592654   -2.443460953   33.764209086  -44.477905684   22.899841735
   -2.951193099   -2.443460953   26.644281587  -29.752628650   24.439327201
   -2.760793544   -2.443460953   22.584947648  -13.064237895   24.961881330
   -2.570393989   -2.443460953   21.530516468    1.215574421   24.792277558
   -2.379994435   -2.443460953   22.739116511   10.521689343   24.419668061
   -2.189594880   -2.443460953   25.213932188   14.710826936   24.325563492
   -1.999195325   -2.443460953   28.140362551   15.700495628   24.788655837
   -1.808795770   -2.443460953   31.161068587   16.118167503   25.724245359
   -1.618396215   -2.443460953   34.376507332   17.980152490   26.658537271
   -1.427996661   -2.443460953   38.144321504   21.878709840   26.868531690
   -1.237597106   -2.443460953   42.789184112   26.921816102   25.660377469
   -1.047197551   -2.443460953   48.360850961   31.238158570   22.646741704
   -0.856797996   -2.443460953   54.514015992   32.657207245   17.905227245
   -0.666398442   -2.443460953   60.517303193   29.408411247   11.921219343
   -0.475998887   -2.443460953   65.379063555   20.597582399    5.406709864
   -0.285599332   -2.443460953   68.037631166    6.406101326   -0.917025499
   -0.095199777   -2.443460953   67.582744485  -11.719434735   -6.485765677
    0.095199777   -2.443460953   63.522951092  -30.849383955  -10.950033741
    0.285599332   -2.443460953   56.072990760  -46.496420487  -14.152305966
    0.475998887   -2.443460953   46.385965757  -53.498621833  -16.055149442
    0.666398442   -2.443460953   36.521839542  -47.896729348  -16.690758540
    0.856797996   -2.443460953   29.001789252  -29.186606669  -16.131791531
    1.047197551   -2.443460953   26.002533236   -1.463705498  -14.520973543
    1.237597106   -2.443460953   28.536874856   27.508751775  -12.094736541
    1.427996661   -2.443460953   36.016122424   49.189925551   -9.153001735
    1.618396215   -2.443460953   46.418856127   57.561080155   -5.954009045
    1.808795770   -2.443460953   56.985577966   51.041046642   -2.626995841
    1.999195325   -2.443460953   65.081707102   32.362877881    0.848613090
    2.189594880   -2.443460953   68.885496032    6.980979644    4.566684294
    2.379994435   -2.443460953   67.716978317  -18.839276066    8.566433722
    2.570393989   -2.443460953   62.040289683  -39.586269796   12.731337580
    2.760793544   -2.443460953   53.219208495  -51.422030305   16.767259371
    2.951193099   -2.443460953   43.142294504  -52.759709213   20.278322851

   -3.141592654   -2.094395102   39.847005681  -41.324011032   13.500563890
   -2.951193099   -2.094395102   33.194481803  -27.985141884   14.563392799
   -2.760793544   -2.094395102   29.359166210  -12.411341078   15.123434735
   -2.570393989   -2.094395102   28.362313597    1.267204598   15.336567178
   -2.379994435   -2.094395102   29.569421574   10.540656805   15.377423440
   -2.189594880   -2.094395102   32.077012924   15.069534780   15.352079725
   -1.999195325   -2.094395102   35.102646458   16.328270512   15.231872366
   -1.808795770   -2.094395102   38.223329049   16.400528348   14.821661875
   -1.618396215   -2.094395102   41.379198210   16.887420076   13.809108408
   -1.427996661   -2.094395102   44.721516645   18.354842752   11.877555460
   -1.237597106   -2.094395102   48.409764918   20.362732767    8.858309802
   -1.047197551   -2.094395102   52.450987430   21.840550920    4.834767375
   -0.856797996   -2.094395102   56.619117504   21.434330693    0.157460629
   -0.666398442   -2.094395102   60.429840077   17.873085368   -4.666057390
   -0.475998887   -2.094395102   63.188132658   10.276903052   -9.116366498
   -0.285599332   -2.094395102   64.088883473   -1.594846200  -12.790240848
   -0.095199777   -2.094395102   62.373894753  -16.927809256  -15.475921830
    0.095199777   -2.094395102   57.581910892  -33.387817714  -17.157648867
    0.285599332   -2.094395102   49.862628981  -46.878609720  -17.963771825
    0.475998887   -2.094395102   40.258206384  -52.343454850  -18.083033669
    0.666398442   -2.094395102   30.720018893  -45.686370790  -17.678296996
    0.856797996   -2.094395102   23.697381306  -26.190635240  -16.813742414
    1.047197551   -2.094395102   21.331731481    2.194781969  -15.467960014
    1.237597106   -2.094395102   24.618069808   31.732977678  -13.597680809
    1.427996661   -2.094395102   32.946946701   53.865399062  -11.222490438
    1.618396215   -2.094395102   44.274085567   62.575260125   -8.436519867
    1.808795770   -2.094395102   55.823530152   56.340026689   -5.384367770
    1.999195325   -2.094395102   64.957795903   37.964054814   -2.207359833
    2.189594880   -2.094395102   69.859454589   12.895589645    0.984101825
    2.379994435   -2.094395102   69.840508980  -12.719371592    4.099166451
    2.570393989   -2.094395102   65.327415296  -33.555336789    7.037289761
    2.760793544   -2.094395102   57.612103229  -45.926592647    9.670743806
    2.951193099   -2.094395102   48.493439187  -48.269958455   11.860942058

   -3.141592654   -1.745329252   42.370480458  -39.368254739    4.198559122
   -2.951193099   -1.745329252   36.032024831  -26.647854481    4.764764290
   -2.760793544   -1.745329252   32.394611611  -11.666851816    5.244046453
   -2.570393989   -1.745329252   31.486494002    1.460499071    5.593263186
   -2.379994435   -1.745329252   32.677110775   10.158130892    5.687735551
   -2.189594880   -1.745329252   35.044874879   13.938421678    5.331523786
   -1.999195325   -1.745329252   37.756855853   14.095000063    4.309033551
   -1.808795770   -1.745329252   40.312167831   12.630276344    2.453413417
   -1.618396215   -1.745329252   42.576436288   11.266485999   -0.276579994
   -1.427996661   -1.745329252   44.672619208   10.936107528   -3.754085910
   -1.237597106   -1.745329252   46.816998351   11.700805344   -7.679161726
   -1.047197551   -1.745329252   49.166340399   12.930984709  -11.631043956
   -0.856797996   -1.745329252   51.708677155   13.464266252  -15.152625844
   -0.666398442   -1.745329252   54.176161729   11.876197233  -17.866055040
   -0.475998887   -1.745329252   56.031648319    6.849265274  -19.552478947
   -0.285599332   -1.745329252   56.530482561   -2.425531677  -20.189893160
   -0.095199777   -1.745329252   54.869642953  -15.643472087  -19.943244484
    0.095199777   -1.745329252   50.460825349  -30.792102312  -19.116497838
    0.285599332   -1.745329252   43.288797695  -43.857120938  -18.066991791
    0.475998887   -1.745329252   34.241946170  -49.595565204  -17.102481464
    0.666398442   -1.745329252   25.173695934  -43.507874732  -16.378789399
    0.856797996   -1.745329252   18.520584066  -24.428286120  -15.822149496
    1.047197551   -1.745329252   16.486465287    4.007672011  -15.171639014
    1.237597106   -1.745329252   20.164234445   34.093929022  -14.104783781
    1.427996661   -1.745329252   29.021755134   57.068307330  -12.420156889
    1.618396215   -1.745329252   41.040094665   66.590283251  -10.129340582
    1.808795770   -1.745329252   53.410797898   60.879066085   -7.453060070
    1.999195325   -1.745329252   63.429922987   42.645801461   -4.716739321
    2.189594880   -1.745329252   69.210663956   17.392643808   -2.219112382
    2.379994435   -1.745329252   70.013966630   -8.610967052   -0.145147782
    2.570393989   -1.745329252   66.238779508  -29.926769019    1.456084736
    2.760793544   -1.745329252   59.165593291  -42.818710117    2.641236482
    2.951193099   -1.745329252   50.586857656  -45.716148637    3.518213039

   -3.141592654   -1.396263402   40.656170294  -39.843420060    1.900628919
   -2.951193099   -1.396263402   34.266164108  -26.699198607    1.883964340
   -2.760793544   -1.396263402   30.662921768  -11.287000659    1.819475004
   -2.570393989   -1.396263402   29.848591004    1.993941197    1.604162472
   -2.379994435   -1.396263402   31.113399039   10.289790567    1.014004276
   -2.189594880   -1.396263402   33.411004366   12.943540046   -0.249765446
   -1.999195325   -1.396263402   35.769930686   11.284969678   -2.450721539
   -1.808795770   -1.396263402   37.584366170    7.642710951   -5.677008582
   -1.618396215   -1.396263402   38.702050541    4.298880213   -9.735768241
   -1.427996661   -1.396263402   39.345642812    2.833422073  -14.153834045
   -1.237597106   -1.396263402   39.942928500    3.795725014  -18.292927742
   -1.047197551   -1.396263402   40.922294724    6.679665527  -21.531636094
   -0.856797996   -1.396263402   42.527672221   10.016137923  -23.429266756
   -0.666398442   -1.396263402   44.652253229   11.740693383  -23.826189279
   -0.475998887   -1.396263402   46.783112707    9.772073305  -22.843750990
   -0.285599332   -1.396263402   48.061965661    2.651819265  -20.827735215
   -0.095199777   -1.396263402   47.471969179   -9.707548206  -18.258714798
    0.095199777   -1.396263402   44.165518588  -25.365747793  -15.647084603
    0.285599332   -1.396263402   37.885198634  -40.062018478  -13.423418744
    0.475998887   -1.396263402   29.355058571  -48.000374624  -11.845936431
    0.666398442   -1.396263402   20.390923637  -43.911957415  -10.943974539
    0.856797996   -1.396263402   13.540320054  -25.903961873  -10.504062388
    1.047197551   -1.396263402   11.228179782    2.782832920  -10.166432962
    1.237597106   -1.396263402   14.794023683   34.278493998   -9.555777197
    1.427996661   -1.396263402   23.870946780   59.193128769   -8.445062766
    1.618396215   -1.396263402   36.463589179   70.378153512   -6.820298979
    1.808795770   -1.396263402   49.647512544   65.445817959   -4.863792564
    1.999195325   -1.396263402   60.526263958   46.932877580   -2.861075559
    2.189594880   -1.396263402   67.029276890   20.585681623   -1.086576747
    2.379994435   -1.396263402   68.306059961   -6.849899292    0.278141324
    2.570393989   -1.396263402   64.738367552  -29.451693873    1.175897443
    2.760793544   -1.396263402   57.667565909  -43.177415843    1.662382948
    2.951193099   -1.396263402   48.984933457  -46.359485395    1.858926572

   -3.141592654   -1.047197551   37.973915446  -41.289804371    3.602205387
   -2.951193099   -1.047197551   31.360152234  -27.602751728    2.286135533
   -2.760793544   -1.047197551   27.628150901  -11.795080218    0.810877266
   -2.570393989   -1.047197551   26.717122234    1.372449116   -0.783517108
   -2.379994435   -1.047197551   27.794367828    8.806137005   -2.611350396
   -2.189594880   -1.047197551   29.667031356    9.857682665   -4.924173311
   -1.999195325   -1.047197551   31.250472272    6.206988154   -7.975115143
   -1.808795770   -1.047197551   31.922571265    0.827104297  -11.816929164
   -1.618396215   -1.047197551   31.648886036   -3.286871625  -16.153387760
   -1.427996661   -1.047197551   30.888583855   -4.070402372  -20.357291514
   -1.237597106   -1.047197551   30.356122413   -0.946798408  -23.664390603
   -1.047197551   -1.047197551   30.724660970    5.121364299  -25.441137272
   -0.856797996   -1.047197551   32.366430721   11.932542638  -25.390638898
   -0.666398442   -1.047197551   35.155636199   16.667681224  -23.621533949
   -0.475998887   -1.047197551   38.432700189   16.679614206  -20.575039064
   -0.285599332   -1.047197551   41.111909921   10.224076163  -16.882178366
   -0.095199777   -1.047197551   41.922778023   -2.771666833  -13.189720971
    0.095199777   -1.047197551   39.791377879  -20.097153050  -10.003651228
    0.285599332   -1.047197551   34.306047551  -37.025504123   -7.585081950
    0.475998887   -1.047197551   26.139031941  -47.176594549   -5.935331483
    0.666398442   -1.047197551   17.165555495  -44.700635976   -4.866667431
    0.856797996   -1.047197551   10.088912565  -27.325489473   -4.096636601
    1.047197551   -1.047197551    7.531743314    1.780554715   -3.369095226
    1.237597106   -1.047197551   11.011083439   34.442727492   -2.499085535
    1.427996661   -1.047197551   20.253578301   60.741218835   -1.412855143
    1.618396215   -1.047197551   33.249809125   72.962108910   -0.123848794
    1.808795770   -1.047197551   46.969215643   68.341653142    1.286082207
    1.999195325   -1.047197551   58.365521926   49.345317096    2.687638141
    2.189594880   -1.047197551   65.232987423   21.929546968    3.924699336
    2.379994435   -1.047197551   66.644100733   -6.786286647    4.837758775
    2.570393989   -1.047197551   62.978159230  -30.487815883    5.294078153
    2.760793544   -1.047197551   55.639267413  -44.865796421    5.221869628
    2.951193099   -1.047197551   46.616641661  -48.151180635    4.627984311

   -3.141592654   -0.698131701   37.641237870  -45.296344115    4.109101160
   -2.951193099   -0.698131701   30.240769847  -31.786670001    1.913351390
   -2.760793544   -0.698131701   25.723967708  -15.822436538   -0.467111544
   -2.570393989   -0.698131701   24.063540949   -2.504063231   -2.920913739
   -2.379994435   -0.698131701   24.388949991    4.699247456   -5.495860462
   -2.189594880   -0.698131701   25.414903404    4.988723252   -8.387627363
   -1.999195325   -0.698131701   25.973261423    0.310240476  -11.783732061
   -1.808795770   -0.698131701   25.448326857   -5.721936777  -15.628258550
   -1.618396215   -0.698131701   23.946058432   -9.414815414  -19.475462194
   -1.427996661   -0.698131701   22.171985186   -8.352548424  -22.568022429
   -1.237597106   -0.698131701   21.099216227   -2.183899161  -24.131370760
   -1.047197551   -0.698131701   21.566923613    7.410378052  -23.710910020
   -0.856797996   -0.698131701   23.955868641   17.354597444  -21.367798999
   -0.666398442   -0.698131701   27.992094886   24.114249160  -17.634999023
   -0.475998887   -0.698131701   32.763582984   24.671331947  -13.299141332
   -0.285599332   -0.698131701   36.900148627   17.317624306   -9.133237189
   -0.095199777   -0.698131701   38.889749197    2.386837904   -5.663022446
    0.095199777   -0.698131701   37.520575128  -17.252312669   -3.040624500
    0.285599332   -0.698131701   32.377586814  -36.165900266   -1.065691381
    0.475998887   -0.698131701   24.251109884  -47.453215932    0.639444023
    0.666398442   -0.698131701   15.199785611  -45.088430308    2.383385842
    0.856797996   -0.698131701    8.107662727  -27.018883520    4.238547698
    1.047197551   -0.698131701    5.710315752    3.165798311    6.018487598
    1.237597106   -0.698131701    9.553989744   36.830094216    7.452031078
    1.427996661   -0.698131701   19.319430374   63.762788777    8.359477759
    1.618396215   -0.698131701   32.915092033   76.153914173    8.760088781
    1.808795770   -0.698131701   47.224447930   71.278822331    8.829146576
    1.999195325   -0.698131701   59.127678261   51.680279725    8.766298995
    2.189594880   -0.698131701   66.358741312   23.370678390    8.671618311
    2.379994435   -0.698131701   67.939132443   -6.484835913    8.498603940
    2.570393989   -0.698131701   64.208802208  -31.478579963    8.091262071
    2.760793544   -0.698131701   56.556505285  -47.149707483    7.274639310
    2.951193099   -0.698131701   46.992029018  -51.501795311    5.940753502

   -3.141592654   -0.349065850   38.607095758  -50.118079994    3.922167497
   -2.951193099   -0.349065850   30.242888784  -36.998243499    0.872331299
   -2.760793544   -0.349065850   24.730757620  -21.004368964   -2.295462187
   -2.570393989   -0.349065850   22.100773604   -7.509777248   -5.377670080
   -2.379994435   -0.349065850   21.474270269   -0.353444670   -8.345823837
   -2.189594880   -0.349065850   21.501936253   -0.500780961  -11.338855515
   -1.999195325   -0.349065850   20.960080701   -5.723510458  -14.484815807
   -1.808795770   -0.349065850   19.274256993  -11.714737074  -17.647557884
   -1.618396215   -0.349065850   16.733170677  -14.073059455  -20.300647307
   -1.427996661   -0.349065850   14.320897178  -10.163173054  -21.671146736
   -1.237597106   -0.349065850   13.259514586   -0.163348338  -21.115001604
   -1.047197551   -0.349065850   14.478422763   13.165532343  -18.483423878
   -0.856797996   -0.349065850   18.230863428   25.645945484  -14.262228733
   -0.666398442   -0.349065850   23.942555223   33.094836037   -9.378457493
   -0.475998887   -0.349065850   30.341475987   32.513778317   -4.830439793
   -0.285599332   -0.349065850   35.761499793   22.825791806   -1.323891088
   -0.095199777   -0.349065850   38.552914644    5.346049029    0.956661991
    0.095199777   -0.349065850   37.558370130  -16.085257122    2.359673360
    0.285599332   -0.349065850   32.571169757  -35.458950331    3.568895067
    0.475998887   -0.349065850   24.640363822  -45.945540936    5.246679718
    0.666398442   -0.349065850   16.007471852  -42.189510399    7.683826069
    0.856797996   -0.349065850    9.582529582  -23.055193191   10.643065311
    1.047197551   -0.349065850    7.970011936    7.254430915   13.480902736
    1.237597106   -0.349065850   12.523040295   40.047740247   15.520290755
    1.427996661   -0.349065850   22.771415813   65.579679591   16.380551739
    1.618396215   -0.349065850   36.582321669   76.654311802   16.122259111
    1.808795770   -0.349065850   50.897829153   70.936234211   15.134215271
    1.999195325   -0.349065850   62.694598476   50.970084742   13.879994675
    2.189594880   -0.349065850   69.772893713   22.481379553   12.663054187
    2.379994435   -0.349065850   71.156737855   -7.709615991   11.526211724
    2.570393989   -0.349065850   67.133962122  -33.389159211   10.294529715
    2.760793544   -0.349065850   59.026109141  -50.065742513    8.712253510
    2.951193099   -0.349065850   48.803005604  -55.488148681    6.591345395

   -3.141592654    0.000000000   39.740500298  -55.477072077    2.248553948
   -2.951193099    0.000000000   30.316910592  -42.671437898   -0.662146614
   -2.760793544    0.000000000   23.729872646  -26.550430016   -3.486222895
   -2.570393989    0.000000000   20.075586886  -12.708367650   -6.091697195
   -2.379994435    0.000000000   18.486311804   -5.299139893   -8.507496863
   -2.189594880    0.000000000   17.578449593   -5.400897845  -10.877854129
   -1.999195325    0.000000000   16.111103826  -10.476476055  -13.271456957
   -1.808795770    0.000000000   13.587343266  -15.580573322  -15.462104283
   -1.618396215    0.000000000   10.493266249  -15.780200274  -16.875099325
   -1.427996661    0.000000000    8.061022998   -8.509668233  -16.805670409
   -1.237597106    0.000000000    7.672350849    5.217336633  -14.824256721
   -1.047197551    0.000000000   10.210707221   21.394555932  -11.096917113
   -0.856797996    0.000000000   15.657218113   34.849394482   -6.411181186
   -0.666398442    0.000000000   23.042605859   41.143217221   -1.840575439
   -0.475998887    0.000000000   30.733443678   37.855601534    1.712999803
   -0.285599332    0.000000000   36.870976412   25.052537815    3.879573098
   -0.095199777    0.000000000   39.847324437    5.283427535    4.945883618
    0.095199777    0.000000000   38.753963321  -16.741004786    5.695678066
    0.285599332    0.000000000   33.734819296  -34.866796403    7.052872614
    0.475998887    0.000000000   26.137834891  -42.936737751    9.631371368
    0.666398442    0.000000000   18.315115832  -36.817257306   13.407919286
    0.856797996    0.000000000   13.048117832  -16.566843477   17.680246258
    1.047197551    0.000000000   12.637072053   13.081046770   21.369176540
    1.237597106    0.000000000   18.113989036   43.748635782   23.537563794
    1.427996661    0.000000000   28.812581111   66.609568162   23.784914884
    1.618396215    0.000000000   42.592449840   75.435943986   22.343332135
    1.808795770    0.000000000   56.536157603   68.428767519   19.861578475
    1.999195325    0.000000000   67.807764559   48.092262569   17.049949828
    2.189594880    0.000000000   74.344847074   19.712131412   14.389266129
    2.379994435    0.000000000   75.212329555  -10.409068338   12.023490705
    2.570393989    0.000000000   70.653961434  -36.394008192    9.825017497
    2.760793544    0.000000000   61.911043296  -53.793412310    7.556416941
    2.951193099    0.000000000   50.892675988  -60.111388100    5.035628277

   -3.141592654    0.349065850   41.634111760  -59.547309251    1.208128231
   -2.951193099    0.349065850   31.401841254  -47.030115521   -0.717957022
   -2.760793544    0.349065850   23.977358343  -30.934519726   -2.419828956
   -2.570393989    0.349065850   19.499132972  -16.960487724   -3.899116294
   -2.379994435    0.349065850   17.112128928   -9.429852976   -5.264913087
   -2.189594880    0.349065850   15.426559372   -9.418688108   -6.664733602
   -1.999195325    0.349065850   13.225213119  -14.072300466   -8.123922541
   -1.808795770    0.349065850   10.116745785  -17.953991849   -9.399825713
   -1.618396215    0.349065850    6.772638064  -15.855031621   -9.995834585
   -1.427996661    0.349065850    4.610462405   -5.533553482   -9.388985692
   -1.237597106    0.349065850    5.072465493   11.053962845   -7.368612816
   -1.047197551    0.349065850    8.898362641   28.782106699   -4.245678568
   -0.856797996    0.349065850   15.745576817   41.839617252   -0.780305670
   -0.666398442    0.349065850   24.280336249   46.002260725    2.192039654
   -0.475998887    0.349065850   32.623931539   39.830524102    4.165315843
   -0.285599332    0.349065850   38.897265111   24.695991846    5.200988158
   -0.095199777    0.349065850   41.707467926    4.221046775    5.900013272
    0.095199777    0.349065850   40.508640137  -16.450871433    7.120845124
    0.285599332    0.349065850   35.810324525  -31.599200813    9.592527484
    0.475998887    0.349065850   29.166249416  -36.250565866   13.537143146
    0.666398442    0.349065850   22.869191676  -27.780088661   18.492560786
    0.856797996    0.349065850   19.377550936   -7.394401969   23.416361694
    1.047197551    0.349065850   20.531194952   19.974939708   27.085253652
    1.237597106    0.349065850   26.965075605   46.753876164   28.611096899
    1.427996661    0.349065850   37.834431888   65.485668023   27.775062259
    1.618396215    0.349065850   51.079912534   71.196090316   25.029840287
    1.808795770    0.349065850   64.047049687   62.696724442   21.216696326
    1.999195325    0.349065850   74.206980246   42.358183935   17.183761748
    2.189594880    0.349065850   79.726427623   14.839100759   13.503780788
    2.379994435    0.349065850   79.764432778  -14.283476557   10.387955378
    2.570393989    0.349065850   74.535399977  -39.659762388    7.767900387
    2.760793544    0.349065850   65.183342423  -57.021396506    5.453537348
    2.951193099    0.349065850   53.518587559  -63.710813060    3.282455695

   -3.141592654    0.698131701   43.314128432  -62.363978174   -0.023160309
   -2.951193099    0.698131701   32.536860993  -49.892321794   -0.624002967
   -2.760793544    0.698131701   24.574203767  -33.684507442   -0.956123938
   -2.570393989    0.698131701   19.592260048  -19.481244012   -1.157978423
   -2.379994435    0.698131701   16.748083551  -11.709425061   -1.389270112
   -2.189594880    0.698131701   14.649800743  -11.460980216   -1.773917588
   -1.999195325    0.698131701   12.092543394  -15.716102019   -2.317424372
   -1.808795770    0.698131701    8.739979565  -18.786064515   -2.858867725
   -1.618396215    0.698131701    5.355920844  -15.366891050   -3.116922782
   -1.427996661    0.698131701    3.434869314   -3.493121741   -2.833968056
   -1.237597106    0.698131701    4.408917675   14.276129893   -1.947289332
   -1.047197551    0.698131701    8.888727468   32.231704939   -0.654086080
   -0.856797996    0.698131701   16.325784228   44.426820905    0.685998634
   -0.666398442    0.698131701   25.215465782   47.109534433    1.799692449
   -0.475998887    0.698131701   33.642863361   39.721996376    2.695823240
   -0.285599332    0.698131701   39.864977421   24.507939853    3.711746148
   -0.095199777    0.698131701   42.755794354    5.517246011    5.388304786
    0.095199777    0.698131701   42.057464713  -12.316154612    8.210050654
    0.285599332    0.698131701   38.465649264  -24.128051699   12.352002999
    0.475998887    0.698131701   33.513854773  -26.173292261   17.493362712
    0.666398442    0.698131701   29.240158980  -16.995037880   22.825560579
    0.856797996    0.698131701   27.675525378    1.643483350   27.249862297
    1.047197551    0.698131701   30.211501310   25.185355631   29.759710395
    1.237597106    0.698131701   37.187526133   47.211942310   29.819754442
    1.427996661    0.698131701   47.718657582   61.669206644   27.547648319
    1.618396215    0.698131701   59.946278631   64.627239539   23.605007988
    1.808795770    0.698131701   71.547616608   55.213652991   18.893588870
    1.999195325    0.698131701   80.317905471   35.437265862   14.227222910
    2.189594880    0.698131701   84.639535950    9.239700593   10.130464196
    2.379994435    0.698131701   83.747305720  -18.496071861    6.810149457
    2.570393989    0.698131701   77.819355169  -42.878375792    4.249324789
    2.760793544    0.698131701   67.906384741  -59.779620787    2.332237120
    2.951193099    0.698131701   55.725272028  -66.417144083    0.937429354

   -3.141592654    1.047197551   41.660746814  -62.962091916   -3.504544586
   -2.951193099    1.047197551   30.867758148  -49.477284483   -2.563531127
   -2.760793544    1.047197551   23.056653772  -32.559093753   -1.367748806
   -2.570393989    1.047197551   18.324310143  -18.049636925   -0.224921230
   -2.379994435    1.047197551   15.749703855  -10.364262627    0.658992446
   -2.189594880    1.047197551   13.876147119  -10.471144118    1.208966974
   -1.999195325    1.047197551   11.465903391  -15.155788287    1.452222556
   -1.808795770    1.047197551    8.185917537  -18.559707922    1.459163294
   -1.618396215    1.047197551    4.825925126  -15.321528148    1.291860094
   -1.427996661    1.047197551    2.903440726   -3.558124212    0.989540411
   -1.237597106    1.047197551    3.850175009   14.028324717    0.589433011
   -1.047197551    1.047197551    8.256699716   31.685489965    0.172013384
   -0.856797996    1.047197551   15.565053665   43.659392157   -0.099051859
   -0.666398442    1.047197551   24.320968399   46.585063931    0.059406169
   -0.475998887    1.047197551   32.737458030   40.290378182    1.008296745
   -0.285599332    1.047197551   39.251084663   27.155860718    3.089978369
   -0.095199777    1.047197551   42.903519787   10.937962105    6.504170042
    0.095199777    1.047197551   43.509425519   -4.103925635   11.174010959
    0.285599332    1.047197551   41.685345362  -13.994553961   16.677126844
    0.475998887    1.047197551   38.718669196  -15.773966215   22.250616729
    0.666398442    1.047197551   36.287729732   -8.377500909   26.934649476
    0.856797996    1.047197551   36.047051286    6.689995683   29.797732596
    1.047197551    1.047197551   39.121867399   25.735852855   30.241608587
    1.237597106    1.047197551   45.783531381   43.495176204   28.201300444
    1.427996661    1.047197551   55.288819542   54.864753830   24.163911451
    1.618396215    1.047197551   66.053667728   56.330772602   18.953823662
    1.808795770    1.047197551   76.049906522   46.844152445   13.437308711
    1.999195325    1.047197551   83.295471198   27.888986475    8.285850853
    2.189594880    1.047197551   86.289635673    2.865222879    3.897374914
    2.379994435    1.047197551   84.299340846  -23.667430444    0.451304364
    2.570393989    1.047197551   77.495988887  -46.909143393   -1.988810059
    2.760793544    1.047197551   66.921800989  -62.685481917   -3.414030132
    2.951193099    1.047197551   54.295895046  -68.166734109   -3.871943738

   -3.141592654    1.396263402   37.176041422  -61.361387177   -9.283078268
   -2.951193099    1.396263402   26.837700749  -46.400404427   -7.860597438
   -2.760793544    1.396263402   19.694092655  -28.750285910   -6.070323407
   -2.570393989    1.396263402   15.698030388  -14.227404170   -4.223929489
   -2.379994435    1.396263402   13.810332459   -7.032595296   -2.504509557
   -2.189594880    1.396263402   12.501524364   -7.900530211   -0.957755069
   -1.999195325    1.396263402   10.496317779  -13.494907591    0.416839765
   -1.808795770    1.396263402    7.434901623  -17.954241294    1.555144007
   -1.618396215    1.396263402    4.079900237  -15.895398701    2.291939329
   -1.427996661    1.396263402    1.938050231   -5.266446360    2.451879036
   -1.237597106    1.396263402    2.480211175   11.576216218    2.012273750
   -1.047197551    1.396263402    6.410430714   29.281412719    1.220356893
   -0.856797996    1.396263402   13.350082502   42.375966069    0.574660967
   -0.666398442    1.396263402   22.055544722   47.500676512    0.686391868
   -0.475998887    1.396263402   30.920392418   44.164494570    2.063503115
   -0.285599332    1.396263402   38.472302058   34.157303873    4.930539710
   -0.095199777    1.396263402   43.715194979   20.481776392    9.137534250
    0.095199777    1.396263402   46.282065866    6.682110925   14.156150131
    0.285599332    1.396263402   46.490652173   -3.755325573   19.172529912
    0.475998887    1.396263402   45.271152311   -7.943176321   23.258623764
    0.666398442    1.396263402   43.980006379   -4.414181181   25.609712191
    0.856797996    1.396263402   44.068881987    6.177234703   25.744535972
    1.047197551    1.396263402   46.643911634   21.138605699   23.658362158
    1.237597106    1.396263402   52.132443612   36.011078655   19.789227245
    1.427996661    1.396263402   60.056733596   45.981685808   14.864686059
    1.618396215    1.396263402   69.100819425   47.300953937    9.633689642
    1.808795770    1.396263402   77.426180416   38.391051065    4.663294240
    1.999195325    1.396263402   83.139493162   20.261380593    0.262211298
    2.189594880    1.396263402   84.764044676   -3.881071274   -3.452205892
    2.379994435    1.396263402   81.583888449  -29.372749033   -6.426294697
    2.570393989    1.396263402   73.819800563  -51.217354575   -8.577766284
    2.760793544    1.396263402   62.592422155  -65.160123823   -9.793484221
    2.951193099    1.396263402   49.691433476  -68.549860269  -10.005226491

   -3.141592654    1.745329252   31.216166061  -59.142219620  -15.964145726
   -2.951193099    1.745329252   21.446918733  -42.753862771  -14.712098951
   -2.760793544    1.745329252   15.073684053  -24.433205298  -12.813437409
   -2.570393989    1.745329252   11.908692873   -9.908571571  -10.513479859
   -2.379994435    1.745329252   10.809843855   -3.109777041   -7.971567454
   -2.189594880    1.745329252   10.195040805   -4.560405932   -5.242092216
   -1.999195325    1.745329252    8.757379762  -10.919100983   -2.372526575
   -1.808795770    1.745329252    6.089008409  -16.474866353    0.469624163
   -1.618396215    1.745329252    2.881833941  -15.879096530    2.960054137
   -1.427996661    1.745329252    0.595627753   -6.772316843    4.745594197
   -1.237597106    1.745329252    0.747975529    9.130526114    5.669201252
   -1.047197551    1.745329252    4.219411973   27.140966373    5.926213071
   -0.856797996    1.745329252   10.902671121   42.067682190    6.029501006
   -0.666398442    1.745329252   19.826551447   50.252023959    6.599350820
   -0.475998887    1.745329252   29.549525826   50.415340759    8.086758090
   -0.285599332    1.745329252   38.588879857   43.357400095   10.577025634
   -0.095199777    1.745329252   45.755484133   31.192944326   13.734127834
    0.095199777    1.745329252   50.350560117   16.921345354   16.880637753
    0.285599332    1.745329252   52.301340550    3.983495808   19.182049304
    0.475998887    1.745329252   52.188105186   -4.246156554   19.908826494
    0.666398442    1.745329252   51.156014253   -5.400201105   18.696471574
    0.856797996    1.745329252   50.637467313    0.952663872   15.664896993
    1.047197551    1.745329252   51.913890560   12.982970895   11.388761993
    1.237597106    1.745329252   55.704880735   26.607512120    6.644649763
    1.427996661    1.745329252   61.838957167   36.767348543    2.138546783
    1.618396215    1.745329252   69.216454370   39.077299988   -1.734853271
    1.808795770    1.745329252   76.085575139   31.291200888   -4.936722923
    1.999195325    1.745329252   80.535638379   14.043022797   -7.661525200
    2.189594880    1.745329252   81.040482001   -9.432626879  -10.129963279
    2.379994435    1.745329252   76.870944727  -34.157673192  -12.415058485
    2.570393989    1.745329252   68.300465730  -54.802238317  -14.387658123
    2.760793544    1.745329252   56.547957378  -66.993241490  -15.784383269
    2.951193099    1.745329252   43.492416747  -68.305215955  -16.347687975

   -3.141592654    2.094395102   24.287660790  -58.176614007  -18.673398876
   -2.951193099    2.094395102   14.854851386  -40.243745206  -17.480536086
   -2.760793544    2.094395102    9.077590398  -20.763421172  -15.527174055
   -2.570393989    2.094395102    6.689881383   -5.479295178  -13.002771601
   -2.379994435    2.094395102    6.486234071    1.833012166  -10.045168795
   -2.189594880    2.094395102    6.851221238    0.762078908   -6.698843605
   -1.999195325    2.094395102    6.448332212   -5.431370688   -2.998106886
   -1.808795770    2.094395102    4.806689780  -11.282456608    0.895480202
   -1.618396215    2.094395102    2.512081559  -11.593938949    4.627626221
   -1.427996661    2.094395102    0.918946973   -3.817689869    7.758856790
   -1.237597106    2.094395102    1.513026528   10.881369741    9.994381136
   -1.047197551    2.094395102    5.259176257   28.426884673   11.366227360
   -0.856797996    2.094395102   12.224479592   43.904667048   12.225487437
   -0.666398442    2.094395102   21.616181660   53.408157370   13.036496094
   -0.475998887    2.094395102   32.080759570   54.994842508   14.109783350
   -0.285599332    2.094395102   42.079072215   48.670560100   15.427944265
   -0.095199777    2.094395102   50.225404711   35.918147886   16.618975998
    0.095199777    2.094395102   55.539300201   19.485094160   17.082074623
    0.285599332    2.094395102   57.666809087    3.106816253   16.201556773
    0.475998887    2.094395102   57.012999025   -9.033000489   13.620103387
    0.666398442    2.094395102   54.736625723  -13.484920579    9.446999602
    0.856797996    2.094395102   52.482775333   -8.859000194    4.274319597
    1.047197551    2.094395102   51.880575051    3.371421426   -1.001199172
    1.237597106    2.094395102   53.992048648   18.773286666   -5.543678133
    1.427996661    2.094395102   58.864630866   31.373421520   -8.866296058
    1.618396215    2.094395102   65.427852215   35.797412098  -10.976244585
    1.808795770    2.094395102   71.799902908   29.170237246  -12.268895652
    1.999195325    2.094395102   75.872358582   12.053711738  -13.276731034
    2.189594880    2.094395102   75.956564020  -11.905848574  -14.406579348
    2.379994435    2.094395102   71.264150199  -37.115850538  -15.781380308
    2.570393989    2.094395102   62.121810139  -57.723911496  -17.233902263
    2.760793544    2.094395102   49.875385029  -69.122093580  -18.418725556
    2.951193099    2.094395102   36.540979865  -69.022238507  -18.974529404

   -3.141592654    2.443460953   17.946982707  -57.527268501  -13.356832762
   -2.951193099    2.443460953    8.765440718  -38.284124424  -11.861764087
   -2.760793544    2.443460953    3.474306331  -17.665336010   -9.797179115
   -2.570393989    2.443460953    1.769027309   -1.446832417   -7.299970326
   -2.379994435    2.443460953    2.414859413    6.716480092   -4.443171973
   -2.189594880    2.443460953    3.792834131    6.518413207   -1.184318783
   -1.999195325    2.443460953    4.566756159    1.138956488    2.552974184
   -1.808795770    2.443460953    4.229283685   -4.248635551    6.716222684
   -1.618396215    2.443460953    3.269016772   -4.739604594   11.007735522
   -1.427996661    2.443460953    2.908768212    2.177194158   14.940457269
   -1.237597106    2.443460953    4.531023273   15.658543460   18.045970676
   -1.047197551    2.443460953    9.077669835   32.107445496   20.085279093
   -0.856797996    2.443460953   16.671349845   46.894108678   21.108973515
   -0.666398442    2.443460953   26.594462730   56.020147245   21.322138100
   -0.475998887    2.443460953   37.517122888   57.131581021   20.884690306
   -0.285599332    2.443460953   47.833154185   49.730190999   19.779549328
   -0.095199777    2.443460953   56.005674273   34.971451870   17.799164952
    0.095199777    2.443460953   60.874626950   15.628730729   14.664936874
    0.285599332    2.443460953   61.954088245   -4.055650985   10.207256257
    0.475998887    2.443460953   59.651186452  -19.030564637    4.571929055
    0.666398442    2.443460953   55.305525116  -24.920208431   -1.678386540
    0.856797996    2.443460953   50.890513268  -19.768771205   -7.660349179
    1.047197551    2.443460953   48.409239708   -5.204685703  -12.444682215
    1.237597106    2.443460953   49.198710236   13.542414861  -15.433076971
    1.427996661    2.443460953   53.393004309   29.376191968  -16.563933260
    1.618396215    2.443460953   59.805955414   36.000470549  -16.295417144
    1.808795770    2.443460953   66.313697561   30.167021506  -15.356857153
    1.999195325    2.443460953   70.551769139   12.646226004  -14.433509071
    2.189594880    2.443460953   70.655727348  -12.325684427  -13.936227724
    2.379994435    2.443460953   65.784946021  -38.501891256  -13.928760695
    2.570393989    2.443460953   56.325346768  -59.547932376  -14.198322514
    2.760793544    2.443460953   43.747145655  -70.655859671  -14.396912903
    2.951193099    2.443460953   30.199662814  -69.643484042  -14.186766636

   -3.141592654    2.792526803   14.766476021  -56.108251863    1.013694231
   -2.951193099    2.792526803    5.923689413  -36.161664822    3.155483144
   -2.760793544    2.792526803    1.103674062  -14.854631805    5.109603750
   -2.570393989    2.792526803    0.000000000    2.064351002    6.830363033
   -2.379994435    2.792526803    1.391904722   11.074012096    8.463325489
   -2.189594880    2.792526803    3.700189269   11.968557434   10.334328387
   -1.999195325    2.792526803    5.629170629    7.815185734   12.795528850
   -1.808795770    2.792526803    6.664730283    3.411778660   15.997105555
   -1.618396215    2.792526803    7.204775519    3.209314277   19.721705055
   -1.427996661    2.792526803    8.310252405    9.464108750   23.414628513
   -1.237597106    2.792526803   11.188623324   21.451570058   26.400258485
   -1.047197551    2.792526803   16.656801838   35.954552204   28.145988854
   -0.856797996    2.792526803   24.786812066   48.677197478   28.413079243
   -0.666398442    2.792526803   34.852929969   55.728086663   27.212691573
   -0.475998887    2.792526803   45.514172144   54.643469833   24.675342708
   -0.285599332    2.792526803   55.126436688   44.774678574   20.943055754
   -0.095199777    2.792526803   62.099332541   27.305763033   16.129957399
    0.095199777    2.792526803   65.251983496    5.315687131   10.384816027
    0.285599332    2.792526803   64.162740977  -16.357568230    3.981640734
    0.475998887    2.792526803   59.429640644  -31.978672440   -2.584478324
    0.666398442    2.792526803   52.699336513  -36.697667837   -8.610414831
    0.856797996    2.792526803   46.296021962  -28.604712836  -13.332699521
    1.047197551    2.792526803   42.504488148  -10.029217492  -16.178545238
    1.237597106    2.792526803   42.765456685   12.729116680  -17.012006614
    1.427996661    2.792526803   47.111932728   31.566175235  -16.172927380
    1.618396215    2.792526803   54.106482253   39.667332725  -14.314075447
    1.808795770    2.792526803   61.335265855   33.882478314  -12.113810059
    1.999195325    2.792526803   66.207871607   15.507901039  -10.034264922
    2.189594880    2.792526803   66.748991905  -10.584437655   -8.230037953
    2.379994435    2.792526803   62.116207570  -37.671130642   -6.610392236
    2.570393989    2.792526803   52.762416744  -59.181402766   -4.980445685
    2.760793544    2.792526803   40.249072234  -70.267477367   -3.178188002
    2.951193099    2.792526803   26.809754751  -68.855166241   -1.152673587
