#! FIELDS phi psi file.free der_phi der_psi
#! SET min_phi -pi
#! SET max_phi pi
#! SET nbins_phi  33
#! SET periodic_phi true
#! SET min_psi -pi
#! SET max_psi pi
#! SET nbins_psi  18
#! SET periodic_psi true
   -3.141592654   -3.141592654   17.969957035  -53.093906709   16.766315337
   -2.951193099   -3.141592654    9.579932215  -34.401723199   19.161365586
   -2.760793544   -3.141592654    4.998464181  -14.031615419   20.676912892
   -2.570393989   -3.141592654    4.006608287    2.537595808   21.466214335
   -2.379994435   -3.141592654    5.515283940   11.972219510   21.945442907
   -2.189594880   -3.141592654    8.101377508   14.123904025   22.678159555
   -1.999195325   -3.141592654   10.611295236   11.828409611   24.143999519
   -1.808795770   -3.141592654   12.594814543    9.297205794   26.484626644
   -1.618396215   -3.141592654   14.377629460   10.193616979   29.364691198
   -1.427996661   -3.141592654   16.805525782   16.109461945   32.056017957
   -1.237597106   -3.141592654   20.783446489   26.102804435   33.717214730
   -1.047197551   -3.141592654   26.834900848   37.272019912   33.717870837
   -0.856797996   -3.141592654   34.835164322   45.952324085   31.840046153
   -0.666398442   -3.141592654   43.991286858   48.956675433   28.251348611
   -0.475998887   -3.141592654   53.021132095   44.436941022   23.351141172
   -0.285599332   -3.141592654   60.443532171   32.200124474   17.593072617
   -0.095199777   -3.141592654   64.902644502   13.733364123   11.363808891
    0.095199777   -3.141592654   65.492215368   -7.780903752    4.982572684
    0.285599332   -3.141592654   62.064936443  -27.599215399   -1.234990317
    0.475998887   -3.141592654   55.456829914  -40.278032391   -6.877460960
    0.666398442   -3.141592654   47.479935857  -41.423289318  -11.432518447
    0.856797996   -3.141592654   40.523499279  -29.713409496  -14.394668882
    1.047197551   -3.141592654   36.819219192   -8.134681721  -15.469888077
    1.237597106   -3.141592654   37.639779217   16.523126422  -14.748810582
    1.427996661   -3.141592654   42.789549599   36.041759992  -12.683510973
    1.618396215   -3.141592654   50.626013260   43.958043847   -9.880468237
    1.808795770   -3.141592654   58.629289613   37.764262331   -6.833956265
    1.999195325   -3.141592654   64.224695166   19.311211529   -3.765865944
    2.189594880   -3.141592654   65.523100384   -6.356060559   -0.642156056
    2.379994435   -3.141592654   61.756784381  -32.792108962    2.674254973
    2.570393989   -3.141592654   53.377365109  -53.904210589    6.251724624
    2.760793544   -3.141592654   41.861017172  -65.188023810    9.986439630
    2.951193099   -3.141592654   29.318426733  -64.613048498   13.608788535

   -3.141592654   -2.792526803   25.413737024  -48.701652892   25.138360215
   -2.951193099   -2.792526803   17.674727243  -31.980929681   27.285381439
   -2.760793544   -2.792526803   13.378550039  -13.380521744   28.171303273
   -2.570393989   -2.792526803   12.395850101    2.138317020   28.104281530
   -2.379994435   -2.792526803   13.812617914   11.599052761   27.663181707
   -2.189594880   -2.792526803   16.419396496   14.876405970   27.512977421
   -1.999195325   -2.792526803   19.239350282   14.389989932   28.146342057
   -1.808795770   -2.792526803   21.882391099   13.573328452   29.646623352
   -1.618396215   -2.792526803   24.571855758   15.221419008   31.596476659
   -1.427996661   -2.792526803   27.906577257   20.331868815   33.200260441
   -1.237597106   -2.792526803   32.479856286   27.899373769   33.585569873
   -1.047197551   -2.792526803   38.544772388   35.501502659   32.134894204
   -0.856797996   -2.792526803   45.831252046   40.240221228   28.695361122
   -0.666398442   -2.792526803   53.549373072   39.689813999   23.560404074
   -0.475998887   -2.792526803   60.545983552   32.542942458   17.306603064
   -0.285599332   -2.792526803   65.545529636   18.856930427   10.584103279
   -0.095199777   -2.792526803   67.422049695    0.152714197    3.949277978
    0.095199777   -2.792526803   65.492791448  -20.476828646   -2.181360904
    0.285599332   -2.792526803   59.813273223  -38.391640471   -7.494041189
    0.475998887   -2.792526803   51.403479647  -48.270577283  -11.693070534
    0.666398442   -2.792526803   42.227754745  -45.931882160  -14.483968845
    0.856797996   -2.792526803   34.768149215  -30.479902982  -15.633311585
    1.047197551   -2.792526803   31.248531167   -5.525439382  -15.104111442
    1.237597106   -2.792526803   32.814065023   21.557549526  -13.147414002
    1.427996661   -2.792526803   39.057300679   42.308333381  -10.240103101
    1.618396215   -2.792526803   48.122210605   50.482258699   -6.879311003
    1.808795770   -2.792526803   57.352430058   44.112416221   -3.377554535
    1.999195325   -2.792526803   64.144702708   25.584283369    0.223223899
    2.189594880   -2.792526803   66.658089563    0.185912072    4.066740785
    2.379994435   -2.792526803   64.182009514  -25.776472077    8.293586956
    2.570393989   -2.792526803   57.173547349  -46.588609194   12.870129148
    2.760793544   -2.792526803   47.037864572  -58.127151525   17.516241321
    2.951193099   -2.792526803   35.757533985  -58.556434504   21.770026347

   -3.141592654   -2.443460953   34.051951451  -44.125636381   23.066515285
   -2.951193099   -2.443460953   26.967861968  -29.693036566   24.733331423
   -2.760793544   -2.443460953   22.905851166  -13.117214057   25.329447583
   -2.570393989   -2.443460953   21.840312041    1.172528224   25.161908898
   -2.379994435   -2.443460953   23.041217859   10.481238747   24.713485512
   -2.189594880   -2.443460953   25.500509720   14.575853512   24.468689766
   -1.999195325   -2.443460953   28.382096359   15.351927782   24.716693250
   -1.808795770   -2.443460953   31.308201240   15.464445988   25.395687890
   -1.618396215   -2.443460953   34.365555428   16.976539830   26.070932070
   -1.427996661   -2.443460953   37.908154687   20.529925272   26.074183105
   -1.237597106   -2.443460953   42.268046828   25.306816891   24.770680547
   -1.047197551   -2.443460953   47.520011386   29.544352903   21.822289150
   -0.856797996   -2.443460953   53.365173614   31.179995101   17.328751540
   -0.666398442   -2.443460953   59.134748491   28.493949952   11.761191880
   -0.475998887   -2.443460953   63.900316527   20.549064333    5.773610437
   -0.285599332   -2.443460953   66.645455599    7.380613673   -0.010252043
   -0.095199777   -2.443460953   66.469599374   -9.786337900   -5.146546917
    0.095199777   -2.443460953   62.845537472  -28.264871622   -9.395631623
    0.285599332   -2.443460953   55.910354715  -43.759053813  -12.658326415
    0.475998887   -2.443460953   46.714458217  -51.157077624  -14.876272861
    0.666398442   -2.443460953   37.221855261  -46.384196192  -15.983447491
    0.856797996   -2.443460953   29.893223294  -28.687874263  -15.915297121
    1.047197551   -2.443460953   26.895828573   -1.905275736  -14.691696648
    1.237597106   -2.443460953   29.274736298   26.372787465  -12.485575329
    1.427996661   -2.443460953   36.495350214   47.667754958   -9.604967040
    1.618396215   -2.443460953   46.596152230   55.967298879   -6.367234886
    1.808795770   -2.443460953   56.877572247   49.696696948   -2.972802330
    1.999195325   -2.443460953   64.765050163   31.562582871    0.550724281
    2.189594880   -2.443460953   68.483786170    6.904972111    4.289441491
    2.379994435   -2.443460953   67.368163196  -18.229431421    8.305868568
    2.570393989   -2.443460953   61.851597636  -38.567597883   12.516683165
    2.760793544   -2.443460953   53.231534017  -50.384196530   16.646961344
    2.951193099   -2.443460953   43.326784044  -52.013704030   20.294610517

   -3.141592654   -2.094395102   40.390678590  -40.783186099   14.578581420
   -2.951193099   -2.094395102   33.797852042  -27.869264386   15.662385118
   -2.760793544   -2.094395102   29.956561025  -12.554895589   16.153558950
   -2.570393989   -2.094395102   28.918119258    0.997664427   16.221220556
   -2.379994435   -2.094395102   30.063414984   10.163168604   16.065146241
   -2.189594880   -2.094395102   32.483187350   14.517553780   15.819979503
   -1.999195325   -2.094395102   35.380322581   15.526572267   15.483104790
   -1.808795770   -2.094395102   38.321927009   15.325703034   14.887156749
   -1.618396215   -2.094395102   41.250129492   15.592477674   13.753018735
   -1.427996661   -2.094395102   44.332764238   16.953299560   11.802612230
   -1.237597106   -2.094395102   47.755866630   19.019963412    8.899633075
   -1.047197551   -2.094395102   51.562753939   20.768663533    5.139460366
   -0.856797996   -2.094395102   55.570503686   20.869086139    0.851555480
   -0.666398442   -2.094395102   59.337680714   18.013882677   -3.511716059
   -0.475998887   -2.094395102   62.197959016   11.217041844   -7.515176438
   -0.285599332   -2.094395102   63.348956414    0.074057972  -10.854164967
   -0.095199777   -2.094395102   62.001913121  -14.778450624  -13.407675772
    0.095199777   -2.094395102   57.634133267  -31.141251099  -15.213364325
    0.285599332   -2.094395102   50.316994706  -44.961853066  -16.388204513
    0.475998887   -2.094395102   41.017131293  -51.097702463  -17.036663411
    0.666398442   -2.094395102   31.637489597  -45.269306093  -17.186318196
    0.856797996   -2.094395102   24.617916120  -26.542275600  -16.764597268
    1.047197551   -2.094395102   22.127161529    1.278936449  -15.663071373
    1.237597106   -2.094395102   25.203805439   30.488501253  -13.829707817
    1.427996661   -2.094395102   33.279500756   52.485034131  -11.343342330
    1.618396215   -2.094395102   44.343723497   61.226976202   -8.385807065
    1.808795770   -2.094395102   55.655382993   55.236884083   -5.173215515
    1.999195325   -2.094395102   64.623009482   37.365410451   -1.875129405
    2.189594880   -2.094395102   69.475666498   13.005238433    1.412641363
    2.379994435   -2.094395102   69.546905387  -11.895333246    4.631737702
    2.570393989   -2.094395102   65.239471348  -32.270819304    7.703911227
    2.760793544   -2.094395102   57.779465706  -44.590617266   10.495868456
    2.951193099   -2.094395102   48.888640419  -47.248472627   12.837103800

   -3.141592654   -1.745329252   43.452499230  -38.892254641    5.681314085
   -2.951193099   -1.745329252   37.144770512  -26.768440391    6.141919517
   -2.760793544   -1.745329252   33.442976604  -12.177376245    6.417893133
   -2.570393989   -1.745329252   32.415992838    0.757143438    6.511480550
   -2.379994435   -1.745329252   33.460997796    9.344804706    6.351668472
   -2.189594880   -1.745329252   35.662041775   13.001699594    5.788988975
   -1.999195325   -1.745329252   38.181040117   13.009286498    4.637003391
   -1.808795770   -1.745329252   40.517245008   11.428952741    2.743603171
   -1.618396215   -1.745329252   42.550046942   10.070022123    0.073957658
   -1.427996661   -1.745329252   44.431281862    9.914238724   -3.241756862
   -1.237597106   -1.745329252   46.410793377   11.029223262   -6.907568775
   -1.047197551   -1.745329252   48.676642071   12.754614811  -10.522156740
   -0.856797996   -1.745329252   51.239174500   13.870409738  -13.669984936
   -0.666398442   -1.745329252   53.839335310   12.861517289  -16.035440564
   -0.475998887   -1.745329252   55.928842962    8.300519202  -17.474649726
   -0.285599332   -1.745329252   56.730612509   -0.732726094  -18.038282647
   -0.095199777   -1.745329252   55.390699701  -14.010183156  -17.940465269
    0.095199777   -1.745329252   51.261502896  -29.523588816  -17.487238108
    0.285599332   -1.745329252   44.276902917  -43.174555053  -16.975484970
    0.475998887   -1.745329252   35.297548429  -49.555854298  -16.596716638
    0.666398442   -1.745329252   26.183285241  -43.994308217  -16.369065373
    0.856797996   -1.745329252   19.404697658  -25.211444121  -16.110387843
    1.047197551   -1.745329252   17.210339472    3.141765044  -15.521065718
    1.237597106   -1.745329252   20.723791518   33.245117771  -14.318372433
    1.427996661   -1.745329252   29.420095826   56.225137632  -12.390864456
    1.618396215   -1.745329252   41.276490330   65.743639682   -9.842390208
    1.808795770   -1.745329252   53.493913180   60.157750861   -6.948561798
    1.999195325   -1.745329252   63.408045468   42.323328234   -4.039770925
    2.189594880   -1.745329252   69.187241988   17.738019945   -1.386152229
    2.379994435   -1.745329252   70.126274912   -7.537927226    0.856540739
    2.570393989   -1.745329252   66.605821570  -28.380332411    2.642684863
    2.760793544   -1.745329252   59.835002069  -41.262688972    4.000292480
    2.951193099   -1.745329252   51.516110157  -44.591159097    4.989867334

   -3.141592654   -1.396263402   42.259145553  -39.610618802    2.805235212
   -2.951193099   -1.396263402   35.839508644  -27.200912564    2.651924405
   -2.760793544   -1.396263402   32.092091170  -12.239038723    2.373126863
   -2.570393989   -1.396263402   31.076269806    0.878935108    1.917878917
   -2.379994435   -1.396263402   32.126169707    9.171439389    1.124155378
   -2.189594880   -1.396263402   34.213212944   11.857234320   -0.253866970
   -1.999195325   -1.396263402   36.367542991   10.229477061   -2.452474333
   -1.808795770   -1.396263402   37.986541823    6.660276945   -5.559310193
   -1.618396215   -1.396263402   38.932329051    3.508621850   -9.400986342
   -1.427996661   -1.396263402   39.454416569    2.382410764  -13.532607330
   -1.237597106   -1.396263402   40.006747738    3.800836309  -17.347735902
   -1.047197551   -1.396263402   41.033627154    7.183024659  -20.262557501
   -0.856797996   -1.396263402   42.778296169   10.970058160  -21.881942762
   -0.666398442   -1.396263402   45.116080491   13.002851414  -22.098716413
   -0.475998887   -1.396263402   47.498735296   11.119426979  -21.084132009
   -0.285599332   -1.396263402   49.020057626    3.811924451  -19.218140235
   -0.095199777   -1.396263402   48.611129325   -8.995586340  -16.983322573
    0.095199777   -1.396263402   45.382384398  -25.264846493  -14.847726870
    0.285599332   -1.396263402   39.061487490  -40.563400424  -13.155568177
    0.475998887   -1.396263402   30.392690150  -48.900140078  -12.052714033
    0.666398442   -1.396263402   21.244214682  -44.886894952  -11.465777413
    0.856797996   -1.396263402   14.225265431  -26.650086891  -11.125762926
    1.047197551   -1.396263402   11.804422157    2.395491631  -10.685406201
    1.237597106   -1.396263402   15.323655010   34.150051094   -9.840729881
    1.427996661   -1.396263402   24.381283516   59.087856065   -8.460347348
    1.618396215   -1.396263402   36.940693372   70.129310964   -6.607125436
    1.808795770   -1.396263402   50.067280348   65.137017471   -4.493994722
    1.999195325   -1.396263402   60.905158454   46.885723202   -2.390557865
    2.189594880   -1.396263402   67.452185208   21.147858542   -0.531424562
    2.379994435   -1.396263402   68.904432563   -5.573155446    0.933904235
    2.570393989   -1.396263402   65.628193785  -27.730966632    1.950749091
    2.760793544   -1.396263402   58.885491554  -41.538034768    2.546635214
    2.951193099   -1.396263402   50.464901361  -45.304091364    2.798767675

   -3.141592654   -1.047197551   39.943101265  -41.304413323    3.544731575
   -2.951193099   -1.047197551   33.237826260  -28.496962348    2.161169658
   -2.760793544   -1.047197551   29.279577844  -13.197655870    0.546942888
   -2.570393989   -1.047197551   28.085088312   -0.132273261   -1.216464762
   -2.379994435   -1.047197551   28.888263249    7.473042488   -3.183805176
   -2.189594880   -1.047197551   30.532280902    8.803006859   -5.550466902
   -1.999195325   -1.047197551   31.941930652    5.440398970   -8.539525022
   -1.808795770   -1.047197551   32.494618990    0.342512931  -12.207107447
   -1.618396215   -1.047197551   32.156922219   -3.457827557  -16.287944181
   -1.427996661   -1.047197551   31.396104842   -3.886595673  -20.199106315
   -1.237597106   -1.047197551   30.932411679   -0.398271519  -23.221153381
   -1.047197551   -1.047197551   31.435377520    5.980780713  -24.761954975
   -0.856797996   -1.047197551   33.260195641   12.979974876  -24.560807804
   -0.666398442   -1.047197551   36.251720260   17.718894365  -22.756971736
   -0.475998887   -1.047197551   39.711089772   17.512339051  -19.808973366
   -0.285599332   -1.047197551   42.509644876   10.618948831  -16.344294400
   -0.095199777   -1.047197551   43.340331092   -2.965659944  -12.978737687
    0.095199777   -1.047197551   41.113076499  -20.884819193  -10.160622867
    0.285599332   -1.047197551   35.433775431  -38.220764087   -8.078219697
    0.475998887   -1.047197551   27.026506278  -48.430854172   -6.663674684
    0.666398442   -1.047197551   17.839078889  -45.631156082   -5.686619489
    0.856797996   -1.047197551   10.637128979  -27.682017404   -4.863637819
    1.047197551   -1.047197551    8.066914470    1.979542339   -3.980831168
    1.237597106   -1.047197551   11.615260865   34.914076379   -2.922095089
    1.427996661   -1.047197551   20.941842444   61.106009323   -1.682209610
    1.618396215   -1.047197551   33.976828830   72.999646988   -0.315837683
    1.808795770   -1.047197551   47.678284986   68.172766303    1.094525081
    1.999195325   -1.047197551   59.053097061   49.378104016    2.453338877
    2.189594880   -1.047197551   65.980395191   22.588407158    3.651905430
    2.379994435   -1.047197551   67.589378007   -5.372406426    4.567577316
    2.570393989   -1.047197551   64.242399227  -28.626232616    5.076121454
    2.760793544   -1.047197551   57.253059206  -43.156478782    5.084536683
    2.951193099   -1.047197551   48.493209223  -47.168744690    4.558352317

   -3.141592654   -0.698131701   39.600021031  -45.289349115    3.343436516
   -2.951193099   -0.698131701   32.098931377  -32.797498965    1.182848342
   -2.760793544   -0.698131701   27.322908321  -17.442189480   -1.229901214
   -2.570393989   -0.698131701   25.335295410   -4.231956587   -3.759626535
   -2.379994435   -0.698131701   25.352770931    3.251927854   -6.403444948
   -2.189594880   -0.698131701   26.145713474    4.010990425   -9.300661121
   -1.999195325   -0.698131701   26.564784595   -0.175179484  -12.605196961
   -1.808795770   -0.698131701   25.989102573   -5.781782125  -16.265109546
   -1.618396215   -0.698131701   24.509097345   -9.124082656  -19.874158864
   -1.427996661   -0.698131701   22.816850472   -7.782184033  -22.732903167
   -1.237597106   -0.698131701   21.872197408   -1.409698936  -24.120852016
   -1.047197551   -0.698131701   22.498051214    8.290035035  -23.619617736
   -0.856797996   -0.698131701   25.053562431   18.210642958  -21.302276358
   -0.666398442   -0.698131701   29.237540208   24.791580184  -17.693398302
   -0.475998887   -0.698131701   34.107303362   25.007899135  -13.552617849
   -0.285599332   -0.698131701   38.263898805   17.181831115   -9.612912444
   -0.095199777   -0.698131701   40.177357493    1.733169268   -6.352232590
    0.095199777   -0.698131701   38.639829329  -18.327731242   -3.876779715
    0.285599332   -0.698131701   33.270173264  -37.410180478   -1.955249240
    0.475998887   -0.698131701   24.917824623  -48.512041434   -0.203697228
    0.666398442   -0.698131701   15.708471758  -45.641972638    1.663881545
    0.856797996   -0.698131701    8.571209871  -26.931891071    3.675042234
    1.047197551   -0.698131701    6.241103944    3.744508532    5.588606585
    1.237597106   -0.698131701   10.211407172   37.514625841    7.086560676
    1.427996661   -0.698131701   20.081760715   64.132586932    7.964496876
    1.618396215   -0.698131701   33.699119442   76.018280965    8.247415003
    1.808795770   -0.698131701   47.947077667   70.844119982    8.144382863
    1.999195325   -0.698131701   59.777844082   51.460814438    7.903820597
    2.189594880   -0.698131701   67.029171749   23.878056259    7.672604209
    2.379994435   -0.698131701   68.791734774   -5.083343390    7.435939903
    2.570393989   -0.698131701   65.390332136  -29.508234698    7.045305979
    2.760793544   -0.698131701   58.114939059  -45.276391081    6.309512761
    2.951193099   -0.698131701   48.842745296  -50.388496385    5.084231100

   -3.141592654   -0.349065850   40.289673938  -49.852948447    2.754511637
   -2.951193099   -0.349065850   31.863963485  -37.864631025   -0.133346383
   -2.760793544   -0.349065850   26.107425970  -22.608775743   -3.213030703
   -2.570393989   -0.349065850   23.144837154   -9.296025564   -6.275897148
   -2.379994435   -0.349065850   22.200214119   -1.831667440   -9.254070475
   -2.189594880   -0.349065850   21.999159319   -1.391823128  -12.233402574
   -1.999195325   -0.349065850   21.348638058   -5.976430978  -15.306126416
   -1.808795770   -0.349065850   19.666648713  -11.448701443  -18.337380806
   -1.618396215   -0.349065850   17.210265354  -13.474010691  -20.839482098
   -1.427996661   -0.349065850   14.927314384   -9.420285600  -22.096944206
   -1.237597106   -0.349065850   14.007516406    0.571733969  -21.514082193
   -1.047197551   -0.349065850   15.355923113   13.789100622  -18.961313022
   -0.856797996   -0.349065850   19.209945721   26.090278528  -14.907113602
   -0.666398442   -0.349065850   24.984521622   33.313127182  -10.234809154
   -0.475998887   -0.349065850   31.399718666   32.468440499   -5.885328544
   -0.285599332   -0.349065850   36.783309991   22.493988155   -2.509386901
   -0.095199777   -0.349065850   39.484592785    4.746870693   -0.251057088
    0.095199777   -0.349065850   38.356460210  -16.857343325    1.253674877
    0.285599332   -0.349065850   33.218816181  -36.223550139    2.672003609
    0.475998887   -0.349065850   25.160551770  -46.473393267    4.618951133
    0.666398442   -0.349065850   16.464446111  -42.299072633    7.317616824
    0.856797996   -0.349065850   10.061515440  -22.720720348   10.462319673
    1.047197551   -0.349065850    8.539907168    7.831393843   13.358262221
    1.237597106   -0.349065850   13.195845041   40.491291319   15.308736857
    1.427996661   -0.349065850   23.485055423   65.530265115   15.948073347
    1.618396215   -0.349065850   37.227928437   76.011446334   15.380949256
    1.808795770   -0.349065850   51.384759480   70.002269860   14.057070086
    1.999195325   -0.349065850   63.021572880   50.342260399   12.501740496
    2.189594880   -0.349065850   70.055999783   22.731382249   11.067199913
    2.379994435   -0.349065850   71.590068620   -6.384494441    9.826395130
    2.570393989   -0.349065850   67.899045780  -31.316629141    8.611519710
    2.760793544   -0.349065850   60.201556384  -47.953348339    7.151545889
    2.951193099   -0.349065850   50.323195885  -54.077958726    5.220429456

   -3.141592654    0.000000000   41.015060750  -54.765498910    1.041929871
   -2.951193099    0.000000000   31.604417496  -43.213912267   -1.648661681
   -2.760793544    0.000000000   24.819363148  -27.991124228   -4.323587402
   -2.570393989    0.000000000   20.850719377  -14.455491689   -6.857887293
   -2.379994435    0.000000000   18.945833183   -6.774198718   -9.253969782
   -2.189594880    0.000000000   17.813740245   -6.237605778  -11.613054085
   -1.999195325    0.000000000   16.256149002  -10.592199535  -13.971567113
   -1.808795770    0.000000000   13.767234247  -15.140240399  -16.101979041
   -1.618396215    0.000000000   10.786786759  -15.071443315  -17.460031553
   -1.427996661    0.000000000    8.490310070   -7.823605895  -17.385837096
   -1.237597106    0.000000000    8.212521433    5.685053674  -15.481304669
   -1.047197551    0.000000000   10.812242886   21.584540030  -11.911391789
   -0.856797996    0.000000000   16.270985553   34.812895994   -7.426360304
   -0.666398442    0.000000000   23.635285924   40.986112500   -3.042724288
   -0.475998887    0.000000000   31.292064717   37.675557660    0.394866987
   -0.285599332    0.000000000   37.397095444   24.903058451    2.556540170
   -0.095199777    0.000000000   40.348551927    5.178981886    3.743854284
    0.095199777    0.000000000   39.239142272  -16.795093192    4.727294128
    0.285599332    0.000000000   34.215593840  -34.845429741    6.389415259
    0.475998887    0.000000000   26.632692623  -42.794129772    9.280020001
    0.666398442    0.000000000   18.850208685  -36.531890026   13.301471105
    0.856797996    0.000000000   13.646064736  -16.206330095   17.687396344
    1.047197551    0.000000000   13.294643244   13.310163856   21.322637718
    1.237597106    0.000000000   18.778269066   43.547490072   23.274855610
    1.427996661    0.000000000   29.376991634   65.750293890   23.186344466
    1.618396215    0.000000000   42.930906943   73.967948767   21.355966207
    1.808795770    0.000000000   56.568180621   66.786653664   18.503605041
    1.999195325    0.000000000   67.563795821   46.963702693   15.396810945
    2.189594880    0.000000000   73.985239318   19.712617688   12.550116859
    2.379994435    0.000000000   74.979817390   -9.080133578   10.120875643
    2.570393989    0.000000000   70.776077735  -34.092071306    7.978281494
    2.760793544    0.000000000   62.504311279  -51.283938054    5.868559217
    2.951193099    0.000000000   51.915333805  -58.225196559    3.577193833

   -3.141592654    0.349065850   42.454615985  -58.310698733    0.108547222
   -2.951193099    0.349065850   32.329805330  -47.119348698   -1.638691412
   -2.760793544    0.349065850   24.781160420  -32.058627257   -3.218734900
   -2.570393989    0.349065850   20.035012526  -18.532806493   -4.642318794
   -2.379994435    0.349065850   17.355724416  -10.825600131   -6.002505782
   -2.189594880    0.349065850   15.456797184  -10.213123773   -7.416285299
   -1.999195325    0.349065850   13.172383641  -14.155070151   -8.882622915
   -1.808795770    0.349065850   10.102919341  -17.510534019  -10.152757563
   -1.618396215    0.349065850    6.866260800  -15.224528491  -10.745243517
   -1.427996661    0.349065850    4.813857375   -5.046393246  -10.161197245
   -1.237597106    0.349065850    5.338077939   11.215513320   -8.202535376
   -1.047197551    0.349065850    9.162605316   28.636283117   -5.170123617
   -0.856797996    0.349065850   15.964199419   41.550818589   -1.793571528
   -0.666398442    0.349065850   24.446283505   45.780133486    1.125612708
   -0.475998887    0.349065850   32.766283088   39.829787797    3.104981617
   -0.285599332    0.349065850   39.064607788   24.965310972    4.214071880
   -0.095199777    0.349065850   41.948024510    4.714090482    5.050297298
    0.095199777    0.349065850   40.856003300  -15.832382168    6.460177498
    0.285599332    0.349065850   36.278326829  -30.960057848    9.148892715
    0.475998887    0.349065850   29.749998444  -35.679161024   13.298288070
    0.666398442    0.349065850   23.547874977  -27.361844569   18.392705746
    0.856797996    0.349065850   20.111694929   -7.246591266   23.339448196
    1.047197551    0.349065850   21.253017068   19.671615264   26.887846857
    1.237597106    0.349065850   27.568930278   45.794945678   28.161009932
    1.427996661    0.349065850   38.183393059   63.778031609   26.988306005
    1.618396215    0.349065850   51.043778308   68.924856749   23.890960450
    1.808795770    0.349065850   63.564323328   60.398744117   19.776103172
    1.999195325    0.349065850   73.342201818   40.776131855   15.535625581
    2.189594880    0.349065850   78.680577029   14.606668286   11.756777973
    2.379994435    0.349065850   78.822257001  -12.968673119    8.644265167
    2.570393989    0.349065850   73.965277210  -37.163201610    6.112647631
    2.760793544    0.349065850   65.139313051  -54.135922443    3.952337886
    2.951193099    0.349065850   53.988257234  -61.327242062    1.976986522

   -3.141592654    0.698131701   43.764216276  -60.725494182   -1.148650925
   -2.951193099    0.698131701   33.167347989  -49.628427748   -1.669822855
   -2.760793544    0.698131701   25.138479199  -34.560647851   -1.931199753
   -2.570393989    0.698131701   19.923582980  -20.935944841   -2.083408401
   -2.379994435    0.698131701   16.797806874  -13.107569738   -2.291256538
   -2.189594880    0.698131701   14.476845933  -12.345206827   -2.674879067
   -1.999195325    0.698131701   11.813953455  -15.941877219   -3.228595881
   -1.808795770    0.698131701    8.470310599  -18.512552732   -3.779990725
   -1.618396215    0.698131701    5.160461717  -14.912784471   -4.038443774
   -1.427996661    0.698131701    3.317133424   -3.161201933   -3.739700740
   -1.237597106    0.698131701    4.329188908   14.345203695   -2.813304157
   -1.047197551    0.698131701    8.799783248   32.102464507   -1.450320463
   -0.856797996    0.698131701   16.207091341   44.289626035   -0.011452471
   -0.666398442    0.698131701   25.085111498   47.161120231    1.213873679
   -0.475998887    0.698131701   33.549013789   40.068935437    2.206837986
   -0.285599332    0.698131701   39.864511280   25.138214362    3.280412699
   -0.095199777    0.698131701   42.894463513    6.335391500    4.970230554
    0.095199777    0.698131701   42.358785685  -11.440639926    7.777820915
    0.285599332    0.698131701   38.927953415  -23.327734859   11.902175764
    0.475998887    0.698131701   34.110766496  -25.571797093   17.032433074
    0.666398442    0.698131701   29.922194392  -16.714734442   22.345194795
    0.856797996    0.698131701   28.369158717    1.468443249   26.712372721
    1.047197551    0.698131701   30.815373278   24.398884389   29.104229085
    1.237597106    0.698131701   37.571390518   45.677492323   28.987757041
    1.427996661    0.698131701   47.736551393   59.384738742   26.511028777
    1.618396215    0.698131701   59.476041921   61.862283294   22.380100567
    1.808795770    0.698131701   70.549238997   52.559399579   17.534640454
    1.999195325    0.698131701   78.884395599   33.654133658   12.804404955
    2.189594880    0.698131701   83.001067258    8.955371535    8.705037307
    2.379994435    0.698131701   82.215676057  -17.098736011    5.421305845
    2.570393989    0.698131701   76.687263755  -40.177674750    2.915169603
    2.760793544    0.698131701   67.349630835  -56.584571300    1.060488918
    2.951193099    0.698131701   55.748788396  -63.650305392   -0.265066105

   -3.141592654    1.047197551   41.958557177  -61.325359496   -4.692296482
   -2.951193099    1.047197551   31.346133811  -49.209101650   -3.810438435
   -2.760793544    1.047197551   23.469957075  -33.431137953   -2.599327107
   -2.570393989    1.047197551   18.503622479  -19.524292452   -1.384551469
   -2.379994435    1.047197551   15.639403981  -11.830582715   -0.406879873
   -2.189594880    1.047197551   13.525266537  -11.473257637    0.224632869
   -1.999195325    1.047197551   10.984356948  -15.519324270    0.522124110
   -1.808795770    1.047197551    7.689596062  -18.386229754    0.563512340
   -1.618396215    1.047197551    4.393755654  -14.862356938    0.435136830
   -1.427996661    1.047197551    2.564707618   -3.058559112    0.201866760
   -1.237597106    1.047197551    3.599267072   14.453055051   -0.086259510
   -1.047197551    1.047197551    8.080658825   32.074063996   -0.360019744
   -0.856797996    1.047197551   15.466713530   44.112985986   -0.491780815
   -0.666398442    1.047197551   24.319554748   47.160768008   -0.249700517
   -0.475998887    1.047197551   32.854236535   40.949704573    0.682754967
   -0.285599332    1.047197551   39.492778188   27.797716280    2.635075243
   -0.095199777    1.047197551   43.257807589   11.476377561    5.837816842
    0.095199777    1.047197551   43.952986577   -3.696987580   10.277945677
    0.285599332    1.047197551   42.194103800  -13.708699386   15.599253568
    0.475998887    1.047197551   39.269494696  -15.616250698   21.076120486
    0.666398442    1.047197551   36.850490926   -8.419957113   25.744095198
    0.856797996    1.047197551   36.570853446    6.300499699   28.637900996
    1.047197551    1.047197551   39.522262238   24.803016194   29.122412384
    1.237597106    1.047197551   45.939972183   41.852131418   27.115360109
    1.427996661    1.047197551   55.061748697   52.506006750   23.110999038
    1.618396215    1.047197551   65.328764718   53.541832212   17.951733389
    1.808795770    1.047197551   74.798254654   44.231243696   12.512721881
    1.999195325    1.047197551   81.622483358   26.207547985    7.452603164
    2.189594880    1.047197551   84.434751981    2.715691448    3.136324629
    2.379994435    1.047197551   82.577016380  -22.141470657   -0.292534024
    2.570393989    1.047197551   76.194448314  -44.118025241   -2.789278573
    2.760793544    1.047197551   66.208190130  -59.448362008   -4.334469211
    2.951193099    1.047197551   54.166943586  -65.392153319   -4.937890333

   -3.141592654    1.396263402   37.381933967  -60.123105487  -10.317218167
   -2.951193099    1.396263402   27.161166399  -46.384674695   -9.045264291
   -2.760793544    1.396263402   19.921247533  -29.700400681   -7.265385079
   -2.570393989    1.396263402   15.690225584  -15.645165471   -5.312737828
   -2.379994435    1.396263402   13.530636859   -8.383491960   -3.430255289
   -2.189594880    1.396263402   12.003549500   -8.790236496   -1.729787818
   -1.999195325    1.396263402    9.887249272  -13.762167932   -0.248987881
   -1.808795770    1.396263402    6.830625165  -17.661175132    0.950696342
   -1.618396215    1.396263402    3.569576563  -15.232823486    1.738192556
   -1.427996661    1.396263402    1.571081602   -4.443683881    1.976940321
   -1.237597106    1.396263402    2.272534911   12.417670078    1.661074101
   -1.047197551    1.396263402    6.358682789   30.083000110    1.017509416
   -0.856797996    1.396263402   13.443081744   43.094944231    0.491229955
   -0.666398442    1.396263402   22.270788197   48.057813490    0.627669439
   -0.475998887    1.396263402   31.217236178   44.455460844    1.887816095
   -0.285599332    1.396263402   38.793457471   34.128371209    4.495184276
   -0.095199777    1.396263402   44.004058557   20.201659035    8.353575509
    0.095199777    1.396263402   46.506581136    6.328503210   13.026042722
    0.285599332    1.396263402   46.655700513   -3.995380720   17.791310870
    0.475998887    1.396263402   45.408211448   -7.991233338   21.777969456
    0.666398442    1.396263402   44.119476228   -4.362292691   24.184289917
    0.856797996    1.396263402   44.208945891    6.090542053   24.488040877
    1.047197551    1.396263402   46.729510169   20.610929342   22.627652797
    1.237597106    1.396263402   52.054685703   34.801072046   18.996139541
    1.427996661    1.396263402   59.677761584   44.052726495   14.299585637
    1.618396215    1.396263402   68.304862641   44.931468292    9.280743832
    1.808795770    1.396263402   76.181298862   36.173248901    4.498213225
    1.999195325    1.396263402   81.543050160   18.908408234    0.238454442
    2.189594880    1.396263402   83.036935107   -3.833379532   -3.416073040
    2.379994435    1.396263402   80.009452340  -27.841339675   -6.443482871
    2.570393989    1.396263402   72.646839307  -48.633998113   -8.770601649
    2.760793544    1.396263402   61.950403226  -62.302272855  -10.258157792
    2.951193099    1.396263402   49.553250307  -66.225731435  -10.776672218

   -3.141592654    1.745329252   31.323252287  -58.482758710  -16.469702363
   -2.951193099    1.745329252   21.585332101  -43.050528808  -15.405128586
   -2.760793544    1.745329252   15.085334294  -25.395007156  -13.526975880
   -2.570393989    1.745329252   11.707075684  -11.104475905  -11.106926356
   -2.379994435    1.745329252   10.390751859   -4.133828127   -8.375068869
   -2.189594880    1.745329252    9.620218871   -5.134195782   -5.466913802
   -1.999195325    1.745329252    8.125850501  -10.931319211   -2.481398871
   -1.808795770    1.745329252    5.506461493  -15.962569086    0.407944270
   -1.618396215    1.745329252    2.436393656  -14.972184852    2.906166574
   -1.427996661    1.745329252    0.345852844   -5.642857729    4.695223745
   -1.237597106    1.745329252    0.719833838   10.308110285    5.630535148
   -1.047197551    1.745329252    4.405879258   28.199815656    5.885962686
   -0.856797996    1.745329252   11.263977968   42.820905776    5.928869146
   -0.666398442    1.745329252   20.285888098   50.506852112    6.336227196
   -0.475998887    1.745329252   29.998345967   50.047226453    7.545592536
   -0.285599332    1.745329252   38.909798896   42.415554450    9.675270513
   -0.095199777    1.745329252   45.861725902   29.948928981   12.464912897
    0.095199777    1.745329252   50.222775328   15.786463369   15.330930635
    0.285599332    1.745329252   51.997720569    3.323991706   17.516267836
    0.475998887    1.745329252   51.817410958   -4.285528766   18.322651400
    0.666398442    1.745329252   50.826667953   -4.966056518   17.361659179
    0.856797996    1.745329252   50.406965428    1.490817861   14.689349790
    1.047197551    1.745329252   51.759507006   13.181154148   10.807781222
    1.237597106    1.745329252   55.526366802   26.122224411    6.439905385
    1.427996661    1.745329252   61.492551083   35.509428265    2.267310103
    1.618396215    1.745329252   68.573415969   37.297315610   -1.321172527
    1.808795770    1.745329252   75.095338917   29.545810606   -4.293525449
    1.999195325    1.745329252   79.268168403   12.987139487   -6.864168045
    2.189594880    1.745329252   79.677008025   -9.329436129   -9.285782966
    2.379994435    1.745329252   75.644092648  -32.854798708  -11.659760298
    2.570393989    1.745329252   67.405105547  -52.718398838  -13.861485197
    2.760793544    1.745329252   56.069043050  -64.818890071  -15.595214366
    2.951193099    1.745329252   43.381393664  -66.698174439  -16.532693416

   -3.141592654    2.094395102   24.397766602  -58.069785051  -18.538050781
   -2.951193099    2.094395102   14.917464308  -40.801598535  -17.532294535
   -2.760793544    2.094395102    8.994420339  -21.669898033  -15.623634014
   -2.570393989    2.094395102    6.428262865   -6.384781194  -13.018305450
   -2.379994435    2.094395102    6.073359746    1.188953640   -9.910159387
   -2.189594880    2.094395102    6.352301976    0.523031796   -6.412140062
   -1.999195325    2.094395102    5.945748931   -5.225364928   -2.606538261
   -1.808795770    2.094395102    4.383058403  -10.667744296    1.330207175
   -1.618396215    2.094395102    2.236855969  -10.663400534    5.053934188
   -1.427996661    2.094395102    0.838580771   -2.719635848    8.137878726
   -1.237597106    2.094395102    1.641797801   11.951904127   10.284276767
   -1.047197551    2.094395102    5.570449359   29.243898003   11.505317297
   -0.856797996    2.094395102   12.646877869   44.222273517   12.129866690
   -0.666398442    2.094395102   22.033821133   53.021955496   12.621241479
   -0.475998887    2.094395102   32.350849455   53.845663111   13.324236583
   -0.285599332    2.094395102   42.069909156   46.948118132   14.289204499
   -0.095199777    2.094395102   49.867063339   34.071699601   15.226329905
    0.095199777    2.094395102   54.861948521   18.081204263   15.603225974
    0.285599332    2.094395102   56.800926405    2.587005706   14.834211323
    0.475998887    2.094395102   56.143939869   -8.555030513   12.542056300
    0.666398442    2.094395102   54.034277913  -12.277070732    8.774352541
    0.856797996    2.094395102   52.038475982   -7.447994046    4.043778578
    1.047197551    2.094395102   51.677079132    4.409724903   -0.819660794
    1.237597106    2.094395102   53.915103990   19.025043002   -5.015117764
    1.427996661    2.094395102   58.748788847   30.734342923   -8.058577980
    1.618396215    2.094395102   65.122341596   34.522289619   -9.945034657
    1.808795770    2.094395102   71.231659043   27.802642501  -11.063827206
    1.999195325    2.094395102   75.083479972   11.204388736  -11.958439361
    2.189594880    2.094395102   75.090177399  -11.826062733  -13.060891280
    2.379994435    2.094395102   70.504723467  -36.105277753  -14.519298959
    2.570393989    2.094395102   61.613347587  -56.186266337  -16.173260989
    2.760793544    2.094395102   49.661852614  -67.657589511  -17.654008791
    2.951193099    2.094395102   36.556639601  -68.133719354  -18.543652634

   -3.141592654    2.443460953   18.168214729  -57.804101722  -12.863782980
   -2.951193099    2.443460953    8.885584894  -39.011939499  -11.499409279
   -2.760793544    2.443460953    3.438321619  -18.515098498   -9.465822777
   -2.570393989    2.443460953    1.582624168   -2.128339882   -6.909153134
   -2.379994435    2.443460953    2.127582650    6.360112924   -3.940573329
   -2.189594880    2.443460953    3.472279098    6.533363465   -0.567982315
   -1.999195325    2.443460953    4.282484928    1.505069484    3.243467351
   -1.808795770    2.443460953    4.043560550   -3.588376175    7.417167445
   -1.618396215    2.443460953    3.229008994   -3.883584379   11.645110995
   -1.427996661    2.443460953    3.037093443    3.067206260   15.434023244
   -1.237597106    2.443460953    4.814037497   16.360935877   18.308584225
   -1.047197551    2.443460953    9.456222038   32.378420408   20.029749937
   -0.856797996    2.443460953   17.041800988   46.514336678   20.667783413
   -0.666398442    2.443460953   26.819728085   54.875994878   20.478750913
   -0.475998887    2.443460953   37.455962291   55.308001882   19.699113746
   -0.285599332    2.443460953   47.384932903   47.574322226   18.393258177
   -0.095199777    2.443460953   55.158595714   33.050586066   16.410611497
    0.095199777    2.443460953   59.732239751   14.546802278   13.481223423
    0.285599332    2.443460953   60.718319791   -3.914447559    9.390413750
    0.475998887    2.443460953   58.560309181  -17.684549241    4.199779985
    0.666398442    2.443460953   54.553449897  -22.799902865   -1.621477335
    0.856797996    2.443460953   50.562904772  -17.540741614   -7.260528783
    1.047197551    2.443460953   48.462062234   -3.523350417  -11.813252099
    1.237597106    2.443460953   49.482671445   14.253653883  -14.661180808
    1.427996661    2.443460953   53.710628381   29.047413788  -15.696676380
    1.618396215    2.443460953   59.982118992   34.926160742  -15.335645937
    1.808795770    2.443460953   66.256494520   28.906247480  -14.291972108
    1.999195325    2.443460953   70.284427640   11.794781138  -13.267377288
    2.189594880    2.443460953   70.297849911  -12.387371442  -12.708877419
    2.379994435    2.443460953   65.492105552  -37.792191692  -12.716267003
    2.570393989    2.443460953   56.211749688  -58.457628130  -13.092713345
    2.760793544    2.443460953   43.833833042  -69.724165107  -13.477184814
    2.951193099    2.443460953   30.413875693  -69.270788410  -13.490312932

   -3.141592654    2.792526803   15.130306447  -56.483437021    1.217208979
   -2.951193099    2.792526803    6.179059449  -36.865564631    3.315266094
   -2.760793544    2.792526803    1.219041854  -15.563243961    5.291146985
   -2.570393989    2.792526803    0.000000000    1.601631843    7.087598747
   -2.379994435    2.792526803    1.335128813   10.951661721    8.821254684
   -2.189594880    2.792526803    3.650870573   12.167755842   10.780455561
   -1.999195325    2.792526803    5.641908813    8.259965841   13.282034380
   -1.808795770    2.792526803    6.777224596    3.999846743   16.448894484
   -1.618396215    2.792526803    7.431666548    3.802671117   20.045866538
   -1.427996661    2.792526803    8.634820370    9.869993517   23.510307089
   -1.237597106    2.792526803   11.553785672   21.442193454   26.171792407
   -1.047197551    2.792526803   16.963485873   35.332904711   27.525527478
   -0.856797996    2.792526803   24.907355391   47.346902026   27.389176553
   -0.666398442    2.792526803   34.656570077   53.765671467   25.857528766
   -0.475998887    2.792526803   44.904997574   52.343183305   23.150889817
   -0.285599332    2.792526803   54.084924620   42.637072327   19.475639270
   -0.095199777    2.792526803   60.713142865   25.928437852   14.953504243
    0.095199777    2.792526803   63.715744819    5.185633927    9.671788603
    0.285599332    2.792526803   62.735419898  -15.086900491    3.790931102
    0.475998887    2.792526803   58.358097904  -29.588181691   -2.319954031
    0.666398442    2.792526803   52.140407784  -33.820951530   -8.050144477
    0.856797996    2.792526803   46.270697977  -25.987613205  -12.664739463
    1.047197551    2.792526803   42.901950192   -8.273712786  -15.551805162
    1.237597106    2.792526803   43.388771156   13.336948497  -16.494369686
    1.427996661    2.792526803   47.744272166   31.102996984  -15.748365501
    1.618396215    2.792526803   54.576763610   38.518623114  -13.915290679
    1.808795770    2.792526803   61.565326807   32.618189924  -11.670303278
    1.999195325    2.792526803   66.230438124   14.675139754   -9.511868304
    2.189594880    2.792526803   66.681591127  -10.670372888   -7.644820568
    2.379994435    2.792526803   62.101719223  -37.068159594   -6.017592869
    2.570393989    2.792526803   52.898959689  -58.276241531   -4.446511911
    2.760793544    2.792526803   40.546439950  -69.554708925   -2.752951502
    2.951193099    2.792526803   27.194744301  -68.670706945   -0.850676422
