#! FIELDS phi psi file.free der_phi der_psi
#! SET min_phi -pi
#! SET max_phi pi
#! SET nbins_phi  33
#! SET periodic_phi true
#! SET min_psi -pi
#! SET max_psi pi
#! SET nbins_psi  18
#! SET periodic_psi true
   -3.141592654   -3.141592654   18.421402859  -54.103576191   16.310871192
   -2.951193099   -3.141592654    9.846837052  -35.268970515   18.699801605
   -2.760793544   -3.141592654    5.135575811  -14.485209064   20.266575698
   -2.570393989   -3.141592654    4.103364537    2.571088423   21.135917523
   -2.379994435   -3.141592654    5.655404874   12.363383526   21.690044048
   -2.189594880   -3.141592654    8.330017863   14.622822407   22.461787892
   -1.999195325   -3.141592654   10.923074466   12.170369575   23.908505445
   -1.808795770   -3.141592654   12.940020412    9.290289986   26.159142941
   -1.618396215   -3.141592654   14.679795249    9.753115446   28.872920320
   -1.427996661   -3.141592654   16.981735161   15.243580299   31.324848207
   -1.237597106   -3.141592654   20.759161644   24.883670745   32.688275341
   -1.047197551   -3.141592654   26.552205312   35.800804753   32.367495293
   -0.856797996   -3.141592654   34.256085700   44.332334958   30.199487299
   -0.666398442   -3.141592654   43.097760798   47.297709523   26.418863112
   -0.475998887   -3.141592654   51.818780252   42.885236382   21.485682269
   -0.285599332   -3.141592654   58.971375058   30.961822074   15.884197694
   -0.095199777   -3.141592654   63.243355493   13.053811559    9.982729740
    0.095199777   -3.141592654   63.774077402   -7.683480374    4.029237386
    0.285599332   -3.141592654   60.448463993  -26.618402152   -1.768384047
    0.475998887   -3.141592654   54.106724017  -38.481230811   -7.108159634
    0.666398442   -3.141592654   46.530263193  -39.065154104  -11.546360680
    0.856797996   -3.141592654   40.045368512  -27.184488927  -14.575127904
    1.047197551   -3.141592654   36.803040387   -5.876277887  -15.824858821
    1.237597106   -3.141592654   37.997825708   18.155649163  -15.271708522
    1.427996661   -3.141592654   43.385219498   36.910106236  -13.268532973
    1.618396215   -3.141592654   51.322445467   44.198093385  -10.385600713
    1.808795770   -3.141592654   59.336874756   37.707652613   -7.157923458
    1.999195325   -3.141592654   64.920689189   19.295106804   -3.896419889
    2.189594880   -3.141592654   66.233053933   -6.189769431   -0.653838177
    2.379994435   -3.141592654   62.508182302  -32.560327568    2.665656884
    2.570393989   -3.141592654   54.157755410  -53.875502430    6.145844767
    2.760793544   -3.141592654   42.608659477  -65.579358149    9.736524588
    2.951193099   -3.141592654   29.948879365  -65.427239386   13.228514570

   -3.141592654   -2.792526803   25.664782982  -49.559764009   24.349655511
   -2.951193099   -2.792526803   17.775296892  -32.649637984   26.589496670
   -2.760793544   -2.792526803   13.388016883  -13.635594441   27.579825227
   -2.570393989   -2.792526803   12.399553759    2.329189239   27.599518026
   -2.379994435   -2.792526803   13.883017207   12.072961408   27.205717713
   -2.189594880   -2.792526803   16.584731511   15.356482541   27.049848896
   -1.999195325   -2.792526803   19.472867963   14.591392671   27.618278449
   -1.808795770   -2.792526803   22.109962676   13.291297745   28.994443978
   -1.618396215   -2.792526803   24.691337044   14.374268454   30.766752995
   -1.427996661   -2.792526803   27.812163493   18.954878625   32.154278458
   -1.237597106   -2.792526803   32.082645020   26.130718523   32.310038351
   -1.047197551   -2.792526803   37.788882135   33.547231225   30.656750993
   -0.856797996   -2.792526803   44.703427682   38.331304841   27.091944505
   -0.666398442   -2.792526803   52.080115601   38.051891463   21.958975521
   -0.475998887   -2.792526803   58.806675441   31.380016536   15.866512519
   -0.285599332   -2.792526803   63.643342925   18.337987509    9.460452109
   -0.095199777   -2.792526803   65.490760321    0.382503715    3.246136335
    0.095199777   -2.792526803   63.677044226  -19.496255182   -2.452464318
    0.285599332   -2.792526803   58.246511016  -36.781400967   -7.431640139
    0.475998887   -2.792526803   50.185128731  -46.258356963  -11.486255764
    0.666398442   -2.792526803   41.407947407  -43.801311070  -14.355914846
    0.856797996   -2.792526803   34.342797709  -28.502191562  -15.767561133
    1.047197551   -2.792526803   31.166550583   -3.920940240  -15.582276103
    1.237597106   -2.792526803   32.990811651   22.663407137  -13.929258753
    1.427996661   -2.792526803   39.395778026   42.917450017  -11.195173713
    1.618396215   -2.792526803   48.538709181   50.729628003   -7.855073434
    1.808795770   -2.792526803   57.798298217   44.213548248   -4.269360022
    1.999195325   -2.792526803   64.611323633   25.726825927   -0.562701753
    2.189594880   -2.792526803   67.160651944    0.416134254    3.339449826
    2.379994435   -2.792526803   64.728199677  -25.578825551    7.555887651
    2.570393989   -2.792526803   57.737757322  -46.626452335   12.079145218
    2.760793544   -2.792526803   47.559847902  -58.539418702   16.677716616
    2.951193099   -2.792526803   36.166418745  -59.303176575   20.928743282

   -3.141592654   -2.443460953   34.086649542  -44.788847976   22.479658380
   -2.951193099   -2.443460953   26.889042045  -30.177276066   24.252572626
   -2.760793544   -2.443460953   22.766602946  -13.241575724   24.924261002
   -2.570393989   -2.443460953   21.713366442    1.419772153   24.787117330
   -2.379994435   -2.443460953   22.984209399   10.932690649   24.324484060
   -2.189594880   -2.443460953   25.526776151   14.956408397   24.028793624
   -1.999195325   -2.443460953   28.450514166   15.380120634   24.197147844
   -1.808795770   -2.443460953   31.331269260   14.942431480   24.773724619
   -1.618396215   -2.443460953   34.230057334   15.843227314   25.330535222
   -1.427996661   -2.443460953   37.503054332   18.861528440   25.213286480
   -1.237597106   -2.443460953   41.509371607   23.309350368   23.810459436
   -1.047197551   -2.443460953   46.371624357   27.507661157   20.817143740
   -0.856797996   -2.443460953   51.849517468   29.413655734   16.368037591
   -0.666398442   -2.443460953   57.330059163   27.265883613   10.960110571
   -0.475998887   -2.443460953   61.927769375   20.039057272    5.250412716
   -0.285599332   -2.443460953   64.649871104    7.654315378   -0.167808735
   -0.095199777   -2.443460953   64.596248918   -8.790770130   -4.916263653
    0.095199777   -2.443460953   61.215978902  -26.733181379   -8.843530143
    0.285599332   -2.443460953   54.601844667  -41.961813453  -11.935672657
    0.475998887   -2.443460953   45.749807959  -49.379072488  -14.185849323
    0.666398442   -2.443460953   36.575179018  -44.845730261  -15.523146545
    0.856797996   -2.443460953   29.506942195  -27.491969310  -15.820623136
    1.047197551   -2.443460953   26.703053782   -1.058287077  -14.998524957
    1.237597106   -2.443460953   29.213838926   26.926220674  -13.130455531
    1.427996661   -2.443460953   36.518031443   48.011330249  -10.461254890
    1.618396215   -2.443460953   46.671545951   56.198572204   -7.300306764
    1.808795770   -2.443460953   56.994027160   49.913242064   -3.889559047
    1.999195325   -2.443460953   64.926446998   31.826316246   -0.317807016
    2.189594880   -2.443460953   68.698646351    7.194183482    3.455168465
    2.379994435   -2.443460953   67.632262604  -18.024002626    7.482465394
    2.570393989   -2.443460953   62.134844279  -38.589263784   11.702916076
    2.760793544   -2.443460953   53.480942697  -50.717275917   15.871688073
    2.951193099   -2.443460953   43.485433953  -52.607083246   19.599643430

   -3.141592654   -2.094395102   40.328033639  -41.280611001   14.392147678
   -2.951193099   -2.094395102   33.647037672  -28.259825428   15.549247979
   -2.760793544   -2.094395102   29.754391037  -12.679216618   16.058397549
   -2.570393989   -2.094395102   28.720335135    1.165482211   16.091353402
   -2.379994435   -2.094395102   29.915492286   10.488703352   15.869667878
   -2.189594880   -2.094395102   32.392670235   14.756448180   15.554734027
   -1.999195325   -2.094395102   35.305083222   15.415901697   15.163147466
   -1.808795770   -2.094395102   38.176114806   14.678237157   14.534875911
   -1.618396215   -2.094395102   40.924460970   14.364248050   13.390813592
   -1.427996661   -2.094395102   43.724790448   15.252125404   11.454675893
   -1.237597106   -2.094395102   46.797680730   17.099315704    8.598443167
   -1.047197551   -2.094395102   50.243694351   18.965203714    4.933109325
   -0.856797996   -2.094395102   53.945746363   19.517931827    0.802513460
   -0.666398442   -2.094395102   57.519375483   17.366335442   -3.336443636
   -0.475998887   -2.094395102   60.332871968   11.381881583   -7.063559917
   -0.285599332   -2.094395102   61.589006279    0.996167114  -10.113118098
   -0.095199777   -2.094395102   60.473698125  -13.305200508  -12.422647814
    0.095199777   -2.094395102   56.414012930  -29.429366470  -14.092998336
    0.285599332   -2.094395102   49.418150222  -43.346489140  -15.286829107
    0.475998887   -2.094395102   40.394216840  -49.839076453  -16.116744782
    0.666398442   -2.094395102   31.209873487  -44.475959059  -16.574016541
    0.856797996   -2.094395102   24.300227804  -26.152584893  -16.517941475
    1.047197551   -2.094395102   21.857054362    1.423472497  -15.763560620
    1.237597106   -2.094395102   24.951455723   30.557979555  -14.199774236
    1.427996661   -2.094395102   33.042819795   52.597921155  -11.879465726
    1.618396215   -2.094395102   44.136892311   61.435715051   -8.992592805
    1.808795770   -2.094395102   55.498032362   55.547822317   -5.787360022
    1.999195325   -2.094395102   64.532319552   37.751411355   -2.469525813
    2.189594880   -2.094395102   69.460200866   13.398790270    0.843051792
    2.379994435   -2.094395102   69.599019089  -11.596094408    4.092426022
    2.570393989   -2.094395102   65.330226281  -32.174801078    7.215544694
    2.760793544   -2.094395102   57.862909183  -44.761361371   10.091359312
    2.951193099   -2.094395102   48.915341310  -47.653312017   12.542471844

   -3.141592654   -1.745329252   43.413049562  -39.329108880    5.671602281
   -2.951193099   -1.745329252   37.020916675  -27.183647294    6.152981261
   -2.760793544   -1.745329252   33.254761561  -12.409954083    6.394917659
   -2.570393989   -1.745329252   32.206557140    0.773020914    6.417586742
   -2.379994435   -1.745329252   33.272831025    9.530817377    6.184943495
   -2.189594880   -1.745329252   35.509728487   13.159701295    5.583234191
   -1.999195325   -1.745329252   38.036187173   12.898699034    4.447874419
   -1.808795770   -1.745329252   40.309966479   10.865911734    2.628702257
   -1.618396215   -1.745329252   42.186863428    9.008322594    0.078120302
   -1.427996661   -1.745329252   43.825460028    8.463254267   -3.089881350
   -1.237597106   -1.745329252   45.510765652    9.447882332   -6.590516616
   -1.047197551   -1.745329252   47.488623661   11.375702448  -10.025049001
   -0.856797996   -1.745329252   49.832716744   13.005433521  -12.978953850
   -0.666398442   -1.745329252   52.333963913   12.711154081  -15.142774084
   -0.475998887   -1.745329252   54.466567941    8.898054495  -16.391949636
   -0.285599332   -1.745329252   55.442750728    0.469850713  -16.810702973
   -0.095199777   -1.745329252   54.367220832  -12.484788796  -16.653519051
    0.095199777   -1.745329252   50.531107240  -28.023026011  -16.258729381
    0.285599332   -1.745329252   43.804209986  -42.005531568  -15.930870876
    0.475998887   -1.745329252   35.000212970  -48.887674708  -15.835934591
    0.666398442   -1.745329252   25.964996266  -43.810395220  -15.939770099
    0.856797996   -1.745329252   19.187822390  -25.336455611  -16.001091678
    1.047197551   -1.745329252   16.957793719    2.932279886  -15.674477342
    1.237597106   -1.745329252   20.437821222   33.127319680  -14.655618611
    1.427996661   -1.745329252   29.127131138   56.279106000  -12.834420260
    1.618396215   -1.745329252   41.009763777   65.963897766  -10.329370271
    1.808795770   -1.745329252   53.281343813   60.499869593   -7.435422300
    1.999195325   -1.745329252   63.267434982   42.732571687   -4.499510907
    2.189594880   -1.745329252   69.125328377   18.148303383   -1.801052435
    2.379994435   -1.745329252   70.136165103   -7.205785244    0.503242309
    2.570393989   -1.745329252   66.663989300  -28.212964606    2.370092368
    2.760793544   -1.745329252   59.903172014  -41.325719180    3.824212238
    2.951193099   -1.745329252   51.549018065  -44.886520093    4.910113673

   -3.141592654   -1.396263402   42.286447800  -40.066311579    2.534403080
   -2.951193099   -1.396263402   35.770925531  -27.715846684    2.406657354
   -2.760793544   -1.396263402   31.934460178  -12.623608069    2.114861368
   -2.570393989   -1.396263402   30.867853604    0.746927805    1.621766341
   -2.379994435   -1.396263402   31.916331145    9.276710451    0.797154458
   -2.189594880   -1.396263402   34.034218888   12.049111409   -0.569160331
   -1.999195325   -1.396263402   36.215226263   10.287021803   -2.689948177
   -1.808795770   -1.396263402   37.816253032    6.392405914   -5.651872780
   -1.618396215   -1.396263402   38.672536863    2.843800902   -9.300139064
   -1.427996661   -1.396263402   39.034611451    1.395980876  -13.217301409
   -1.237597106   -1.396263402   39.384489850    2.712765426  -16.821281527
   -1.047197551   -1.396263402   40.216286538    6.278070283  -19.542016008
   -0.856797996   -1.396263402   41.826538289   10.504207801  -20.992075700
   -0.666398442   -1.396263402   44.129543118   13.117096508  -21.072062521
   -0.475998887   -1.396263402   46.588554163   11.793782338  -19.969497027
   -0.285599332   -1.396263402   48.278139401    4.870135043  -18.088472517
   -0.095199777   -1.396263402   48.084883786   -7.833454868  -15.933890597
    0.095199777   -1.396263402   45.062873892  -24.295942759  -13.979495815
    0.285599332   -1.396263402   38.889908951  -39.996686971  -12.547994951
    0.475998887   -1.396263402   30.284595153  -48.784613744  -11.739015435
    0.666398442   -1.396263402   21.123071188  -45.104822378  -11.425181085
    0.856797996   -1.396263402   14.047190413  -26.985494022  -11.298182007
    1.047197551   -1.396263402   11.566912292    2.136968984  -10.999604026
    1.237597106   -1.396263402   15.052717095   34.067277156  -10.238593171
    1.427996661   -1.396263402   24.111555110   59.182967369   -8.906811519
    1.618396215   -1.396263402   36.701757262   70.354033242   -7.084734017
    1.808795770   -1.396263402   49.879616432   65.448454906   -4.992755055
    1.999195325   -1.396263402   60.782553433   47.260094774   -2.900454930
    2.189594880   -1.396263402   67.404030028   21.554133219   -1.039795282
    2.379994435   -1.396263402   68.931840137   -5.195876781    0.443598688
    2.570393989   -1.396263402   65.716678608  -27.477758122    1.498716283
    2.760793544   -1.396263402   59.001703845  -41.508179366    2.152382444
    2.951193099   -1.396263402   50.560695897  -45.544455502    2.471485404

   -3.141592654   -1.047197551   40.012249050  -41.803805682    2.797077599
   -2.951193099   -1.047197551   33.199771415  -29.086793077    1.539050227
   -2.760793544   -1.047197551   29.135975516  -13.676259497    0.004928904
   -2.570393989   -1.047197551   27.873734605   -0.340112908   -1.721859602
   -2.379994435   -1.047197551   28.667097395    7.574983720   -3.671368571
   -2.189594880   -1.047197551   30.352257941    9.112347880   -6.003297604
   -1.999195325   -1.047197551   31.824097020    5.752183261   -8.910313796
   -1.808795770   -1.047197551   32.418470932    0.439449613  -12.437300494
   -1.618396215   -1.047197551   32.066600650   -3.707389022  -16.328408008
   -1.427996661   -1.047197551   31.224077441   -4.477023855  -20.025089813
   -1.237597106   -1.047197551   30.626827647   -1.165519032  -22.836116725
   -1.047197551   -1.047197551   30.985847733    5.288232713  -24.193143978
   -0.856797996   -1.047197551   32.705249136   12.605521241  -23.854416169
   -0.666398442   -1.047197551   35.667476400   17.798631622  -21.973582469
   -0.475998887   -1.047197551   39.184315684   18.022196932  -19.022011385
   -0.285599332   -1.047197551   42.107324604   11.382717051  -15.635681436
   -0.095199777   -1.047197551   43.086497764   -2.209576740  -12.428277979
    0.095199777   -1.047197551   40.981769701  -20.383904067   -9.828693402
    0.285599332   -1.047197551   35.361520135  -38.105457892   -7.987810379
    0.475998887   -1.047197551   26.940064379  -48.667108397   -6.791560631
    0.666398442   -1.047197551   17.686669896  -46.047867212   -5.972403093
    0.856797996   -1.047197551   10.404826348  -28.064522875   -5.235770417
    1.047197551   -1.047197551    7.776964421    1.776731553   -4.389069843
    1.237597106   -1.047197551   11.306916370   34.923728955   -3.357904964
    1.427996661   -1.047197551   20.651868740   61.284796455   -2.177942880
    1.618396215   -1.047197551   33.731616183   73.288732169   -0.923121574
    1.808795770   -1.047197551   47.495596592   68.541231129    0.334094791
    1.999195325   -1.047197551   58.946515609   49.812466443    1.530400613
    2.189594880   -1.047197551   65.959774405   23.054376869    2.596534032
    2.379994435   -1.047197551   67.654681975   -4.947618259    3.442582304
    2.570393989   -1.047197551   64.375981330  -28.345749038    3.960685392
    2.760793544   -1.047197551   57.417557159  -43.120849592    4.053416230
    2.951193099   -1.047197551   48.636389881  -47.425230270    3.662077247

   -3.141592654   -0.698131701   39.477407537  -45.458942891    2.431611012
   -2.951193099   -0.698131701   31.926040735  -33.126712602    0.477371255
   -2.760793544   -0.698131701   27.085290790  -17.752084170   -1.779050102
   -2.570393989   -0.698131701   25.054545447   -4.343090078   -4.212363664
   -2.379994435   -0.698131701   25.077880041    3.431810139   -6.803739408
   -2.189594880   -0.698131701   25.929900983    4.439252833   -9.660063599
   -1.999195325   -0.698131701   26.440937822    0.332165162  -12.903163032
   -1.808795770   -0.698131701   25.951489432   -5.417239849  -16.465399553
   -1.618396215   -0.698131701   24.511937282   -9.077415065  -19.944863620
   -1.427996661   -0.698131701   22.792411682   -8.107724531  -22.662916239
   -1.237597106   -0.698131701   21.757297696   -1.996382082  -23.924330225
   -1.047197551   -0.698131701   22.262947647    7.663015393  -23.331857976
   -0.856797996   -0.698131701   24.714006668   17.781806568  -20.971709589
   -0.666398442   -0.698131701   28.847811213   24.709544619  -17.372850859
   -0.475998887   -0.698131701   33.735767405   25.271526927  -13.293008255
   -0.285599332   -0.698131701   37.964185694   17.644917194   -9.456665320
   -0.095199777   -0.698131701   39.966737219    2.173491781   -6.325944447
    0.095199777   -0.698131701   38.494065044  -18.108534339   -3.983738768
    0.285599332   -0.698131701   33.137081886  -37.492943684   -2.171927131
    0.475998887   -0.698131701   24.743479651  -48.832106840   -0.484652602
    0.666398442   -0.698131701   15.462754928  -46.036359029    1.369982267
    0.856797996   -0.698131701    8.255851374  -27.241544335    3.402572131
    1.047197551   -0.698131701    5.880076204    3.580403045    5.333133301
    1.237597106   -0.698131701    9.829541587   37.449906869    6.798094376
    1.427996661   -0.698131701   19.690139412   64.089752359    7.560178866
    1.618396215   -0.698131701   33.297735523   75.966188862    7.640996681
    1.808795770   -0.698131701   47.537727505   70.829266779    7.279999381
    1.999195325   -0.698131701   59.375182904   51.564476056    6.778754411
    2.189594880   -0.698131701   66.661054275   24.145063694    6.340714741
    2.379994435   -0.698131701   68.487801879   -4.684536210    5.994011865
    2.570393989   -0.698131701   65.166418780  -29.082613891    5.608821861
    2.760793544   -0.698131701   57.962960275  -44.964996687    4.986054912
    2.951193099   -0.698131701   48.729264162  -50.304973936    3.950643571

   -3.141592654   -0.349065850   39.900459267  -49.511061950    1.859996821
   -2.951193099   -0.349065850   31.516980419  -37.747443602   -0.741791111
   -2.760793544   -0.349065850   25.769289953  -22.597308478   -3.608199442
   -2.570393989   -0.349065850   22.811738964   -9.218884715   -6.539021001
   -2.379994435   -0.349065850   21.899113136   -1.555982516   -9.449365836
   -2.189594880   -0.349065850   21.771604255   -0.897441804  -12.393637313
   -1.999195325   -0.349065850   21.227087382   -5.383468712  -15.434024022
   -1.808795770   -0.349065850   19.650930405  -10.965523828  -18.419970236
   -1.618396215   -0.349065850   17.259003782  -13.301186460  -20.864775668
   -1.427996661   -0.349065850   14.970209542   -9.654572398  -22.067153116
   -1.237597106   -0.349065850   13.971006366    0.004903804  -21.447350620
   -1.047197551   -0.349065850   15.194967866   13.096850552  -18.887589597
   -0.856797996   -0.349065850   18.924811702   25.523281927  -14.859133040
   -0.666398442   -0.349065850   24.618183299   33.049424635  -10.240088044
   -0.475998887   -0.349065850   31.015821145   32.545285981   -5.960990175
   -0.285599332   -0.349065850   36.438278782   22.804270715   -2.659153450
   -0.095199777   -0.349065850   39.205578384    5.102647662   -0.463771111
    0.095199777   -0.349065850   38.134669888  -16.631407910    1.003960499
    0.285599332   -0.349065850   33.020125499  -36.205060016    2.422389247
    0.475998887   -0.349065850   24.947290524  -46.620889424    4.408800768
    0.666398442   -0.349065850   16.215484034  -42.501546731    7.173030521
    0.856797996   -0.349065850    9.775431906  -22.894177497   10.378285482
    1.047197551   -0.349065850    8.222393300    7.668676385   13.283864693
    1.237597106   -0.349065850   12.839948175   40.234478215   15.147584678
    1.427996661   -0.349065850   23.063006099   65.089647620   15.577946456
    1.618396215   -0.349065850   36.704072787   75.403309153   14.690565995
    1.808795770   -0.349065850   50.739513649   69.371755393   12.987464524
    1.999195325   -0.349065850   62.269898353   49.893499709   11.073233025
    2.189594880   -0.349065850   69.248843233   22.620873426    9.380184051
    2.379994435   -0.349065850   70.797836465   -6.118458760    8.036181347
    2.570393989   -0.349065850   67.186482232  -30.764583561    6.887662705
    2.760793544   -0.349065850   59.606845236  -47.297209388    5.637398903
    2.951193099   -0.349065850   49.847040834  -53.514302560    4.004477127

   -3.141592654    0.000000000   40.361085069  -53.792241009    0.465470104
   -2.951193099    0.000000000   31.102387510  -42.587136460   -1.959017979
   -2.760793544    0.000000000   24.407837776  -27.633379150   -4.448930623
   -2.570393989    0.000000000   20.494999235  -14.185618431   -6.878737098
   -2.379994435    0.000000000   18.647712790   -6.413021377   -9.230855253
   -2.189594880    0.000000000   17.599829640   -5.708881677  -11.578763183
   -1.999195325    0.000000000   16.153377391   -9.976840936  -13.936365620
   -1.808795770    0.000000000   13.774515655  -14.636781067  -16.066208515
   -1.618396215    0.000000000   10.861072415  -14.897634527  -17.425686123
   -1.427996661    0.000000000    8.555198316   -8.099811893  -17.362567479
   -1.237597106    0.000000000    8.184790216    5.019815971  -15.482561013
   -1.047197551    0.000000000   10.636644186   20.747903194  -11.949198293
   -0.856797996    0.000000000   15.941700774   34.087026066   -7.504493065
   -0.666398442    0.000000000   23.196368524   40.590094301   -3.155403860
   -0.475998887    0.000000000   30.815955305   37.684024944    0.260182020
   -0.285599332    0.000000000   36.954879584   25.231871386    2.415095019
   -0.095199777    0.000000000   39.984508616    5.642790417    3.611222881
    0.095199777    0.000000000   38.960067816  -16.390346304    4.619380507
    0.285599332    0.000000000   33.997485024  -34.615481204    6.322181189
    0.475998887    0.000000000   26.439355368  -42.749564688    9.265201534
    0.666398442    0.000000000   18.651105651  -36.621755970   13.335968463
    0.856797996    0.000000000   13.418915427  -16.406614412   17.740480197
    1.047197551    0.000000000   13.013642684   12.932456595   21.326620653
    1.237597106    0.000000000   18.397916186   42.864503505   23.129883880
    1.427996661    0.000000000   28.830455745   64.692329923   22.782210626
    1.618396215    0.000000000   42.152337392   72.626415786   20.607094106
    1.808795770    0.000000000   55.527054846   65.430213195   17.385152462
    1.999195325    0.000000000   66.290287038   45.940734994   13.963894931
    2.189594880    0.000000000   72.571444122   19.301308978   10.930397093
    2.379994435    0.000000000   73.554953680   -8.783102818    8.482355224
    2.570393989    0.000000000   69.467323026  -33.197889791    6.485329488
    2.760793544    0.000000000   61.401492115  -50.063816496    4.643635343
    2.951193099    0.000000000   51.049668989  -57.001301518    2.679222947

   -3.141592654    0.349065850   41.639628725  -56.816969618   -0.233491363
   -2.951193099    0.349065850   31.754986056  -46.092273795   -1.805793849
   -2.760793544    0.349065850   24.360103862  -31.435523475   -3.285783815
   -2.570393989    0.349065850   19.708695181  -18.113981737   -4.673991687
   -2.379994435    0.349065850   17.106967639  -10.398570915   -6.041177888
   -2.189594880    0.349065850   15.299289645   -9.674200667   -7.479917722
   -1.999195325    0.349065850   13.123638295  -13.575892630   -8.971510462
   -1.808795770    0.349065850   10.152669310  -17.093917359  -10.259188346
   -1.618396215    0.349065850    6.961315495  -15.192169546  -10.861238247
   -1.427996661    0.349065850    4.868251073   -5.505182914  -10.280970569
   -1.237597106    0.349065850    5.263789351   10.359901080   -8.317943174
   -1.047197551    0.349065850    8.907332376   27.650234947   -5.268115874
   -0.856797996    0.349065850   15.534322228   40.760996806   -1.854515234
   -0.666398442    0.349065850   23.904681190   45.427978532    1.120996547
   -0.475998887    0.349065850   32.205634634   39.981455241    3.165353630
   -0.285599332    0.349065850   38.571956026   25.501969480    4.330104968
   -0.095199777    0.349065850   41.575597106    5.404174037    5.196530101
    0.095199777    0.349065850   40.609887477  -15.225453157    6.606181327
    0.285599332    0.349065850   36.126654408  -30.585090403    9.272509313
    0.475998887    0.349065850   29.643136647  -35.573482590   13.391223178
    0.666398442    0.349065850   23.436604089  -27.503213853   18.452686211
    0.856797996    0.349065850   19.949480872   -7.640834608   23.353974513
    1.047197551    0.349065850   20.984673708   18.936835291   26.818728180
    1.237597106    0.349065850   27.117918480   44.597761138   27.942815017
    1.427996661    0.349065850   37.456777761   62.095876465   26.545474151
    1.618396215    0.349065850   49.962680147   66.939010125   23.168597746
    1.808795770    0.349065850   62.105116114   58.492525575   18.771453331
    1.999195325    0.349065850   71.563762596   39.406048743   14.312731544
    2.189594880    0.349065850   76.720897312   14.118864408   10.435774390
    2.379994435    0.349065850   76.863746555  -12.470695991    7.368499237
    2.570393989    0.349065850   72.183727522  -35.843299249    5.008642643
    2.760793544    0.349065850   63.658935250  -52.358560747    3.099447771
    2.951193099    0.349065850   52.855262974  -59.519381484    1.395307235

   -3.141592654    0.698131701   42.824136546  -58.901556398   -1.269247722
   -2.951193099    0.698131701   32.519412668  -48.387494080   -1.758914261
   -2.760793544    0.698131701   24.674019324  -33.836196794   -2.034460278
   -2.570393989    0.698131701   19.564071958  -20.506192575   -2.227780302
   -2.379994435    0.698131701   16.511530985  -12.732640958   -2.485454745
   -2.189594880    0.698131701   14.268072322  -11.896038055   -2.915265036
   -1.999195325    0.698131701   11.695153142  -15.467417733   -3.505207267
   -1.808795770    0.698131701    8.430472019  -18.192792849   -4.077800278
   -1.618396215    0.698131701    5.150312514  -14.943493403   -4.334500570
   -1.427996661    0.698131701    3.259836441   -3.619404924   -3.999559332
   -1.237597106    0.698131701    4.151527919   13.578798533   -2.990944509
   -1.047197551    0.698131701    8.467803551   31.307713469   -1.498620933
   -0.856797996    0.698131701   15.745900759   43.780858525    0.102344902
   -0.666398442    0.698131701   24.571025634   47.136768897    1.489503698
   -0.475998887    0.698131701   33.077566369   40.528868893    2.600672507
   -0.285599332    0.698131701   39.512369318   25.895424590    3.711210995
   -0.095199777    0.698131701   42.692381726    7.114364530    5.342883005
    0.095199777    0.698131701   42.286817580  -10.879085465    8.016808794
    0.285599332    0.698131701   38.931574401  -23.097112477   11.978940026
    0.475998887    0.698131701   34.126402244  -25.658610436   16.971585602
    0.666398442    0.698131701   29.895231840  -17.061452182   22.205275615
    0.856797996    0.698131701   28.251332612    0.856892110   26.551339840
    1.047197551    0.698131701   30.546582087   23.403306017   28.947028041
    1.237597106    0.698131701   37.062992493   44.137649992   28.813311304
    1.427996661    0.698131701   46.878336752   57.267560560   26.265340975
    1.618396215    0.698131701   58.174630833   59.391667386   22.008293389
    1.808795770    0.698131701   68.779674449   50.210402524   17.016012608
    1.999195325    0.698131701   76.723939600   31.991487627   12.170801522
    2.189594880    0.698131701   80.624454857    8.401673170    8.033255365
    2.379994435    0.698131701   79.850650041  -16.429564563    4.802834258
    2.570393989    0.698131701   74.550205581  -38.506692221    2.421065759
    2.760793544    0.698131701   65.590062915  -54.374332363    0.718521712
    2.951193099    0.698131701   54.418838774  -61.426113794   -0.472659187

   -3.141592654    1.047197551   41.130726565  -59.570195532   -4.688982427
   -2.951193099    1.047197551   30.789355501  -48.115498529   -3.953734252
   -2.760793544    1.047197551   23.064060056  -32.894470969   -2.867435078
   -2.570393989    1.047197551   18.166035090  -19.285521127   -1.738190249
   -2.379994435    1.047197551   15.340408196  -11.625839009   -0.809248328
   -2.189594880    1.047197551   13.274354183  -11.162445521   -0.204153328
   -1.999195325    1.047197551   10.800747773  -15.142694633    0.077105582
   -1.808795770    1.047197551    7.571496239  -18.105105244    0.114527828
   -1.618396215    1.047197551    4.306108190  -14.839725474    0.012831764
   -1.427996661    1.047197551    2.451663878   -3.335324457   -0.138555622
   -1.237597106    1.047197551    3.414054997   14.010457272   -0.274651512
   -1.047197551    1.047197551    7.814655626   31.719037591   -0.337238085
   -0.856797996    1.047197551   15.160507467   44.083124567   -0.239030520
   -0.666398442    1.047197551   24.046544080   47.542294309    0.190008710
   -0.475998887    1.047197551   32.685083562   41.630532884    1.204906481
   -0.285599332    1.047197551   39.461522220   28.523523093    3.099281576
   -0.095199777    1.047197551   43.346667919   11.980856903    6.112164938
    0.095199777    1.047197551   44.103115380   -3.563274392   10.285319124
    0.285599332    1.047197551   42.334565978  -13.921298139   15.345443882
    0.475998887    1.047197551   39.346942338  -16.029958306   20.646163128
    0.666398442    1.047197551   36.840533447   -8.905575493   25.268303334
    0.856797996    1.047197551   36.461253954    5.726713168   28.243187375
    1.047197551    1.047197551   39.279750982   23.941941267   28.889680961
    1.237597106    1.047197551   45.484468446   40.441077171   27.060643221
    1.427996661    1.047197551   54.274085939   50.438106489   23.196009385
    1.618396215    1.047197551   64.098182590   51.029211091   18.115237846
    1.808795770    1.047197551   73.086208956   41.796508890   12.705839915
    1.999195325    1.047197551   79.504818763   24.488691539    7.657766780
    2.189594880    1.047197551   82.097458927    2.186885230    3.361280770
    2.379994435    1.047197551   80.264279894  -21.365073715   -0.040041101
    2.570393989    1.047197551   74.134434773  -42.304749421   -2.525254876
    2.760793544    1.047197551   64.550838012  -57.127224252   -4.104115173
    2.951193099    1.047197551   52.953081829  -63.139142450   -4.799165656

   -3.141592654    1.396263402   36.762776945  -58.860571198  -10.081880543
   -2.951193099    1.396263402   26.720783608  -45.750924694   -9.074225653
   -2.760793544    1.396263402   19.553945579  -29.511328340   -7.483451286
   -2.570393989    1.396263402   15.338113521  -15.616299861   -5.632769013
   -2.379994435    1.396263402   13.188698069   -8.273532397   -3.786301045
   -2.189594880    1.396263402   11.699377661   -8.499694020   -2.092389228
   -1.999195325    1.396263402    9.651410210  -13.355642465   -0.616002257
   -1.808795770    1.396263402    6.671317425  -17.288350705    0.579591160
   -1.618396215    1.396263402    3.466998285  -15.016510570    1.386193245
   -1.427996661    1.396263402    1.492702196   -4.387999500    1.696238308
   -1.237597106    1.396263402    2.198488558   12.440374958    1.516044425
   -1.047197551    1.396263402    6.299900355   30.253893436    1.050621740
   -0.856797996    1.396263402   13.439871098   43.519769726    0.691680894
   -0.666398442    1.396263402   22.368492968   48.672495023    0.917834019
   -0.475998887    1.396263402   31.432859722   45.038969532    2.137912505
   -0.285599332    1.396263402   39.095009848   34.412274246    4.562104475
   -0.095199777    1.396263402   44.315808388   20.018617918    8.130708104
    0.095199777    1.396263402   46.739661662    5.715457440   12.485210150
    0.285599332    1.396263402   46.748152281   -4.803940130   16.999723562
    0.475998887    1.396263402   45.351927461   -8.690770097   20.882463708
    0.666398442    1.396263402   43.956178406   -4.769480516   23.368323116
    0.856797996    1.396263402   43.991582051    5.897904646   23.918779301
    1.047197551    1.396263402   46.469684604   20.291331595   22.412715507
    1.237597106    1.396263402   51.687456942   33.934177960   19.164926182
    1.427996661    1.396263402   59.072935524   42.423032466   14.812972488
    1.618396215    1.396263402   67.327679544   42.725305580   10.060105101
    1.808795770    1.396263402   74.771244733   33.953229400    5.458256241
    1.999195325    1.396263402   79.763834767   17.365547681    1.306265648
    2.189594880    1.396263402   81.069276964   -4.213988288   -2.302275308
    2.379994435    1.396263402   78.088662134  -26.990510773   -5.350117463
    2.570393989    1.396263402   70.980204599  -46.891546046   -7.779756172
    2.760793544    1.396263402   60.655403298  -60.238787521   -9.460712220
    2.951193099    1.396263402   48.636443016  -64.391294791  -10.246441844

   -3.141592654    1.745329252   30.971235361  -57.949227954  -15.957299529
   -2.951193099    1.745329252   21.285357262  -42.999774922  -15.195280481
   -2.760793544    1.745329252   14.767846642  -25.568413971  -13.512737541
   -2.570393989    1.745329252   11.356443107  -11.228320404  -11.179187941
   -2.379994435    1.745329252   10.035725126   -4.038378623   -8.460332791
   -2.189594880    1.745329252    9.306622295   -4.801841406   -5.540582819
   -1.999195325    1.745329252    7.889731556  -10.472804672   -2.553524927
   -1.808795770    1.745329252    5.357763378  -15.520540824    0.323020248
   -1.618396215    1.745329252    2.362155120  -14.630318403    2.815316772
   -1.427996661    1.745329252    0.327545927   -5.376493251    4.631069601
   -1.237597106    1.745329252    0.752774738   10.605014018    5.631690441
   -1.047197551    1.745329252    4.506247420   28.626781024    5.963854290
   -0.856797996    1.745329252   11.457821217   43.367371704    6.042497494
   -0.666398442    1.745329252   20.582548292   51.006476824    6.389970394
   -0.475998887    1.745329252   30.364724701   50.239837012    7.416172233
   -0.285599332    1.745329252   39.264921780   42.085705262    9.257292693
   -0.095199777    1.745329252   46.099447486   29.067934664   11.716286733
    0.095199777    1.745329252   50.255572347   14.577259376   14.298728986
    0.285599332    1.745329252   51.800224188    2.194525642   16.332592968
    0.475998887    1.745329252   51.445336157   -4.926750260   17.172537358
    0.666398442    1.745329252   50.395810512   -4.933830176   16.436025494
    0.856797996    1.745329252   50.035192055    2.025162463   14.140842880
    1.047197551    1.745329252   51.499491952   13.728413010   10.722841419
    1.237597106    1.745329252   55.325410447   26.116230506    6.832687078
    1.427996661    1.745329252   61.208839441   34.634371433    3.093572815
    1.618396215    1.745329252   68.047246983   35.699142455   -0.140066035
    1.808795770    1.745329252   74.237779885   27.785124221   -2.847705910
    1.999195325    1.745329252   78.114793791   11.753831639   -5.244891395
    2.189594880    1.745329252   78.377909784   -9.578533711   -7.589082858
    2.379994435    1.745329252   74.396104253  -32.099913045   -9.996240153
    2.570393989    1.745329252   66.368329886  -51.334138396  -12.355385597
    2.760793544    1.745329252   55.312081075  -63.352167256  -14.364810133
    2.951193099    1.745329252   42.873655476  -65.600280401  -15.656254757

   -3.141592654    2.094395102   24.275432145  -58.187304027  -17.700590220
   -2.951193099    2.094395102   14.740460626  -41.207617778  -16.996906180
   -2.760793544    2.094395102    8.734811841  -22.071108320  -15.279566952
   -2.570393989    2.094395102    6.110751237   -6.553295465  -12.757453256
   -2.379994435    2.094395102    5.753218495    1.332186896   -9.661583572
   -2.189594880    2.094395102    6.084506926    0.912573203   -6.152333538
   -1.999195325    2.094395102    5.763695121   -4.737105989   -2.346634383
   -1.808795770    2.094395102    4.292046667  -10.210745424    1.568843139
   -1.618396215    2.094395102    2.224322148  -10.288018508    5.257189710
   -1.427996661    2.094395102    0.891298445   -2.389360404    8.300218936
   -1.237597106    2.094395102    1.758272189   12.306446232   10.394505811
   -1.047197551    2.094395102    5.758709982   29.644063295   11.529040365
   -0.856797996    2.094395102   12.908611918   44.572804989   12.003468638
   -0.666398442    2.094395102   22.341047450   53.113354257   12.265193755
   -0.475998887    2.094395102   32.631790404   53.450099642   12.674169092
   -0.285599332    2.094395102   42.218847256   45.961748044   13.330691191
   -0.095199777    2.094395102   49.779579894   32.624881988   14.016755824
    0.095199777    2.094395102   54.482984311   16.551472405   14.268806905
    0.285599332    2.094395102   56.162547408    1.482658625   13.542257046
    0.475998887    2.094395102   55.370887912   -8.806610948   11.460610961
    0.666398442    2.094395102   53.307155361  -11.550154271    8.036192803
    0.856797996    2.094395102   51.523242321   -6.023959395    3.728623409
    1.047197551    2.094395102   51.451576219    5.916518740   -0.682801216
    1.237597106    2.094395102   53.929049195   19.939061198   -4.433874739
    1.427996661    2.094395102   58.844830390   30.661184110   -7.061871526
    1.618396215    2.094395102   65.113476380   33.561896695   -8.575366370
    1.808795770    2.094395102   70.995106514   26.490004168   -9.378539636
    1.999195325    2.094395102   74.616740236   10.208437270  -10.037361090
    2.189594880    2.094395102   74.500939406  -12.073724412  -11.013474341
    2.379994435    2.094395102   69.942786540  -35.604371626  -12.483620609
    2.570393989    2.094395102   61.190516783  -55.300765411  -14.299392788
    2.760793544    2.094395102   49.405380625  -66.868357143  -16.073528313
    2.951193099    2.094395102   36.412684928  -67.771141224  -17.334004482

   -3.141592654    2.443460953   18.346341059  -58.459136056  -12.038171183
   -2.951193099    2.443460953    8.922343072  -39.781126511  -10.906411954
   -2.760793544    2.443460953    3.342201815  -19.083434138   -9.010262699
   -2.570393989    2.443460953    1.412324271   -2.312146425   -6.503971405
   -2.379994435    2.443460953    1.959959466    6.561279731   -3.532416339
   -2.189594880    2.443460953    3.368824219    6.980050347   -0.143954544
   -1.999195325    2.443460953    4.271761101    2.007285226    3.664270178
   -1.808795770    2.443460953    4.121188342   -3.172374758    7.798682027
   -1.618396215    2.443460953    3.372048104   -3.603514211   11.943869492
   -1.427996661    2.443460953    3.221282053    3.236707718   15.601569388
   -1.237597106    2.443460953    5.022783462   16.458653917   18.288401152
   -1.047197551    2.443460953    9.675718738   32.389306930   19.759125359
   -0.856797996    2.443460953   17.246670668   46.329748123   20.089292741
   -0.666398442    2.443460953   26.956856551   54.324201204   19.561588364
   -0.475998887    2.443460953   37.441390494   54.258646373   18.463614568
   -0.285599332    2.443460953   47.123641288   46.060766071   16.925496143
   -0.095199777    2.443460953   54.583356989   31.335601442   14.855837265
    0.095199777    2.443460953   58.845953130   13.086453119   12.013221058
    0.285599332    2.443460953   59.618253284   -4.616532826    8.166589485
    0.475998887    2.443460953   57.427845944  -17.282404042    3.321337324
    0.666398442    2.443460953   53.605960265  -21.286586835   -2.124797303
    0.856797996    2.443460953   49.980863617  -15.304685708   -7.414050841
    1.047197551    2.443460953   48.321276053   -1.243396351  -11.659611020
    1.237597106    2.443460953   49.722912241   15.881197808  -14.225279548
    1.427996661    2.443460953   54.162989890   29.626377958  -14.972570186
    1.618396215    2.443460953   60.447269246   34.546094831  -14.302227061
    1.808795770    2.443460953   66.595078785   28.066849579  -12.945763368
    1.999195325    2.443460953   70.468375267   11.107976529  -11.651983658
    2.189594880    2.443460953   70.397830810  -12.549362610  -10.925008213
    2.379994435    2.443460953   65.611498616  -37.462815819  -10.906828829
    2.570393989    2.443460953   56.413973594  -57.985217369  -11.409358069
    2.760793544    2.443460953   44.106423835  -69.513040105  -12.041877974
    2.951193099    2.443460953   30.682612227  -69.530132783  -12.364560860

   -3.141592654    2.792526803   15.526289223  -57.435020438    1.490320113
   -2.951193099    2.792526803    6.391300565  -37.779810531    3.452095384
   -2.760793544    2.792526803    1.284818539  -16.135845085    5.376086524
   -2.570393989    2.792526803    0.000000000    1.497918333    7.188421221
   -2.379994435    2.792526803    1.355252154   11.244655530    8.971078524
   -2.189594880    2.792526803    3.748559959   12.655867708   10.974140737
   -1.999195325    2.792526803    5.832037279    8.714477652   13.483042184
   -1.808795770    2.792526803    7.036252046    4.257190631   16.599832389
   -1.618396215    2.792526803    7.714041536    3.797821915   20.075711067
   -1.427996661    2.792526803    8.890875089    9.613530227   23.340636973
   -1.237597106    2.792526803   11.739460273   20.970318924   25.724202777
   -1.047197551    2.792526803   17.039551324   34.657336545   26.738047071
   -0.856797996    2.792526803   24.832240410   46.430041419   26.238051408
   -0.666398442    2.792526803   34.378869956   52.551645298   24.378272712
   -0.475998887    2.792526803   44.367145736   50.839889397   21.448845255
   -0.285599332    2.792526803   53.243556695   40.996635030   17.715596085
   -0.095199777    2.792526803   59.569600512   24.464865231   13.325415385
    0.095199777    2.792526803   62.341994048    4.306381459    8.340133776
    0.285599332    2.792526803   61.279193190  -15.020163006    2.845644375
    0.475998887    2.792526803   57.019062561  -28.413746239   -2.888801192
    0.666398442    2.792526803   51.121164072  -31.682212649   -8.337554984
    0.856797996    2.792526803   45.716719677  -23.327667766  -12.799172685
    1.047197551    2.792526803   42.854129459   -5.719934950  -15.629130827
    1.237597106    2.792526803   43.768713476   15.201778983  -16.532402085
    1.427996661    2.792526803   48.386487937   31.982949867  -15.685436389
    1.618396215    2.792526803   55.298093849   38.530153920  -13.653750198
    1.808795770    2.792526803   62.239192789   32.201223210  -11.139568011
    1.999195325    2.792526803   66.824361433   14.329280019   -8.715373102
    2.189594880    2.792526803   67.240140466  -10.677783342   -6.668638834
    2.379994435    2.792526803   62.687049518  -36.818445307   -5.000021221
    2.570393989    2.792526803   53.531383673  -58.089401134   -3.529032885
    2.760793544    2.792526803   41.182147772  -69.743566557   -2.036030473
    2.951193099    2.792526803   27.748734981  -69.327995598   -0.369752524
