#! FIELDS phi psi file.free der_phi der_psi
#! SET min_phi -pi
#! SET max_phi pi
#! SET nbins_phi  33
#! SET periodic_phi true
#! SET min_psi -pi
#! SET max_psi pi
#! SET nbins_psi  18
#! SET periodic_psi true
   -3.141592654   -3.141592654   17.730274965  -53.425740727   17.233423572
   -2.951193099   -3.141592654    9.321942854  -34.298128419   19.531289731
   -2.760793544   -3.141592654    4.784251545  -13.725258712   20.913220562
   -2.570393989   -3.141592654    3.850287799    2.794871155   21.560712103
   -2.379994435   -3.141592654    5.390451767   12.022501922   21.922676923
   -2.189594880   -3.141592654    7.962751306   13.922798476   22.594074834
   -1.999195325   -3.141592654   10.414399268   11.426992495   24.077853519
   -1.808795770   -3.141592654   12.312071055    8.820540268   26.527484015
   -1.618396215   -3.141592654   14.011474321    9.825750956   29.605637842
   -1.427996661   -3.141592654   16.397231757   16.064217654   32.568250866
   -1.237597106   -3.141592654   20.413401681   26.568090722   34.543831993
   -1.047197551   -3.141592654   26.610242425   38.325940330   34.855445827
   -0.856797996   -3.141592654   34.862821271   47.513916692   33.224204869
   -0.666398442   -3.141592654   44.346386909   50.774535225   29.750073166
   -0.475998887   -3.141592654   53.717041021   46.121672364   24.779544149
   -0.285599332   -3.141592654   61.412365286   33.302123460   18.752589090
   -0.095199777   -3.141592654   65.994387698   13.864740770   12.099279208
    0.095199777   -3.141592654   66.501050509   -8.794887954    5.233961753
    0.285599332   -3.141592654   62.781812169  -29.603333629   -1.410679956
    0.475998887   -3.141592654   55.733911534  -42.798595975   -7.327326145
    0.666398442   -3.141592654   47.279180924  -43.818869760  -11.963809083
    0.856797996   -3.141592654   39.926552849  -31.407632313  -14.839990474
    1.047197551   -3.141592654   35.996200865   -8.792113049  -15.734798172
    1.237597106   -3.141592654   36.795922496   16.937885130  -14.822009957
    1.427996661   -3.141592654   42.111840824   37.313548367  -12.612408632
    1.618396215   -3.141592654   50.242905205   45.701890362   -9.728690199
    1.808795770   -3.141592654   58.585931199   39.498588185   -6.644092723
    1.999195325   -3.141592654   64.472706297   20.562643914   -3.543968891
    2.189594880   -3.141592654   65.935570234   -5.916155615   -0.367878373
    2.379994435   -3.141592654   62.169782883  -33.208679907    3.025375082
    2.570393989   -3.141592654   53.649301824  -54.906084531    6.685741791
    2.760793544   -3.141592654   41.922994823  -66.315973233   10.481618914
    2.951193099   -3.141592654   29.189520803  -65.444273400   14.118909105

   -3.141592654   -2.792526803   25.286427760  -49.354946988   25.490609730
   -2.951193099   -2.792526803   17.463313157  -32.235626507   27.473945303
   -2.760793544   -2.792526803   13.144696719  -13.399776832   28.212242768
   -2.570393989   -2.792526803   12.166226463    2.166932185   28.046169640
   -2.379994435   -2.792526803   13.584255896   11.566873702   27.578989314
   -2.189594880   -2.792526803   16.178052364   14.769505517   27.489776846
   -1.999195325   -2.792526803   18.975410444   14.269677180   28.273307860
   -1.808795770   -2.792526803   21.603083941   13.552358678   30.001202857
   -1.618396215   -2.792526803   24.309644529   15.444997657   32.229175749
   -1.427996661   -2.792526803   27.722358352   20.943059340   34.120967749
   -1.237597106   -2.792526803   32.456982009   28.981243456   34.755725186
   -1.047197551   -2.792526803   38.770467391   37.000085544   33.464349189
   -0.856797996   -2.792526803   46.366533691   41.937223232   30.048047577
   -0.666398442   -2.792526803   54.400008743   41.234624659   24.768326845
   -0.475998887   -2.792526803   61.644699961   33.533972267   18.199718943
   -0.285599332   -2.792526803   66.752565239   18.951651286   11.032621086
   -0.095199777   -2.792526803   68.546884481   -0.821136561    3.908677852
    0.095199777   -2.792526803   66.335789396  -22.432989518   -2.644521040
    0.285599332   -2.792526803   60.218308405  -40.960276566   -8.213069850
    0.475998887   -2.792526803   51.305592342  -50.887624635  -12.450751497
    0.666398442   -2.792526803   41.674709469  -48.013309326  -15.082276046
    0.856797996   -2.792526803   33.905076282  -31.616389652  -15.951113720
    1.047197551   -2.792526803   30.272895861   -5.578549336  -15.120474403
    1.237597106   -2.792526803   31.924556501   22.474499827  -12.922062429
    1.427996661   -2.792526803   38.414425094   43.922467409   -9.867246044
    1.618396215   -2.792526803   47.825377351   52.434611548   -6.439394345
    1.808795770   -2.792526803   57.427369217   45.987781510   -2.909437959
    1.999195325   -2.792526803   64.536057089   26.964295977    0.721017603
    2.189594880   -2.792526803   67.238644857    0.755546993    4.611171203
    2.379994435   -2.792526803   64.785812478  -26.092841676    8.888853696
    2.570393989   -2.792526803   57.648690146  -47.569828335   13.489749650
    2.760793544   -2.792526803   47.296113555  -59.354152632   18.105990084
    2.951193099   -2.792526803   35.793852945  -59.613536357   22.266126784

   -3.141592654   -2.443460953   33.958520918  -45.155664789   22.847701574
   -2.951193099   -2.443460953   26.722461332  -30.270513894   24.352268912
   -2.760793544   -2.443460953   22.587186711  -13.338506712   24.845100217
   -2.570393989   -2.443460953   21.502345476    1.160428190   24.657404385
   -2.379994435   -2.443460953   22.713335608   10.582447974   24.280514473
   -2.189594880   -2.443460953   25.200926827   14.765363560   24.193451682
   -1.999195325   -2.443460953   28.129216489   15.655938190   24.667715930
   -1.808795770   -2.443460953   31.128240992   15.934977727   25.610934677
   -1.618396215   -2.443460953   34.296081585   17.674302663   26.545430600
   -1.427996661   -2.443460953   37.997580907   21.500960691   26.752127676
   -1.237597106   -2.443460953   42.569043017   26.542172027   25.548967283
   -1.047197551   -2.443460953   48.073514333   30.923044315   22.563779640
   -0.856797996   -2.443460953   54.176826878   32.455727095   17.885699769
   -0.666398442   -2.443460953   60.154569545   29.343859954   12.000867321
   -0.475998887   -2.443460953   65.016875290   20.666554885    5.607964607
   -0.285599332   -2.443460953   67.699341875    6.584109112   -0.596585431
   -0.095199777   -2.443460953   67.285636300  -11.470863905   -6.077598774
    0.095199777   -2.443460953   63.276121458  -30.575428299  -10.509774997
    0.285599332   -2.443460953   55.877156177  -46.240983864  -13.746155075
    0.475998887   -2.443460953   46.234285570  -53.292192230  -15.742772261
    0.666398442   -2.443460953   36.403759648  -47.748829519  -16.509810238
    0.856797996   -2.443460953   28.907337593  -29.080881911  -16.089437347
    1.047197551   -2.443460953   25.927150487   -1.359726105  -14.595280143
    1.237597106   -2.443460953   28.485362775   27.666592499  -12.244271160
    1.427996661   -2.443460953   36.004520706   49.461483251   -9.330358454
    1.618396215   -2.443460953   46.473349720   57.987702007   -6.118274265
    1.808795770   -2.443460953   57.135932920   51.615036270   -2.751714212
    1.999195325   -2.443460953   65.349313960   33.000232298    0.773020323
    2.189594880   -2.443460953   69.268593035    7.528434922    4.535363776
    2.379994435   -2.443460953   68.181796315  -18.552874326    8.565014112
    2.570393989   -2.443460953   62.525073045  -39.670427896   12.741221200
    2.760793544   -2.443460953   53.652439396  -51.863831945   16.769921130
    2.951193099   -2.443460953   43.467516247  -53.420947597   20.258475899

   -3.141592654   -2.094395102   40.040858843  -42.080144756   13.510594542
   -2.951193099   -2.094395102   33.256333773  -28.588046996   14.527414205
   -2.760793544   -2.094395102   29.329867666  -12.757207153   15.040356646
   -2.570393989   -2.094395102   28.291490136    1.168248953   15.216864719
   -2.379994435   -2.094395102   29.495697116   10.589290771   15.238757940
   -2.189594880   -2.094395102   32.016249754   15.135820323   15.213319729
   -1.999195325   -2.094395102   35.047164397   16.305398623   15.106716350
   -1.808795770   -2.094395102   38.150265132   16.237284058   14.716212998
   -1.618396215   -2.094395102   41.262012489   16.599269044   13.724397581
   -1.427996661   -2.094395102   44.542139038   18.006512826   11.816317688
   -1.237597106   -2.094395102   48.165535498   20.047614528    8.832421363
   -1.047197551   -2.094395102   52.157001962   21.646744629    4.867814770
   -0.856797996   -2.094395102   56.304390217   21.416412634    0.280364170
   -0.666398442   -2.094395102   60.129112598   18.034863492   -4.426683198
   -0.475998887   -2.094395102   62.931909451   10.572622884   -8.752289937
   -0.285599332   -2.094395102   63.895514047   -1.243396673  -12.321320612
   -0.095199777   -2.094395102   62.245790100  -16.606254757  -14.950377675
    0.095199777   -2.094395102   57.506297275  -33.164903393  -16.641739481
    0.285599332   -2.094395102   49.816941725  -46.789209935  -17.523795385
    0.475998887   -2.094395102   40.217078400  -52.378519877  -17.767156043
    0.666398442   -2.094395102   30.663792188  -45.798550388  -17.504953993
    0.856797996   -2.094395102   23.617967639  -26.308577607  -16.770428712
    1.047197551   -2.094395102   21.235379231    2.148020786  -15.520068016
    1.237597106   -2.094395102   24.524888202   31.823538647  -13.702188687
    1.427996661   -2.094395102   32.888004941   54.141315860  -11.340352048
    1.618396215   -2.094395102   44.287038411   63.054218276   -8.539735241
    1.808795770   -2.094395102   55.944895761   56.989821495   -5.457123434
    1.999195325   -2.094395102   65.211507379   38.681673468   -2.243403794
    2.189594880   -2.094395102   70.243185997   13.513839426    0.984689383
    2.379994435   -2.094395102   70.317584503  -12.383067803    4.131405639
    2.570393989   -2.094395102   65.831156283  -33.620306638    7.090804682
    2.760793544   -2.094395102   58.064478937  -46.386032019    9.729374883
    2.951193099   -2.094395102   48.830958369  -48.984522321   11.904757590

   -3.141592654   -1.745329252   42.595820579  -40.224387292    4.211933795
   -2.951193099   -1.745329252   36.104253850  -27.367953995    4.742338055
   -2.760793544   -1.745329252   32.353972702  -12.118928066    5.173629987
   -2.570393989   -1.745329252   31.387057916    1.288883821    5.477566875
   -2.379994435   -1.745329252   32.565096404   10.178179491    5.542425555
   -2.189594880   -1.745329252   34.944412664   14.016994254    5.179163129
   -1.999195325   -1.745329252   37.666981825   14.113098657    4.171062680
   -1.808795770   -1.745329252   40.214272287   12.524739369    2.344524036
   -1.618396215   -1.745329252   42.446645158   11.049341552   -0.349057411
   -1.427996661   -1.745329252   44.495973203   10.680701705   -3.786200826
   -1.237597106   -1.745329252   46.596448107   11.515316211   -7.664035998
   -1.047197551   -1.745329252   48.925124603   12.913720161  -11.555750643
   -0.856797996   -1.745329252   51.484320615   13.661508164  -15.000136601
   -0.666398442   -1.745329252   54.008062991   12.259337457  -17.623517687
   -0.475998887   -1.745329252   55.946930188    7.322964697  -19.221972273
   -0.285599332   -1.745329252   56.534314811   -1.989496949  -19.795785084
   -0.095199777   -1.745329252   54.943333437  -15.360868470  -19.531290625
    0.095199777   -1.745329252   50.567838333  -30.727889516  -18.743165835
    0.285599332   -1.745329252   43.386904238  -44.008347175  -17.782587840
    0.475998887   -1.745329252   34.295610464  -49.894567520  -16.935644562
    0.666398442   -1.745329252   25.164486326  -43.849456364  -16.329726178
    0.856797996   -1.745329252   18.451013936  -24.703316305  -15.866850179
    1.047197551   -1.745329252   16.377896278    3.885395855  -15.274436437
    1.237597106   -1.745329252   20.051219526   34.176175585  -14.232248766
    1.427996661   -1.745329252   28.945836515   57.378425205  -12.549792271
    1.618396215   -1.745329252   41.044823207   67.124264199  -10.250657358
    1.808795770   -1.745329252   53.535355877   61.592860689   -7.562663710
    1.999195325   -1.745329252   63.699491860   43.432351568   -4.811783152
    2.189594880   -1.745329252   69.623528670   18.080845495   -2.293369721
    2.379994435   -1.745329252   70.532786604   -8.214271876   -0.190438100
    2.570393989   -1.745329252   66.793520465  -29.958066719    1.444091222
    2.760793544   -1.745329252   59.671476317  -43.287772268    2.657048381
    2.951193099   -1.745329252   50.971293927  -46.490180510    3.544835818

   -3.141592654   -1.396263402   40.911345699  -40.760095816    1.800358234
   -2.951193099   -1.396263402   34.353150429  -27.513828961    1.775798300
   -2.760793544   -1.396263402   30.617701352  -11.842843579    1.680603662
   -2.570393989   -1.396263402   29.726156466    1.736595550    1.425908912
   -2.379994435   -1.396263402   30.965486497   10.262284641    0.805224289
   -2.189594880   -1.396263402   33.269857900   13.019370689   -0.466519896
   -1.999195325   -1.396263402   35.642737520   11.339163939   -2.647990969
   -1.808795770   -1.396263402   37.458818015    7.600404650   -5.831828562
   -1.618396215   -1.396263402   38.558388668    4.161865116   -9.834654836
   -1.427996661   -1.396263402   39.171613901    2.671384884  -14.192808934
   -1.237597106   -1.396263402   39.744120004    3.718243933  -18.272560459
   -1.047197551   -1.396263402   40.724931048    6.786607652  -21.452843386
   -0.856797996   -1.396263402   42.371921407   10.347270053  -23.291825060
   -0.666398442   -1.396263402   44.577772796   12.248446733  -23.632678737
   -0.475998887   -1.396263402   46.812600548   10.331989808  -22.606051571
   -0.285599332   -1.396263402   48.190342556    3.105788534  -20.571416642
   -0.095199777   -1.396263402   47.665631183   -9.491952741  -18.020861977
    0.095199777   -1.396263402   44.372095808  -25.445369990  -15.466235471
    0.285599332   -1.396263402   38.050660762  -40.400511852  -13.325948494
    0.475998887   -1.396263402   29.439987880  -48.483448524  -11.835574209
    0.666398442   -1.396263402   20.381636896  -44.393250834  -11.001223094
    0.856797996   -1.396263402   13.450106881  -26.253994128  -10.595541370
    1.047197551   -1.396263402   11.090682026    2.645940729  -10.260070715
    1.237597106   -1.396263402   14.653464207   34.385676089   -9.634265710
    1.427996661   -1.396263402   23.774020553   59.543500623   -8.511305253
    1.618396215   -1.396263402   36.455022858   70.951357526   -6.893076431
    1.808795770   -1.396263402   49.765763442   66.194250490   -4.965914679
    1.999195325   -1.396263402   60.796127688   47.755832860   -3.005884100
    2.189594880   -1.396263402   67.450125507   21.319529288   -1.269258887
    2.379994435   -1.396263402   68.842463457   -6.398942765    0.079518852
    2.570393989   -1.396263402   65.320970016  -29.432453557    0.989657517
    2.760793544   -1.396263402   58.209036886  -43.619526677    1.508836393
    2.951193099   -1.396263402   49.406368305  -47.147837842    1.740241320

   -3.141592654   -1.047197551   38.195467449  -42.162468681    3.308633398
   -2.951193099   -1.047197551   31.417036220  -28.424420940    2.028328459
   -2.760793544   -1.047197551   27.547361460  -12.397348527    0.564800567
   -2.570393989   -1.047197551   26.548732836    1.057943595   -1.035597904
   -2.379994435   -1.047197551   27.591181991    8.742707200   -2.872252585
   -2.189594880   -1.047197551   29.467658836    9.941028206   -5.181263854
   -1.999195325   -1.047197551   31.071194637    6.317300606   -8.206866889
   -1.808795770   -1.047197551   31.759544068    0.879082028  -12.002893328
   -1.618396215   -1.047197551   31.487817024   -3.311653247  -16.281479449
   -1.427996661   -1.047197551   30.718595943   -4.122189404  -20.427194442
   -1.237597106   -1.047197551   30.180947607   -0.930314222  -23.684930721
   -1.047197551   -1.047197551   30.566748660    5.300232589  -25.426108875
   -0.856797996   -1.047197551   32.261603113   12.312089339  -25.354493196
   -0.666398442   -1.047197551   35.138883577   17.197735630  -23.578172924
   -0.475998887   -1.047197551   38.521178318   17.229015466  -20.538677276
   -0.285599332   -1.047197551   41.293567719   10.627597529  -16.868336579
   -0.095199777   -1.047197551   42.156275492   -2.645570959  -13.213751368
    0.095199777   -1.047197551   40.018234192  -20.288755510  -10.075574772
    0.285599332   -1.047197551   34.470714703  -37.467368970   -7.703739371
    0.475998887   -1.047197551   26.207044911  -47.720802932   -6.085141415
    0.666398442   -1.047197551   17.133467008  -45.181311351   -5.021381194
    0.856797996   -1.047197551    9.981597928  -27.619559054   -4.228681768
    1.047197551   -1.047197551    7.390676036    1.722970838   -3.461380987
    1.237597106   -1.047197551   10.880761742   34.608272792   -2.553966069
    1.427996661   -1.047197551   20.172859925   61.091285648   -1.454027095
    1.618396215   -1.047197551   33.250446775   73.462407956   -0.190081177
    1.808795770   -1.047197551   47.077003232   68.961817987    1.154049620
    1.999195325   -1.047197551   58.598465279   50.027161607    2.462601572
    2.189594880   -1.047197551   65.592778511   22.558831737    3.604920048
    2.379994435   -1.047197551   67.105887511   -6.369938240    4.449189713
    2.570393989   -1.047197551   63.486687913  -30.431075260    4.880677283
    2.760793544   -1.047197551   56.118621006  -45.226776423    4.828160662
    2.951193099   -1.047197551   46.992100563  -48.858473810    4.282273096

   -3.141592654   -0.698131701   37.759038893  -46.042219796    3.744706433
   -2.951193099   -0.698131701   30.214742674  -32.519909186    1.614323976
   -2.760793544   -0.698131701   25.572535030  -16.383124017   -0.726682635
   -2.570393989   -0.698131701   23.829161982   -2.806898712   -3.166423808
   -2.379994435   -0.698131701   24.121515493    4.647607943   -5.740298393
   -2.189594880   -0.698131701   25.155669685    5.109878945   -8.627650388
   -1.999195325   -0.698131701   25.744718796    0.493735447  -12.003741426
   -1.808795770   -0.698131701   25.252713116   -5.571147992  -15.810166939
   -1.618396215   -0.698131701   23.771890962   -9.338949778  -19.607868919
   -1.427996661   -0.698131701   22.006164610   -8.327798221  -22.652762005
   -1.237597106   -0.698131701   20.938887446   -2.134097562  -24.183669988
   -1.047197551   -0.698131701   21.425510548    7.573566143  -23.755171590
   -0.856797996   -0.698131701   23.860303265   17.675627451  -21.430405214
   -0.666398442   -0.698131701   27.970445838   24.556726008  -17.737793655
   -0.475998887   -0.698131701   32.828988928   25.119907520  -13.454787265
   -0.285599332   -0.698131701   37.039506342   17.622327545   -9.343357991
   -0.095199777   -0.698131701   39.063514956    2.431176225   -5.918295399
    0.095199777   -0.698131701   37.675034231  -17.492786883   -3.321605903
    0.285599332   -0.698131701   32.464842276  -36.609429426   -1.345343127
    0.475998887   -0.698131701   24.246498589  -47.945442960    0.391986164
    0.666398442   -0.698131701   15.109550815  -45.471683525    2.195837195
    0.856797996   -0.698131701    7.963191672  -27.195154685    4.127449611
    1.047197551   -0.698131701    5.553552885    3.209266214    5.981826283
    1.237597106   -0.698131701    9.422563057   37.042158818    7.465507582
    1.427996661   -0.698131701   19.239018752   64.078319248    8.379074965
    1.618396215   -0.698131701   32.901112268   76.533283133    8.731268695
    1.808795770   -0.698131701   47.287769266   71.711825261    8.701459130
    1.999195325   -0.698131701   59.277486608   52.151711770    8.509141397
    2.189594880   -0.698131701   66.597412182   23.820482939    8.285667128
    2.379994435   -0.698131701   68.252459149   -6.170097611    8.017238242
    2.570393989   -0.698131701   64.558935986  -31.424187040    7.570011649
    2.760793544   -0.698131701   56.885751089  -47.426505988    6.772213011
    2.951193099   -0.698131701   47.238545781  -52.079014759    5.499718707

   -3.141592654   -0.349065850   38.606275561  -50.706806769    3.549431195
   -2.951193099   -0.349065850   30.126076054  -37.601806843    0.586929594
   -2.760793544   -0.349065850   24.508681555  -21.484277091   -2.516226778
   -2.570393989   -0.349065850   21.806710632   -7.775523924   -5.561836519
   -2.379994435   -0.349065850   21.151816155   -0.388558524   -8.513608920
   -2.189594880   -0.349065850   21.190923600   -0.358017528  -11.496283070
   -1.999195325   -0.349065850   20.685667512   -5.498736952  -14.625246925
   -1.808795770   -0.349065850   19.042484284  -11.504968814  -17.759924172
   -1.618396215   -0.349065850   16.534481905  -13.938298953  -20.378908451
   -1.427996661   -0.349065850   14.139915710  -10.103447957  -21.721770565
   -1.237597106   -0.349065850   13.086771874   -0.122270936  -21.158661289
   -1.047197551   -0.349065850   14.318091774   13.269380579  -18.550337514
   -0.856797996   -0.349065850   18.100821403   25.865532027  -14.383174095
   -0.666398442   -0.349065850   23.864744330   33.415303756   -9.575417063
   -0.475998887   -0.349065850   30.327719929   32.847415352   -5.109481884
   -0.285599332   -0.349065850   35.802647237   23.049136057   -1.672810655
   -0.095199777   -0.349065850   38.617788116    5.362078944    0.566033997
    0.095199777   -0.349065850   37.604435238  -16.291882533    1.966095498
    0.285599332   -0.349065850   32.562275443  -35.808953957    3.213838061
    0.475998887   -0.349065850   24.562046631  -46.298784450    4.966622992
    0.666398442   -0.349065850   15.872467791  -42.412361622    7.502613982
    0.856797996   -0.349065850    9.423447644  -23.080333311   10.566421801
    1.047197551   -0.349065850    7.823886243    7.406620609   13.493476334
    1.237597106   -0.349065850   12.416535213   40.296903752   15.586169414
    1.427996661   -0.349065850   22.714541314   65.841600890   16.448066364
    1.618396215   -0.349065850   36.572732717   76.887706607   16.133051868
    1.808795770   -0.349065850   50.930408761   71.151524122   15.036176957
    1.999195325   -0.349065850   62.768627875   51.194699171   13.641244911
    2.189594880   -0.349065850   69.890436859   22.711157764   12.282747761
    2.379994435   -0.349065850   71.313875156   -7.535916860   11.036929814
    2.570393989   -0.349065850   67.311203444  -33.367125315    9.753658300
    2.760793544   -0.349065850   59.186609457  -50.270482709    8.184286443
    2.951193099   -0.349065850   48.901742836  -55.925007175    6.128163463

   -3.141592654    0.000000000   39.625567139  -55.900083393    1.984215568
   -2.951193099    0.000000000   30.115992153  -43.131281679   -0.838864213
   -2.760793544    0.000000000   23.446803249  -26.933307741   -3.594202772
   -2.570393989    0.000000000   19.734346929  -12.924116665   -6.157562867
   -2.379994435    0.000000000   18.123039660   -5.313448163   -8.554366773
   -2.189594880    0.000000000   17.229642388   -5.243343678  -10.918883005
   -1.999195325    0.000000000   15.802492480  -10.227508976  -13.309173246
   -1.808795770    0.000000000   13.327026733  -15.337255065  -15.493682238
   -1.618396215    0.000000000   10.272150416  -15.618579253  -16.899752464
   -1.427996661    0.000000000    7.860206749   -8.454267439  -16.831208945
   -1.237597106    0.000000000    7.474322857    5.202869180  -14.869608331
   -1.047197551    0.000000000   10.009097768   21.386877590  -11.188485999
   -0.856797996    0.000000000   15.460388069   34.916700181   -6.574895303
   -0.666398442    0.000000000   22.867614081   41.303076289   -2.092714121
   -0.475998887    0.000000000   30.594249996   38.059375450    1.373134684
   -0.285599332    0.000000000   36.767679957   25.210451099    3.472065758
   -0.095199777    0.000000000   39.763016100    5.316737669    4.506995763
    0.095199777    0.000000000   38.662072650  -16.848957291    5.270550106
    0.285599332    0.000000000   33.613159216  -35.054966246    6.685427715
    0.475998887    0.000000000   25.981281106  -43.094530504    9.355340604
    0.666398442    0.000000000   18.139630052  -36.844428509   13.240111795
    0.856797996    0.000000000   12.883232755  -16.428278373   17.617833623
    1.047197551    0.000000000   12.510978426   13.336728395   21.390345523
    1.237597106    0.000000000   18.039728499   44.019696467   23.604902873
    1.427996661    0.000000000   28.783352335   66.800458537   23.850997875
    1.618396215    0.000000000   42.588333484   75.509772251   22.358429854
    1.808795770    0.000000000   56.537164857   68.420086264   19.783602116
    1.999195325    0.000000000   67.804762885   48.071566051   16.854816261
    2.189594880    0.000000000   74.340852921   19.728456655   14.078739754
    2.379994435    0.000000000   75.214251028  -10.369067113   11.626568525
    2.570393989    0.000000000   70.660470134  -36.399472605    9.390879803
    2.760793544    0.000000000   61.905632839  -53.923456233    7.140388435
    2.951193099    0.000000000   50.847012882  -60.404100562    4.683313089

   -3.141592654    0.349065850   41.441211535  -59.815887534    1.081619265
   -2.951193099    0.349065850   31.151759211  -47.346993851   -0.790381943
   -2.760793544    0.349065850   23.669191573  -31.210128538   -2.449081521
   -2.570393989    0.349065850   19.149182920  -17.110805600   -3.902996283
   -2.379994435    0.349065850   16.749189617   -9.412373287   -5.261085928
   -2.189594880    0.349065850   15.082085815   -9.248139473   -6.665649625
   -1.999195325    0.349065850   12.922637599  -13.817058198   -8.134403021
   -1.808795770    0.349065850    9.863393487  -17.707695540   -9.419262452
   -1.618396215    0.349065850    6.558279894  -15.700489582  -10.023013081
   -1.427996661    0.349065850    4.413080771   -5.508797368   -9.427202565
   -1.237597106    0.349065850    4.868799430   10.973086409   -7.428864860
   -1.047197551    0.349065850    8.674675156   28.668563276   -4.345017498
   -0.856797996    0.349065850   15.503353859   41.770440503   -0.936531033
   -0.666398442    0.349065850   24.032664990   46.016413398    1.967352543
   -0.475998887    0.349065850   32.385705510   39.908283790    3.873013461
   -0.285599332    0.349065850   38.675205975   24.776926893    4.857125758
   -0.095199777    0.349065850   41.496167002    4.247490065    5.533919956
    0.095199777    0.349065850   40.295729369  -16.489700878    6.769520189
    0.285599332    0.349065850   35.587279278  -31.653330648    9.292046805
    0.475998887    0.349065850   28.938091972  -36.234529424   13.314868064
    0.666398442    0.349065850   22.656462386  -27.625454241   18.361632337
    0.856797996    0.349065850   19.208252650   -7.097623675   23.374014091
    1.047197551    0.349065850   20.426377052   20.338386290   27.114191990
    1.237597106    0.349065850   26.926172407   47.062414082   28.682923946
    1.427996661    0.349065850   37.840062842   65.632905907   27.854827234
    1.618396215    0.349065850   51.094682145   71.147506920   25.081817041
    1.808795770    0.349065850   64.037526428   62.506178511   21.211490010
    1.999195325    0.349065850   74.155941003   42.132386270   17.105222172
    2.189594880    0.349065850   79.636809997   14.673336486   13.353346983
    2.379994435    0.349065850   79.651754179  -14.359901512   10.184195369
    2.570393989    0.349065850   74.413586574  -39.690992941    7.541008803
    2.760793544    0.349065850   65.053484073  -57.087387255    5.236663746
    2.951193099    0.349065850   53.367359295  -63.874881961    3.103027432

   -3.141592654    0.698131701   43.101302615  -62.563292893   -0.054680387
   -2.951193099    0.698131701   32.280941006  -50.133399475   -0.638005795
   -2.760793544    0.698131701   24.273845881  -33.895429357   -0.952018662
   -2.570393989    0.698131701   19.260225505  -19.591525158   -1.141380333
   -2.379994435    0.698131701   16.407813126  -11.682279637   -1.370157264
   -2.189594880    0.698131701   14.327133894  -11.307849431   -1.763409052
   -1.999195325    0.698131701   11.806541753  -15.496776470   -2.323217988
   -1.808795770    0.698131701    8.495384634  -18.584674027   -2.882933008
   -1.618396215    0.698131701    5.141406265  -15.260210474   -3.156002121
   -1.427996661    0.698131701    3.227988473   -3.519225120   -2.882921902
   -1.237597106    0.698131701    4.185529211   14.137757100   -2.003917911
   -1.047197551    0.698131701    8.633405582   32.050080820   -0.722487169
   -0.856797996    0.698131701   16.037898813   44.278850377    0.595175754
   -0.666398442    0.698131701   24.906606141   47.041223933    1.672816500
   -0.475998887    0.698131701   33.328451724   39.727556240    2.522559808
   -0.285599332    0.698131701   39.555365911   24.544360858    3.491615069
   -0.095199777    0.698131701   42.452279156    5.541258475    5.133864732
    0.095199777    0.698131701   41.756350108  -12.310570635    7.945451328
    0.285599332    0.698131701   38.166842175  -24.098080471   12.106158877
    0.475998887    0.698131701   33.228424166  -26.050453368   17.291626832
    0.666398442    0.698131701   28.991012491  -16.731332893   22.683044126
    0.856797996    0.698131701   27.489361255    2.034146399   27.169226699
    1.047197551    0.698131701   30.105305478   25.616286090   29.733113089
    1.237597106    0.698131701   37.157133941   47.556309186   29.832939332
    1.427996661    0.698131701   47.736495626   61.819541700   27.583709862
    1.618396215    0.698131701   59.970896469   64.551559102   23.647262579
    1.808795770    0.698131701   71.540412779   54.972672969   18.927813869
    1.999195325    0.698131701   80.258229741   35.148847159   14.243703074
    2.189594880    0.698131701   84.529330232    9.013236178   10.125145185
    2.379994435    0.698131701   83.603802701  -18.617263570    6.784532070
    2.570393989    0.698131701   77.660634104  -42.927376542    4.209153856
    2.760793544    0.698131701   67.739333118  -59.830389521    2.285833051
    2.951193099    0.698131701   55.542846410  -66.534264767    0.894137476

   -3.141592654    1.047197551   41.512136551  -63.220426540   -3.460537816
   -2.951193099    1.047197551   30.665141801  -49.772420961   -2.529381101
   -2.760793544    1.047197551   22.800199033  -32.815137708   -1.330962090
   -2.570393989    1.047197551   18.028011274  -18.201700161   -0.180423328
   -2.379994435    1.047197551   15.436756880  -10.385136541    0.706065104
   -2.189594880    1.047197551   13.570688304  -10.375983236    1.245688394
   -1.999195325    1.047197551   11.185516308  -14.998426265    1.465658187
   -1.808795770    1.047197551    7.935843170  -18.410212602    1.443525409
   -1.618396215    1.047197551    4.598190503  -15.241919582    1.251833070
   -1.427996661    1.047197551    2.681172022   -3.579484487    0.937424937
   -1.237597106    1.047197551    3.615020501   13.921462043    0.537211568
   -1.047197551    1.047197551    7.996959428   31.546201798    0.122839505
   -0.856797996    1.047197551   15.280225817   43.544333206   -0.155313661
   -0.666398442    1.047197551   24.019190695   46.524177829   -0.024572567
   -0.475998887    1.047197551   32.428609904   40.272988705    0.874644010
   -0.285599332    1.047197551   38.940358604   27.147386630    2.894875862
   -0.095199777    1.047197551   42.589585950   10.912714726    6.253515424
    0.095199777    1.047197551   43.189602401   -4.133385090   10.891550963
    0.285599332    1.047197551   41.363586078  -13.972874460   16.396362466
    0.475998887    1.047197551   38.411543899  -15.630038136   22.003391218
    0.666398442    1.047197551   36.023320421   -8.068798076   26.741836215
    0.856797996    1.047197551   35.855766724    7.140556055   29.665982173
    1.047197551    1.047197551   39.022691151   26.233144425   30.166280164
    1.237597106    1.047197551   45.772892049   43.906107704   28.172617396
    1.427996661    1.047197551   55.338786631   55.078295590   24.172462558
    1.618396215    1.047197551   66.122023788   56.313922733   18.993473001
    1.808795770    1.047197551   76.097302976   46.658846555   13.504852909
    1.999195325    1.047197551   83.300734232   27.653300638    8.378542563
    2.189594880    1.047197551   86.253869383    2.684539775    4.009299572
    2.379994435    1.047197551   84.237625772  -23.759227671    0.571313885
    2.570393989    1.047197551   77.422246849  -46.955417415   -1.875669499
    2.760793544    1.047197551   66.837326025  -62.763892263   -3.321356969
    2.951193099    1.047197551   54.188389947  -68.334609254   -3.805822146

   -3.141592654    1.396263402   37.084492313  -61.710263269   -9.118502639
   -2.951193099    1.396263402   26.677694127  -46.754612146   -7.728836962
   -2.760793544    1.396263402   19.472427308  -29.030825763   -5.953223527
   -2.570393989    1.396263402   15.434035974  -14.384088814   -4.110131229
   -2.379994435    1.396263402   13.528975549   -7.059764375   -2.395277058
   -2.189594880    1.396263402   12.225137664   -7.826406755   -0.865644916
   -1.999195325    1.396263402   10.239616972  -13.371322057    0.477030615
   -1.808795770    1.396263402    7.202007705  -17.836054504    1.576406564
   -1.618396215    1.396263402    3.865073594  -15.826522794    2.280611441
   -1.427996661    1.396263402    1.729339236   -5.269847519    2.425276880
   -1.237597106    1.396263402    2.264147711   11.506508453    1.988989858
   -1.047197551    1.396263402    6.176798672   29.173608748    1.208890465
   -0.856797996    1.396263402   13.094494995   42.257804970    0.566453183
   -0.666398442    1.396263402   21.777523548   47.383777544    0.658162689
   -0.475998887    1.396263402   30.619609191   44.040876425    1.987748321
   -0.285599332    1.396263402   38.146459399   34.017042440    4.789289723
   -0.095199777    1.396263402   43.361497539   20.335967139    8.932142185
    0.095199777    1.396263402   45.903329961    6.576699477   13.908542377
    0.285599332    1.396263402   46.101304594   -3.747687524   18.917295158
    0.475998887    1.396263402   44.899560602   -7.754619244   23.030575036
    0.666398442    1.396263402   43.663807505   -4.020929833   25.433387810
    0.856797996    1.396263402   43.843850625    6.729010787   25.629800585
    1.047197551    1.396263402   46.530392409   21.736575645   23.603365057
    1.237597106    1.396263402   52.125965103   36.515662699   19.787542373
    1.427996661    1.396263402   60.128209132   46.284994065   14.912094650
    1.618396215    1.396263402   69.207923427   47.376441046    9.731345718
    1.808795770    1.396263402   77.530397305   38.303154955    4.815534041
    1.999195325    1.396263402   83.220070064   20.120219647    0.470808412
    2.189594880    1.396263402   84.819951761   -3.988392120   -3.194855935
    2.379994435    1.396263402   81.624069447  -29.434049342   -6.140217915
    2.570393989    1.396263402   73.848530025  -51.288885088   -8.291897545
    2.760793544    1.396263402   62.600620823  -65.313430408   -9.536256109
    2.951193099    1.396263402   49.659542948  -68.816824674   -9.794036273

   -3.141592654    1.745329252   31.224623391  -59.588992291  -15.725010470
   -2.951193099    1.745329252   21.370806648  -43.177176590  -14.509565746
   -2.760793544    1.745329252   14.925916055  -24.751119030  -12.624912294
   -2.570393989    1.745329252   11.713296138  -10.086767761  -10.323395438
   -2.379994435    1.745329252   10.592643003   -3.165757766   -7.779221149
   -2.189594880    1.745329252    9.975414639   -4.536104080   -5.061054290
   -1.999195325    1.745329252    8.546091994  -10.862474191   -2.221373614
   -1.808795770    1.745329252    5.888607208  -16.421066679    0.578606118
   -1.618396215    1.745329252    2.689383045  -15.848393941    3.027727386
   -1.427996661    1.745329252    0.405612396   -6.775660464    4.784854318
   -1.237597106    1.745329252    0.553675394    9.089794442    5.696059438
   -1.047197551    1.745329252    4.013612183   27.061992548    5.948770147
   -0.856797996    1.745329252   10.677640729   41.944048183    6.041072217
   -0.666398442    1.745329252   19.572882374   50.073692698    6.580762618
   -0.475998887    1.745329252   29.256082822   50.177491613    8.016391004
   -0.285599332    1.745329252   38.245668150   43.078231648   10.443256672
   -0.095199777    1.745329252   45.358850307   30.924579207   13.543627551
    0.095199777    1.745329252   49.910080804   16.745751880   16.657997289
    0.285599332    1.745329252   51.843386326    3.989924755   18.961353452
    0.475998887    1.745329252   51.753862811   -3.996725167   19.721257093
    0.666398442    1.745329252   50.792862304   -4.907906327   18.560760328
    0.856797996    1.745329252   50.385780948    1.614357655   15.584253181
    1.047197551    1.745329252   51.794163808   13.684220375   11.355827329
    1.237597106    1.745329252   55.710937435   27.206855423    6.651005837
    1.427996661    1.745329252   61.941004322   37.168013421    2.183295126
    1.618396215    1.745329252   69.374006901   39.265874506   -1.641987756
    1.808795770    1.745329252   76.263640985   31.335345019   -4.780053483
    1.999195325    1.745329252   80.715988824   14.038192012   -7.429435021
    2.189594880    1.745329252   81.220338984   -9.428000689   -9.825655467
    2.379994435    1.745329252   77.051668580  -34.161161741  -12.061196278
    2.570393989    1.745329252   68.474225003  -54.885070061  -14.021145036
    2.760793544    1.745329252   56.692950966  -67.218275056  -15.443104595
    2.951193099    1.745329252   43.580166303  -68.674842049  -16.056023952

   -3.141592654    2.094395102   24.392033978  -58.704064054  -18.383424867
   -2.951193099    2.094395102   14.862407489  -40.712690516  -17.228862486
   -2.760793544    2.094395102    9.008476237  -21.090369220  -15.293397798
   -2.570393989    2.094395102    6.573398020   -5.649853567  -12.771812524
   -2.379994435    2.094395102    6.348725490    1.773132805   -9.814631448
   -2.189594880    2.094395102    6.707813942    0.751944157   -6.478820728
   -1.999195325    2.094395102    6.303601346   -5.439999403   -2.804150701
   -1.808795770    2.094395102    4.658701251  -11.307982090    1.051479041
   -1.618396215    2.094395102    2.357415685  -11.633695295    4.742884203
   -1.427996661    2.094395102    0.755409433   -3.868128814    7.839417906
   -1.237597106    2.094395102    1.338374542   10.814239088   10.049153011
   -1.047197551    2.094395102    5.068571574   28.323600136   11.400027461
   -0.856797996    2.094395102   12.008452322   43.737017629   12.234997017
   -0.666398442    2.094395102   21.360251102   53.155244117   13.013003411
   -0.475998887    2.094395102   31.768404063   54.659801887   14.046477356
   -0.285599332    2.094395102   41.698124168   48.296103800   15.327340801
   -0.095199777    2.094395102   49.775456845   35.586150555   16.496179062
    0.095199777    2.094395102   55.038179324   19.298481260   16.961127058
    0.285599332    2.094395102   57.151490329    3.157337966   16.107191742
    0.475998887    2.094395102   56.533852680   -8.700638712   13.568333060
    0.666398442    2.094395102   54.345948969  -12.897966970    9.440112734
    0.856797996    2.094395102   52.220690216   -8.115431374    4.301895941
    1.047197551    2.094395102   51.763874920    4.131794469   -0.954484445
    1.237597106    2.094395102   54.010751446   19.417662794   -5.487449393
    1.427996661    2.094395102   58.988258555   31.827194060   -8.796326001
    1.618396215    2.094395102   65.619712599   36.069287823  -10.873320189
    1.808795770    2.094395102   72.031761924   29.335098836  -12.106488522
    1.999195325    2.094395102   76.131932959   12.190597010  -13.034296291
    2.189594880    2.094395102   76.241940171  -11.773770454  -14.082305234
    2.379994435    2.094395102   71.570285039  -37.043447442  -15.396934329
    2.570393989    2.094395102   62.428708930  -57.802472452  -16.827809855
    2.760793544    2.094395102   50.147931404  -69.406292085  -18.031434973
    2.951193099    2.094395102   36.741476699  -69.481675737  -18.633080047

   -3.141592654    2.443460953   18.135354164  -58.117780815  -13.148867393
   -2.951193099    2.443460953    8.847574170  -38.787392932  -11.679619869
   -2.760793544    2.443460953    3.476144865  -17.997551332   -9.623878459
   -2.570393989    2.443460953    1.724180448   -1.607969244   -7.122483917
   -2.379994435    2.443460953    2.350593869    6.661006119   -4.258191854
   -2.189594880    2.443460953    3.721827267    6.493354582   -0.998360916
   -1.999195325    2.443460953    4.489393788    1.093157117    2.727417677
   -1.808795770    2.443460953    4.139921921   -4.326818895    6.866735614
   -1.618396215    2.443460953    3.162321534   -4.836843126   11.125718242
   -1.427996661    2.443460953    2.782411618    2.071433666   15.022299101
   -1.237597106    2.443460953    4.383190414   15.537316334   18.091409492
   -1.047197551    2.443460953    8.903142524   31.943984085   20.095554530
   -0.856797996    2.443460953   16.458903336   46.654995744   21.085964724
   -0.666398442    2.443460953   26.327641489   55.688427074   21.270553050
   -0.475998887    2.443460953   37.179278319   56.725390668   20.814879009
   -0.285599332    2.443460953   47.415514926   49.312972598   19.708400331
   -0.095199777    2.443460953   55.514993860   34.641562927   17.747608226
    0.095199777    2.443460953   60.337806674   15.492059894   14.651271881
    0.285599332    2.443460953   61.416153625   -3.921243506   10.240076865
    0.475998887    2.443460953   59.166617002  -18.606078761    4.645172785
    0.666398442    2.443460953   54.925569467  -24.259897385   -1.584281505
    0.856797996    2.443460953   50.649944902  -18.986475603   -7.571785476
    1.047197551    2.443460953   48.318235521   -4.436805516  -12.383813928
    1.237597106    2.443460953   49.243149697   14.184610919  -15.407104794
    1.427996661    2.443460953   53.543400957   29.847821459  -16.559635773
    1.618396215    2.443460953   60.031794200   36.332288496  -16.282278542
    1.808795770    2.443460953   66.595252267   30.435025396  -15.298561531
    1.999195325    2.443460953   70.883135457   12.906522547  -14.303310303
    2.189594880    2.443460953   71.035454797  -12.086670872  -13.728951493
    2.379994435    2.443460953   66.201553925  -38.371341390  -13.663261028
    2.570393989    2.443460953   56.747931805  -59.629701370  -13.908902137
    2.760793544    2.443460953   44.129675221  -70.992886818  -14.118491231
    2.951193099    2.443460953   30.497608063  -70.176364306  -13.941617860

   -3.141592654    2.792526803   14.988315837  -56.711983699    1.081863897
   -2.951193099    2.792526803    6.039182594  -36.652751339    3.213092439
   -2.760793544    2.792526803    1.143287335  -15.154493987    5.171146497
   -2.570393989    2.792526803    0.000000000    1.942488837    6.906849124
   -2.379994435    2.792526803    1.379455562   11.050462704    8.558101788
   -2.189594880    2.792526803    3.685491858   11.957066175   10.442752039
   -1.999195325    2.792526803    5.608502098    7.759685533   12.906297825
   -1.808795770    2.792526803    6.627870256    3.299702446   16.095836328
   -1.618396215    2.792526803    7.141953516    3.055946923   19.793875692
   -1.427996661    2.792526803    8.215230578    9.283230947   23.448643683
   -1.237597106    2.792526803   11.056374870   21.241118171   26.389704637
   -1.047197551    2.792526803   16.480097542   35.695265043   28.091785205
   -0.856797996    2.792526803   24.554331363   48.348984797   28.324388538
   -0.666398442    2.792526803   34.551182682   55.332514085   27.107229830
   -0.475998887    2.792526803   45.133205976   54.217992149   24.577440954
   -0.285599332    2.792526803   54.667273569   44.394804852   20.879003437
   -0.095199777    2.792526803   61.579560227   27.066944113   16.121176708
    0.095199777    2.792526803   64.706982426    5.302807477   10.439790588
    0.285599332    2.792526803   63.640607498  -16.101461450    4.090944632
    0.475998887    2.792526803   58.980870211  -31.471135841   -2.448262960
    0.666398442    2.792526803   52.365216103  -36.017488761   -8.485454245
    0.856797996    2.792526803   46.098700695  -27.867713840  -13.256078605
    1.047197551    2.792526803   42.443511715   -9.349354406  -16.173205375
    1.237597106    2.792526803   42.822095711   13.279185405  -17.077722958
    1.427996661    2.792526803   47.259828058   31.981132687  -16.285215213
    1.618396215    2.792526803   54.324502512   40.001744519  -14.432290937
    1.808795770    2.792526803   61.615168386   34.209750825  -12.195860069
    1.999195325    2.792526803   66.552278430   15.857167774  -10.052336484
    2.189594880    2.792526803   67.158561805  -10.264119678   -8.179966165
    2.379994435    2.792526803   62.574995773  -37.495463458   -6.510472558
    2.570393989    2.792526803   53.231555775  -59.261243911   -4.860592535
    2.760793544    2.792526803   40.675408333  -70.631377029   -3.065826870
    2.951193099    2.792526803   27.145623835  -69.418717812   -1.062590673
