#! FIELDS phi psi file.free der_phi der_psi
#! SET min_phi -pi
#! SET max_phi pi
#! SET nbins_phi  33
#! SET periodic_phi true
#! SET min_psi -pi
#! SET max_psi pi
#! SET nbins_psi  18
#! SET periodic_psi true
   -3.141592654   -3.141592654 -109.807416092  -52.700002323   17.476850186
   -2.951193099   -3.141592654 -118.095241045  -33.795282737   19.779669351
   -2.760793544   -3.141592654 -122.569843147  -13.575454604   21.156408065
   -2.570393989   -3.141592654 -123.506527621    2.630057525   21.788289011
   -2.379994435   -3.141592654 -122.015085465   11.704358196   22.124480352
   -2.189594880   -3.141592654 -119.503017429   13.634410766   22.762163687
   -1.999195325   -3.141592654 -117.092239481   11.299899737   24.212365897
   -1.808795770   -3.141592654 -115.198330593    8.907917098   26.641940146
   -1.618396215   -3.141592654 -113.461824906   10.117571269   29.729898801
   -1.427996661   -3.141592654 -111.003699456   16.520235872   32.743151386
   -1.237597106   -3.141592654 -106.888977337   27.133955251   34.808759895
   -1.047197551   -3.141592654 -100.577884340   38.948487534   35.231180427
   -0.856797996   -3.141592654  -92.205467661   48.140437466   33.700024105
   -0.666398442   -3.141592654  -82.606394020   51.350502912   30.279941978
   -0.475998887   -3.141592654  -73.135105895   46.589961589   25.291622324
   -0.285599332   -3.141592654  -65.365718270   33.597887115   19.170660027
   -0.095199777   -3.141592654  -60.748462423   13.926151194   12.369323141
    0.095199777   -3.141592654  -60.255245270   -9.003275315    5.346592930
    0.285599332   -3.141592654  -64.039071951  -30.068333544   -1.413780067
    0.475998887   -3.141592654  -71.194754767  -43.453894919   -7.366361371
    0.666398442   -3.141592654  -79.783866676  -44.557852831  -11.949993568
    0.856797996   -3.141592654  -87.275589018  -32.113284492  -14.707273330
    1.047197551   -3.141592654  -91.328664302   -9.364852896  -15.461526373
    1.237597106   -3.141592654  -90.620488039   16.549612989  -14.434026636
    1.427996661   -3.141592654  -85.362065696   37.083840704  -12.168353775
    1.618396215   -3.141592654  -77.267399727   45.526366485   -9.294796654
    1.808795770   -3.141592654  -68.963371460   39.241300670   -6.269672862
    1.999195325   -3.141592654  -63.139464397   20.156376148   -3.246820522
    2.189594880   -3.141592654  -61.763402943   -6.397282801   -0.135090565
    2.379994435   -3.141592654  -65.612508047  -33.565212203    3.223989522
    2.570393989   -3.141592654  -74.171336772  -54.926434656    6.880548384
    2.760793544   -3.141592654  -85.861358437  -65.921150197   10.691356117
    2.951193099   -3.141592654  -98.487961192  -64.753332523   14.348098599

   -3.141592654   -2.792526803 -102.176988262  -48.685301911   25.915438981
   -2.951193099   -2.792526803 -109.891530074  -31.799852169   27.875774755
   -2.760793544   -2.792526803 -114.160085000  -13.319000317   28.584461002
   -2.570393989   -2.792526803 -115.154480414    1.932527452   28.384313439
   -2.379994435   -2.792526803 -113.798667316   11.176663290   27.878261391
   -2.189594880   -2.792526803 -111.278701758   14.412835699   27.745930378
   -1.999195325   -2.792526803 -108.533326390   14.098361566   28.488472425
   -1.808795770   -2.792526803 -105.913075727   13.650894750   30.189476268
   -1.618396215   -2.792526803 -103.159830815   15.829083555   32.418413454
   -1.427996661   -2.792526803  -99.649117005   21.573835306   34.345196194
   -1.237597106   -2.792526803  -94.777381223   29.768447942   35.040438980
   -1.047197551   -2.792526803  -88.308229790   37.823444135   33.810193021
   -0.856797996   -2.792526803  -80.562210187   42.667177525   30.422368928
   -0.666398442   -2.792526803  -72.407550684   41.760547953   25.110246164
   -0.475998887   -2.792526803  -65.087626457   33.788529228   18.438970130
   -0.285599332   -2.792526803  -59.958703245   18.916396009   11.115937762
   -0.095199777   -2.792526803  -58.196271658   -1.115480565    3.823667222
    0.095199777   -2.792526803  -60.482221811  -22.913218882   -2.857553118
    0.285599332   -2.792526803  -66.700940945  -41.528071746   -8.469061406
    0.475998887   -2.792526803  -75.722044809  -51.447627353  -12.645183029
    0.666398442   -2.792526803  -85.452773790  -48.496346897  -15.125415918
    0.856797996   -2.792526803  -93.304067008  -31.991468477  -15.796423836
    1.047197551   -2.792526803  -96.996897272   -5.845275968  -14.776243230
    1.237597106   -2.792526803  -95.387211767   22.291985820  -12.442608930
    1.427996661   -2.792526803  -88.927986639   43.769019285   -9.328938257
    1.618396215   -2.792526803  -79.550031804   52.225590175   -5.911542528
    1.808795770   -2.792526803  -69.999789222   45.640696285   -2.432073520
    1.999195325   -2.792526803  -62.971722192   26.470223162    1.144535692
    2.189594880   -2.792526803  -60.369302116    0.224908757    5.004351711
    2.379994435   -2.792526803  -62.910768302  -26.458647742    9.281962149
    2.570393989   -2.792526803  -70.085941337  -47.583350533   13.901456204
    2.760793544   -2.792526803  -80.401709360  -58.965136153   18.536474483
    2.951193099   -2.792526803  -91.800698731  -58.955364866   22.702005820

   -3.141592654   -2.443460953  -93.402718688  -44.509697895   23.104120995
   -2.951193099   -2.443460953 -100.535847363  -29.868504680   24.614788428
   -2.760793544   -2.443460953 -104.627953922  -13.296126448   25.110325814
   -2.570393989   -2.443460953 -105.736688636    0.880401657   24.918040778
   -2.379994435   -2.443460953 -104.597737312   10.134455031   24.523511516
   -2.189594880   -2.443460953 -102.196003490   14.341823309   24.402764927
   -1.999195325   -2.443460953  -99.332137055   15.424066800   24.831889553
   -1.808795770   -2.443460953  -96.349614149   16.002739715   25.730065582
   -1.618396215   -2.443460953  -93.136653258   18.074167651   26.632930809
   -1.427996661   -2.443460953  -89.329951890   22.188460677   26.827062390
   -1.237597106   -2.443460953  -84.609313430   27.391377324   25.622243058
   -1.047197551   -2.443460953  -78.941270142   31.757543859   22.625008048
   -0.856797996   -2.443460953  -72.695027254   33.093868665   17.899517765
   -0.666398442   -2.443460953  -66.625333113   29.655041851   11.917368575
   -0.475998887   -2.443460953  -61.738529117   20.612139226    5.384227219
   -0.285599332   -2.443460953  -59.097096721    6.221170011   -0.973070381
   -0.095199777   -2.443460953  -59.599024689  -12.012146441   -6.574238661
    0.095199777   -2.443460953  -63.715485726  -31.134049604  -11.050145934
    0.285599332   -2.443460953  -71.210797034  -46.677153940  -14.229402084
    0.475998887   -2.443460953  -80.918334490  -53.534087025  -16.073779339
    0.666398442   -2.443460953  -90.776555657  -47.809468246  -16.628804514
    0.856797996   -2.443460953  -98.273006534  -29.039671087  -15.988776622
    1.047197551   -2.443460953 -101.243289220   -1.315017517  -14.317516245
    1.237597106   -2.443460953  -98.682530108   27.636302193  -11.863904940
    1.427996661   -2.443460953  -91.180362715   49.304985395   -8.927908886
    1.618396215   -2.443460953  -80.755944728   57.673711637   -5.755867833
    1.808795770   -2.443460953  -70.168765595   51.137102696   -2.458237224
    1.999195325   -2.443460953  -62.058052935   32.413526361    1.003088200
    2.189594880   -2.443460953  -58.250415274    6.970300633    4.729966807
    2.379994435   -2.443460953  -59.425610871  -18.894392886    8.755895211
    2.570393989   -2.443460953  -65.113552060  -39.643250879   12.948859691
    2.760793544   -2.443460953  -73.942707889  -51.449595477   16.999410336
    2.951193099   -2.443460953  -84.022164968  -52.765035409   20.504789461

   -3.141592654   -2.094395102  -87.284742392  -41.382824720   13.570953406
   -2.951193099   -2.094395102  -93.956205403  -28.132150256   14.621179792
   -2.760793544   -2.094395102  -97.829922682  -12.670634549   15.171077292
   -2.570393989   -2.094395102  -98.886035649    0.906378056   15.376062709
   -2.379994435   -2.094395102  -97.754014469   10.120546546   15.404618797
   -2.189594880   -2.094395102  -95.327174539   14.651730791   15.355361868
   -1.999195325   -2.094395102  -92.375043414   15.986285851   15.195506257
   -1.808795770   -2.094395102  -89.305934610   16.212248652   14.732745315
   -1.618396215   -2.094395102  -86.165907260   16.916340405   13.663849389
   -1.427996661   -2.094395102  -82.795416849   18.618386349   11.682996927
   -1.237597106   -2.094395102  -79.038400610   20.803590180    8.628991881
   -1.047197551   -2.094395102  -74.905637931   22.334865253    4.585499884
   -0.856797996   -2.094395102  -70.650251832   21.832436019   -0.102265296
   -0.666398442   -2.094395102  -66.782420527   18.060851790   -4.932663744
   -0.475998887   -2.094395102  -64.011460468   10.223926718   -9.387509220
   -0.285599332   -2.094395102  -63.139368100   -1.827578770  -13.058381969
   -0.095199777   -2.094395102  -64.905963400  -17.215616683  -15.724547159
    0.095199777   -2.094395102  -69.746811358  -33.593516343  -17.363266523
    0.285599332   -2.094395102  -77.489378670  -46.909244711  -18.103217783
    0.475998887   -2.094395102  -87.081052884  -52.186211792  -18.142690854
    0.666398442   -2.094395102  -96.576040267  -45.407872362  -17.660548511
    0.856797996   -2.094395102 -103.542267317  -25.896690267  -16.737171207
    1.047197551   -2.094395102 -105.857465134    2.419328919  -15.361892987
    1.237597106   -2.094395102 -102.537564133   31.860983545  -13.493335989
    1.427996661   -2.094395102  -94.191598113   53.923396301  -11.144296838
    1.618396215   -2.094395102  -82.856539259   62.606546133   -8.395452817
    1.808795770   -2.094395102  -71.301432426   56.367447748   -5.375223312
    1.999195325   -2.094395102  -62.162171700   37.985348522   -2.211779030
    2.189594880   -2.094395102  -57.257942595   12.899400801    0.989173763
    2.379994435   -2.094395102  -57.277839587  -12.733572433    4.130215199
    2.570393989   -2.094395102  -61.794036238  -33.572211929    7.096721290
    2.760793544   -2.094395102  -69.511693061  -45.936220786    9.748071674
    2.951193099   -2.094395102  -78.632146211  -48.284550221   11.940604069

   -3.141592654   -1.745329252  -84.793434966  -39.399546191    4.145759306
   -2.951193099   -1.745329252  -91.145716911  -26.767896887    4.727258999
   -2.760793544   -1.745329252  -94.816386574  -11.899839703    5.226198951
   -2.570393989   -1.745329252  -95.779531377    1.115763458    5.591767350
   -2.379994435   -1.745329252  -94.663088579    9.729237311    5.688679490
   -2.189594880   -1.745329252  -92.381090825   13.475170690    5.312103079
   -1.999195325   -1.745329252  -89.755007850   13.668702876    4.242927008
   -1.808795770   -1.745329252  -87.270365039   12.327792609    2.318510220
   -1.618396215   -1.745329252  -85.045223899   11.167562447   -0.491505115
   -1.427996661   -1.745329252  -82.945213092   11.074221240   -4.046401639
   -1.237597106   -1.745329252  -80.754917775   12.028041360   -8.033357501
   -1.047197551   -1.745329252  -78.334235111   13.327067206  -12.024046940
   -0.856797996   -1.745329252  -75.721610311   13.783307363  -15.559552900
   -0.666398442   -1.745329252  -73.209442475   12.014990391  -18.264216722
   -0.475998887   -1.745329252  -71.346354331    6.795313952  -19.922303090
   -0.285599332   -1.745329252  -70.870390570   -2.594247630  -20.514128946
   -0.095199777   -1.745329252  -72.563989213  -15.798113100  -20.206733524
    0.095199777   -1.745329252  -76.990841034  -30.811398915  -19.308188367
    0.285599332   -1.745329252  -84.148186966  -43.681977094  -18.183677157
    0.475998887   -1.745329252  -93.144508734  -49.253962275  -17.151757872
    0.666398442   -1.745329252 -102.139334993  -43.100744916  -16.378749695
    0.856797996   -1.745329252 -108.718380316  -24.079092182  -15.796689913
    1.047197551   -1.745329252 -110.698539962    4.215234929  -15.144045485
    1.237597106   -1.745329252 -106.996131125   34.148698127  -14.092456523
    1.427996661   -1.745329252  -98.138857170   57.022126295  -12.432580464
    1.618396215   -1.745329252  -86.133005768   66.516240273  -10.168503717
    1.808795770   -1.745329252  -73.774469934   60.828093343   -7.514760895
    1.999195325   -1.745329252  -63.761068287   42.634493930   -4.792587358
    2.189594880   -1.745329252  -57.979312178   17.411346187   -2.299292365
    2.379994435   -1.745329252  -57.170680952   -8.578083011   -0.222340315
    2.570393989   -1.745329252  -60.938740979  -29.886979936    1.384445311
    2.760793544   -1.745329252  -68.004107097  -42.779933846    2.574559994
    2.951193099   -1.745329252  -76.576721269  -45.695603006    3.456608704

   -3.141592654   -1.396263402  -86.562069221  -39.802230610    1.823468767
   -2.951193099   -1.396263402  -92.951045121  -26.738041574    1.841372860
   -2.760793544   -1.396263402  -96.572552473  -11.446956750    1.815057278
   -2.570393989   -1.396263402  -97.430335553    1.694636964    1.630045024
   -2.379994435   -1.396263402  -96.235078165    9.861972599    1.050555486
   -2.189594880   -1.396263402  -94.028067051   12.427607859   -0.229641572
   -1.999195325   -1.396263402  -91.770188685   10.753207140   -2.474978405
   -1.808795770   -1.396263402  -90.050698486    7.193310423   -5.767751899
   -1.618396215   -1.396263402  -89.002485733    4.031645692   -9.904856264
   -1.427996661   -1.396263402  -88.387140954    2.807463301  -14.401115421
   -1.237597106   -1.396263402  -87.772700809    3.988879615  -18.606276737
   -1.047197551   -1.396263402  -86.742887400    6.993309145  -21.889587765
   -0.856797996   -1.396263402  -85.076828092   10.318153129  -23.804152998
   -0.666398442   -1.396263402  -82.904123935   11.932573128  -24.187853021
   -0.475998887   -1.396263402  -80.749183468    9.836598561  -23.163087788
   -0.285599332   -1.396263402  -79.465491602    2.652637343  -21.080474201
   -0.095199777   -1.396263402  -80.052935601   -9.665369553  -18.429516896
    0.095199777   -1.396263402  -83.339783974  -25.192042697  -15.733308166
    0.285599332   -1.396263402  -89.571641786  -39.730098322  -13.436683496
    0.475998887   -1.396263402  -98.026924471  -47.563008659  -11.809569761
    0.666398442   -1.396263402 -106.906083624  -43.478984042  -10.886839563
    0.856797996   -1.396263402 -113.683691452  -25.589035264  -10.452448520
    1.047197551   -1.396263402 -115.952348568    2.918623509  -10.138196392
    1.237597106   -1.396263402 -112.377116543   34.248221462   -9.558675050
    1.427996661   -1.396263402 -103.316479887   59.065141149   -8.479095623
    1.618396215   -1.396263402  -90.750961170   70.232491821   -6.881438984
    1.808795770   -1.396263402  -77.591726773   65.334609385   -4.946613456
    1.999195325   -1.396263402  -66.729011714   46.873773568   -2.959922842
    2.189594880   -1.396263402  -60.232726461   20.571311132   -1.195965258
    2.379994435   -1.396263402  -58.955236236   -6.832139600    0.162865449
    2.570393989   -1.396263402  -62.516714580  -29.405833667    1.058841195
    2.760793544   -1.396263402  -69.576368791  -43.109131667    1.548959056
    2.951193099   -1.396263402  -78.245017373  -46.285912023    1.757840436

   -3.141592654   -1.047197551  -89.267072557  -41.204748064    3.592112373
   -2.951193099   -1.047197551  -95.869246055  -27.577576094    2.318084700
   -2.760793544   -1.047197551  -99.607088500  -11.892557893    0.886640362
   -2.570393989   -1.047197551 -100.551735182    1.110581205   -0.674503916
   -2.379994435   -1.047197551  -99.540693911    8.374272452   -2.489533323
   -2.189594880   -1.047197551  -97.763835722    9.290962757   -4.814258550
   -1.999195325   -1.047197551  -96.295265314    5.582275721   -7.900183179
   -1.808795770   -1.047197551  -95.738991832    0.253659148  -11.794420023
   -1.618396215   -1.047197551  -96.107482838   -3.693455043  -16.193581986
   -1.427996661   -1.047197551  -96.922434446   -4.230447304  -20.462533823
   -1.237597106   -1.047197551  -97.460928292   -0.859277620  -23.827663650
   -1.047197551   -1.047197551  -97.057529917    5.380138144  -25.645383882
   -0.856797996   -1.047197551  -95.359405042   12.245457696  -25.609669357
   -0.666398442   -1.047197551  -92.513395778   16.939172845  -23.823970404
   -0.475998887   -1.047197551  -89.191363657   16.880941245  -20.730817436
   -0.285599332   -1.047197551  -86.477692823   10.394493272  -16.969874677
   -0.095199777   -1.047197551  -85.631463086   -2.560221166  -13.202357393
    0.095199777   -1.047197551  -87.713820762  -19.788912060   -9.950801054
    0.285599332   -1.047197551  -93.130533276  -36.619500546   -7.490012879
    0.475998887   -1.047197551 -101.215182045  -46.734191024   -5.827297228
    0.666398442   -1.047197551 -110.108531687  -44.319837925   -4.771677156
    0.856797996   -1.047197551 -117.125446759  -27.092469847   -4.029917520
    1.047197551   -1.047197551 -119.654990606    1.836393600   -3.332893755
    1.237597106   -1.047197551 -116.179294125   34.358109102   -2.486052405
    1.427996661   -1.047197551 -106.960178917   60.592964836   -1.412505664
    1.618396215   -1.047197551  -93.992055862   72.824202099   -0.128614306
    1.808795770   -1.047197551  -80.294345368   68.251102691    1.278025693
    1.999195325   -1.047197551  -68.910278167   49.302952882    2.673217381
    2.189594880   -1.047197551  -62.047735854   21.916205114    3.899096940
    2.379994435   -1.047197551  -60.637438386   -6.784788849    4.798180501
    2.570393989   -1.047197551  -64.301189547  -30.465320435    5.243040480
    2.760793544   -1.047197551  -71.632710796  -44.810466650    5.168764811
    2.951193099   -1.047197551  -80.641530067  -48.064481571    4.587998271

   -3.141592654   -0.698131701  -89.614912266  -45.135877977    4.145894041
   -2.951193099   -0.698131701  -96.988304719  -31.678109730    1.968343892
   -2.760793544   -0.698131701 -101.496120373  -15.851251359   -0.391147655
   -2.570393989   -0.698131701 -103.180131122   -2.731514444   -2.828662448
   -2.379994435   -0.698131701 -102.918485321    4.257993590   -5.396636612
   -2.189594880   -0.698131701 -101.994168771    4.371346691   -8.290881848
   -1.999195325   -0.698131701 -101.563461506   -0.395736889  -11.695940966
   -1.808795770   -0.698131701 -102.221540706   -6.393781480  -15.553036173
   -1.618396215   -0.698131701 -103.837859021   -9.922926949  -19.416141512
   -1.427996661   -0.698131701 -105.685022131   -8.602060295  -22.528673987
   -1.237597106   -0.698131701 -106.778385461   -2.157026185  -24.114715178
   -1.047197551   -0.698131701 -106.283312059    7.653357381  -23.714116908
   -0.856797996   -0.698131701 -103.835898116   17.706118636  -21.379650540
   -0.666398442   -0.698131701  -99.730455081   24.475746637  -17.637349095
   -0.475998887   -0.698131701  -94.893282258   24.996295403  -13.273145907
   -0.285599332   -0.698131701  -90.697822934   17.615674381   -9.067501230
   -0.095199777   -0.698131701  -88.650856319    2.696593127   -5.559853574
    0.095199777   -0.698131701  -89.957263088  -16.901566073   -2.916982698
    0.285599332   -0.698131701  -95.029737725  -35.782303999   -0.947912921
    0.475998887   -0.698131701 -103.083509201  -47.086263066    0.725544143
    0.666398442   -0.698131701 -112.071949466  -44.807552346    2.422273553
    0.856797996   -0.698131701 -119.123017359  -26.876856079    4.230502229
    1.047197551   -0.698131701 -121.507118497    3.164210070    5.978523770
    1.237597106   -0.698131701 -117.674073669   36.729035932    7.403036610
    1.427996661   -0.698131701 -107.931899872   63.629277866    8.323482176
    1.618396215   -0.698131701  -94.360074006   76.042502078    8.751018032
    1.808795770   -0.698131701  -80.067802428   71.207677334    8.849671449
    1.999195325   -0.698131701  -68.174737464   51.639595271    8.809256313
    2.189594880   -0.698131701  -60.949964454   23.342562775    8.724288202
    2.379994435   -0.698131701  -59.373935893   -6.503071912    8.548466553
    2.570393989   -0.698131701  -63.105013541  -31.464293889    8.130985070
    2.760793544   -0.698131701  -70.749202338  -47.076525350    7.304625134
    2.951193099   -0.698131701  -80.293435118  -51.365269263    5.968570393

   -3.141592654   -0.349065850  -88.649889088  -49.961312124    3.992947986
   -2.951193099   -0.349065850  -96.986423856  -36.881369805    0.926553091
   -2.760793544   -0.349065850 -102.487629507  -21.022812150   -2.255994014
   -2.570393989   -0.349065850 -105.139718287   -7.732697616   -5.350248388
   -2.379994435   -0.349065850 -105.829795826   -0.796653516   -8.325640526
   -2.189594880   -0.349065850 -105.904288170   -1.120258277  -11.318023667
   -1.999195325   -0.349065850 -106.573609074   -6.424262705  -14.452946095
   -1.808795770   -0.349065850 -108.390656371  -12.371958337  -17.595075622
   -1.618396215   -0.349065850 -111.042405856  -14.561122731  -20.223363744
   -1.427996661   -0.349065850 -113.523898422  -10.392685816  -21.571621121
   -1.237597106   -0.349065850 -114.602159472   -0.116823349  -21.000217664
   -1.047197551   -0.349065850 -113.351693494   13.434246771  -18.359177176
   -0.856797996   -0.349065850 -109.534636824   26.037202185  -14.129169585
   -0.666398442   -0.349065850 -103.744732965   33.509999091   -9.232253358
   -0.475998887   -0.349065850  -97.269527162   32.893237173   -4.666855086
   -0.285599332   -0.349065850  -91.782002161   23.155469833   -1.145370574
   -0.095199777   -0.349065850  -88.931309167    5.641092194    1.136482985
    0.095199777   -0.349065850  -89.871325483  -15.806752485    2.516980264
    0.285599332   -0.349065850  -94.806629288  -35.195457368    3.676507024
    0.475998887   -0.349065850 -102.690028303  -45.718497706    5.284328952
    0.666398442   -0.349065850 -111.285697451  -42.032216920    7.647159966
    0.856797996   -0.349065850 -117.689053033  -22.989871364   10.546804206
    1.047197551   -0.349065850 -119.297145055    7.237724331   13.354992794
    1.237597106   -0.349065850 -114.751917587   39.989418627   15.400295679
    1.427996661   -0.349065850 -104.514559156   65.528037260   16.297084595
    1.618396215   -0.349065850  -90.710236556   76.637662264   16.093097516
    1.808795770   -0.349065850  -76.394626677   70.947339369   15.161772671
    1.999195325   -0.349065850  -64.595105092   50.980895081   13.954263716
    2.189594880   -0.349065850  -57.516835249   22.467742013   12.767218105
    2.379994435   -0.349065850  -56.137772662   -7.744616893   11.642843001
    2.570393989   -0.349065850  -60.166377552  -33.408643749   10.409559852
    2.760793544   -0.349065850  -68.272789273  -50.026346603    8.816299506
    2.951193099   -0.349065850  -78.480990549  -55.372421415    6.679439777

   -3.141592654    0.000000000  -87.485737974  -55.399016600    2.296895136
   -2.951193099    0.000000000  -96.896038408  -42.625837664   -0.667777602
   -2.760793544    0.000000000 -103.484496589  -26.626516432   -3.540572381
   -2.570393989    0.000000000 -107.170190879  -12.970453455   -6.181561910
   -2.379994435    0.000000000 -108.828301514   -5.757391081   -8.612661719
   -2.189594880    0.000000000 -109.838419241   -6.005330346  -10.973499893
   -1.999195325    0.000000000 -111.427298776  -11.129887353  -13.332008363
   -1.808795770    0.000000000 -114.070547649  -16.163500404  -15.466933696
   -1.618396215    0.000000000 -117.259506682  -16.178743970  -16.814267564
   -1.427996661    0.000000000 -119.743552453   -8.647677571  -16.681616018
   -1.237597106    0.000000000 -120.132214450    5.349138790  -14.649807258
   -1.047197551    0.000000000 -117.546913196   21.739325017  -10.889321090
   -0.856797996    0.000000000 -112.022313831   35.305434947   -6.187268934
   -0.666398442    0.000000000 -104.548040052   41.603624555   -1.614722474
   -0.475998887    0.000000000  -96.775347486   38.245437380    1.927210999
   -0.285599332    0.000000000  -90.573068060   25.340314895    4.066891138
   -0.095199777    0.000000000  -87.551231611    5.475107135    5.088206067
    0.095199777    0.000000000  -88.615199152  -16.620630300    5.774359121
    0.285599332    0.000000000  -93.615880070  -34.791107504    7.053924288
    0.475998887    0.000000000 -101.201159026  -42.890253021    9.551602131
    0.666398442    0.000000000 -109.017286307  -36.795483886   13.259334127
    0.856797996    0.000000000 -114.281947763  -16.564788540   17.489610418
    1.047197551    0.000000000 -114.692841031   13.082667605   21.173081354
    1.237597106    0.000000000 -109.213076662   43.780890091   23.373700132
    1.427996661    0.000000000  -98.503213802   66.696564682   23.683132170
    1.618396215    0.000000000  -84.701473270   75.574133868   22.319051592
    1.808795770    0.000000000  -70.729172485   68.580184754   19.913832664
    1.999195325    0.000000000  -59.431426977   48.205758500   17.164499224
    2.189594880    0.000000000  -52.879360565   19.752812035   14.544094510
    2.379994435    0.000000000  -52.010984126  -10.437745530   12.194752833
    2.570393989    0.000000000  -56.577967129  -36.447384606    9.990459582
    2.760793544    0.000000000  -65.328756331  -53.816052004    7.696625525
    2.951193099    0.000000000  -76.345629692  -60.072255416    5.134959820

   -3.141592654    0.349065850  -85.581858851  -59.583780394    1.213511414
   -2.951193099    0.349065850  -95.823481537  -47.104421201   -0.777322500
   -2.760793544    0.349065850 -103.271007219  -31.114423154   -2.535610357
   -2.570393989    0.349065850 -107.797262098  -17.290101704   -4.052221619
   -2.379994435    0.349065850 -110.261217426   -9.903644610   -5.427626749
   -2.189594880    0.349065850 -112.046290054   -9.977758393   -6.804995987
   -1.999195325    0.349065850 -114.354805027  -14.621323146   -8.210861762
   -1.808795770    0.349065850 -117.558343626  -18.388756564   -9.410544892
   -1.618396215    0.349065850 -120.966993864  -16.087685012   -9.921536211
   -1.427996661    0.349065850 -123.150182545   -5.519153761   -9.237263350
   -1.237597106    0.349065850 -122.662628374   11.298204640   -7.161980349
   -1.047197551    0.349065850 -118.773575255   29.183026213   -4.015124946
   -0.856797996    0.349065850 -111.843335872   42.291680321   -0.558116913
   -0.666398442    0.349065850 -103.225772465   46.404216532    2.378627021
   -0.475998887    0.349065850  -94.815728285   40.119211115    4.297223613
   -0.285599332    0.349065850  -88.499888964   24.853463744    5.267671156
   -0.095199777    0.349065850  -85.670679977    4.266912629    5.897704611
    0.095199777    0.349065850  -86.868283541  -16.478412983    7.050986121
    0.285599332    0.349065850  -91.575296560  -31.658512353    9.461422078
    0.475998887    0.349065850  -98.230824837  -36.309380248   13.357019258
    0.666398442    0.349065850 -104.537192295  -27.817768640   18.282936260
    0.856797996    0.349065850 -108.032540418   -7.395107752   23.203072194
    1.047197551    0.349065850 -106.873730686   20.031245105   26.897222824
    1.237597106    0.349065850 -100.421911682   46.887359118   28.474721121
    1.427996661    0.349065850  -89.519139299   65.700352441   27.708528570
    1.618396215    0.349065850  -76.226844463   71.464927180   25.039153727
    1.808795770    0.349065850  -63.207598638   62.962254745   21.294944114
    1.999195325    0.349065850  -53.002369631   42.557456566   17.314072268
    2.189594880    0.349065850  -47.454647450   14.933406504   13.663944218
    2.379994435    0.349065850  -47.408718524  -14.292097009   10.555041254
    2.570393989    0.349065850  -52.645936548  -39.729308345    7.920422827
    2.760793544    0.349065850  -62.012574016  -57.098692504    5.571903533
    2.951193099    0.349065850  -73.689732763  -63.761942943    3.349946768

   -3.141592654    0.698131701  -83.914817043  -62.507274589   -0.068718586
   -2.951193099    0.698131701  -94.722158381  -50.073828284   -0.706891430
   -2.760793544    0.698131701 -102.726439635  -33.948393903   -1.072703621
   -2.570393989    0.698131701 -107.768374300  -19.849096960   -1.295213237
   -2.379994435    0.698131701 -110.691156775  -12.160724751   -1.525075605
   -2.189594880    0.698131701 -112.878531135  -11.933515591   -1.880953278
   -1.999195325    0.698131701 -115.521154250  -16.125472713   -2.369059397
   -1.808795770    0.698131701 -118.938970457  -19.052363017   -2.836699559
   -1.618396215    0.698131701 -122.355389952  -15.435690709   -3.017778456
   -1.427996661    0.698131701 -124.269540935   -3.355148371   -2.673062203
   -1.237597106    0.698131701 -123.252572978   14.575924642   -1.756734701
   -1.047197551    0.698131701 -118.706697607   32.606875074   -0.474711179
   -0.856797996    0.698131701 -111.198963536   44.777342530    0.815639463
   -0.666398442    0.698131701 -102.251426302   47.355499013    1.854166832
   -0.475998887    0.698131701  -93.790017464   39.831393304    2.668757809
   -0.285599332    0.698131701  -87.559181363   24.494459990    3.614754410
   -0.095199777    0.698131701  -84.679040800    5.425418330    5.243639363
    0.095199777    0.698131701  -85.397983707  -12.434075448    8.041228113
    0.285599332    0.698131701  -89.010793076  -24.226320609   12.177279800
    0.475998887    0.698131701  -93.976767542  -26.222488707   17.324433591
    0.666398442    0.698131701  -98.253797610  -16.980961339   22.670669313
    0.856797996    0.698131701  -99.808962989    1.728000103   27.117008520
    1.047197551    0.698131701  -97.249271553   25.349442595   29.658068403
    1.237597106    0.698131701  -90.233694613   47.462425293   29.757853052
    1.427996661    0.698131701  -79.647181296   61.995248575   27.529954723
    1.618396215    0.698131701  -67.353219116   64.987956388   23.628857142
    1.808795770    0.698131701  -55.684904291   55.542729886   18.948503014
    1.999195325    0.698131701  -46.860096793   35.669910019   14.297635105
    2.189594880    0.698131701  -42.506400387    9.341236431   10.200543655
    2.379994435    0.698131701  -43.391456754  -18.519459651    6.868315963
    2.570393989    0.698131701  -49.332449389  -42.984774764    4.288936423
    2.760793544    0.698131701  -59.269360887  -59.919143157    2.348808471
    2.951193099    0.698131701  -71.477254599  -66.556682013    0.925839527

   -3.141592654    1.047197551  -85.601933443  -63.178423496   -3.565466487
   -2.951193099    1.047197551  -96.439256829  -49.732681536   -2.620828037
   -2.760793544    1.047197551 -104.304673317  -32.879130867   -1.422745559
   -2.570393989    1.047197551 -109.104523189  -18.437583200   -0.272010885
   -2.379994435    1.047197551 -111.757150784  -10.788235571    0.635128592
   -2.189594880    1.047197551 -113.709947841  -10.868185978    1.230414321
   -1.999195325    1.047197551 -116.187401901  -15.452682389    1.539982394
   -1.808795770    1.047197551 -119.509387462  -18.698877385    1.623092194
   -1.618396215    1.047197551 -122.878538456  -15.279159857    1.522589768
   -1.427996661    1.047197551 -124.777115420   -3.358209932    1.256600503
   -1.237597106    1.047197551 -123.782477612   14.315681073    0.846696767
   -1.047197551    1.047197551 -119.320108560   31.966537007    0.370524816
   -0.856797996    1.047197551 -111.965578012   43.851679135    0.003625320
   -0.666398442    1.047197551 -103.185039271   46.647919456    0.052825729
   -0.475998887    1.047197551  -94.767915280   40.239861707    0.906453529
   -0.285599332    1.047197551  -88.270573656   27.044228863    2.928244109
   -0.095199777    1.047197551  -84.640198321   10.824798725    6.326081901
    0.095199777    1.047197551  -84.052305811   -4.176760855   11.016716485
    0.285599332    1.047197551  -85.884495450  -14.007589630   16.561884709
    0.475998887    1.047197551  -88.847580649  -15.725693005   22.181355254
    0.666398442    1.047197551  -91.263701049   -8.272475772   26.903500412
    0.856797996    1.047197551  -91.478873541    6.851761861   29.792445422
    1.047197551    1.047197551  -88.366916536   25.964401399   30.251622727
    1.237597106    1.047197551  -81.654396100   43.800511852   28.219916630
    1.427996661    1.047197551  -72.084112918   55.236784469   24.187181075
    1.618396215    1.047197551  -61.245233569   56.725591265   18.977521746
    1.808795770    1.047197551  -51.177006553   47.190832339   13.454508373
    1.999195325    1.047197551  -43.875258874   28.121211481    8.287368768
    2.189594880    1.047197551  -40.850580786    2.951611364    3.875544168
    2.379994435    1.047197551  -42.837594780  -23.715821362    0.405082215
    2.570393989    1.047197551  -49.659509239  -47.048858183   -2.052394512
    2.760793544    1.047197551  -60.264984942  -62.869706076   -3.483783100
    2.951193099    1.047197551  -72.927604348  -68.366296845   -3.938714238

   -3.141592654    1.396263402  -90.131530941  -61.534621073   -9.336128594
   -2.951193099    1.396263402 -100.506706489  -46.620238142   -7.878148408
   -2.760793544    1.396263402 -107.698330182  -29.038044025   -6.061261565
   -2.570393989    1.396263402 -111.754996770  -14.572587261   -4.191816532
   -2.379994435    1.396263402 -113.710393064   -7.389211025   -2.442878463
   -2.189594880    1.396263402 -115.082875854   -8.202261666   -0.852828384
   -1.999195325    1.396263402 -117.135455959  -13.682499849    0.578076393
   -1.808795770    1.396263402 -120.219021164  -18.000152962    1.775243616
   -1.618396215    1.396263402 -123.569839596  -15.812129816    2.556692701
   -1.427996661    1.396263402 -125.687360718   -5.106805236    2.730236015
   -1.237597106    1.396263402 -125.113500851   11.734551407    2.263146382
   -1.047197551    1.396263402 -121.159092499   29.364690676    1.404857904
   -0.856797996    1.396263402 -114.214032089   42.346824953    0.668779464
   -0.666398442    1.396263402 -105.523819232   47.375812966    0.689759823
   -0.475998887    1.396263402  -96.686737634   44.009931809    2.000416129
   -0.285599332    1.396263402  -89.160794511   34.049053608    4.842055373
   -0.095199777    1.396263402  -83.929733067   20.467696423    9.067655799
    0.095199777    1.396263402  -81.355998012    6.762986125   14.137339564
    0.285599332    1.396263402  -81.125230357   -3.612300587   19.216931080
    0.475998887    1.396263402  -82.314778741   -7.779212243   23.357845814
    0.666398442    1.396263402  -83.574723998   -4.254028490   25.742246741
    0.856797996    1.396263402  -83.455553851    6.336453764   25.885534745
    1.047197551    1.396263402  -80.848018398   21.324916994   23.787512020
    1.237597106    1.396263402  -75.318651150   36.257020479   19.893803715
    1.427996661    1.396263402  -67.340812605   46.295008903   14.938145682
    1.618396215    1.396263402  -58.233081995   47.645820060    9.671808516
    1.808795770    1.396263402  -49.844429056   38.695453579    4.661250614
    1.999195325    1.396263402  -44.082485970   20.455705925    0.215163679
    2.189594880    1.396263402  -42.434108862   -3.826203476   -3.544346197
    2.379994435    1.396263402  -45.615775222  -29.438108908   -6.553154923
    2.570393989    1.396263402  -53.399565491  -51.351183601   -8.717717586
    2.760793544    1.396263402  -64.654799728  -65.314917567   -9.920421383
    2.951193099    1.396263402  -77.585373607  -68.706302774  -10.098798461

   -3.141592654    1.745329252  -96.166051088  -59.163584119  -15.954295759
   -2.951193099    1.745329252 -105.944401394  -42.838103082  -14.674871982
   -2.760793544    1.745329252 -112.342564718  -24.614247293  -12.758620014
   -2.570393989    1.745329252 -115.550078441  -10.168201923  -10.444909959
   -2.379994435    1.745329252 -116.701061214   -3.386256579   -7.883813127
   -2.189594880    1.745329252 -117.363996114   -4.778705638   -5.123676886
   -1.999195325    1.745329252 -118.833272256  -11.027145740   -2.213536564
   -1.808795770    1.745329252 -121.510601503  -16.465947340    0.669711321
   -1.618396215    1.745329252 -124.707431427  -15.789933927    3.188695635
   -1.427996661    1.745329252 -126.974072930   -6.670015922    4.978718175
   -1.237597106    1.745329252 -126.806708108    9.173421064    5.877880387
   -1.047197551    1.745329252 -123.336662121   27.076916941    6.086277337
   -0.856797996    1.745329252 -116.675965434   41.899386668    6.130180729
   -0.666398442    1.745329252 -107.789737927   50.037242053    6.647807514
   -0.475998887    1.745329252  -98.104600248   50.247669292    8.106745954
   -0.285599332    1.745329252  -89.085860706   43.316850158   10.601225552
   -0.095199777    1.745329252  -81.912054310   31.305464132   13.793214307
    0.095199777    1.745329252  -77.283480585   17.148019178   16.992816425
    0.285599332    1.745329252  -75.284426265    4.248360601   19.347598802
    0.475998887    1.745329252  -75.349446266   -4.015551441   20.111393625
    0.666398442    1.745329252  -76.343947269   -5.239427864   18.910187668
    0.856797996    1.745329252  -76.837837134    1.054823836   15.863201666
    1.047197551    1.745329252  -75.543791434   13.073651011   11.551505914
    1.237597106    1.745329252  -71.732255013   26.738776770    6.761381257
    1.427996661    1.745329252  -65.567229155   36.958945802    2.207860852
    1.618396215    1.745329252  -58.149667868   39.295984424   -1.708699624
    1.808795770    1.745329252  -51.241861074   31.462996684   -4.947731042
    1.999195325    1.745329252  -46.768738129   14.102844623   -7.704140420
    2.189594880    1.745329252  -46.264464130   -9.495158228  -10.197653155
    2.379994435    1.745329252  -50.453887206  -34.293146057  -12.496897548
    2.570393989    1.745329252  -59.050741569  -54.933019145  -14.467030703
    2.760793544    1.745329252  -70.822995939  -67.067332974  -15.843063326
    2.951193099    1.745329252  -83.887005375  -68.326285508  -16.372968462

   -3.141592654    2.094395102 -103.094182353  -58.134549472  -18.686553286
   -2.951193099    2.094395102 -112.525134007  -40.277545423  -17.457856934
   -2.760793544    2.094395102 -118.319174409  -20.908397617  -15.477152809
   -2.570393989    2.094395102 -120.743212661   -5.708256588  -12.933033971
   -2.379994435    2.094395102 -120.992775620    1.592236495   -9.958992014
   -2.189594880    2.094395102 -120.668350660    0.587147312   -6.596016210
   -1.999195325    2.094395102 -121.094412918   -5.496194835   -2.878610843
   -1.808795770    2.094395102 -122.737905721  -11.244305298    1.028009321
   -1.618396215    2.094395102 -125.018999048  -11.502497939    4.765866875
   -1.427996661    2.094395102 -126.595135931   -3.744832358    7.894217217
   -1.237597106    2.094395102 -125.994200903   10.869941267   10.121322215
   -1.047197551    2.094395102 -122.260867151   28.300785229   11.485659626
   -0.856797996    2.094395102 -115.328957712   43.688400802   12.345621423
   -0.666398442    2.094395102 -105.981147443   53.178451998   13.170044946
   -0.475998887    2.094395102  -95.553305633   54.853843737   14.269198010
   -0.285599332    2.094395102  -85.566868416   48.693018450   15.620282169
   -0.095199777    2.094395102  -77.399242934   36.111802368   16.843071028
    0.095199777    2.094395102  -72.036617628   19.786464216   17.328635663
    0.285599332    2.094395102  -69.849114286    3.417150037   16.455836544
    0.475998887    2.094395102  -70.449978967   -8.799145155   13.865609603
    0.666398442    2.094395102  -72.692234957  -13.362711168    9.668752312
    0.856797996    2.094395102  -74.931929561   -8.825985522    4.460777506
    1.047197551    2.094395102  -75.531281685    3.379032203   -0.857596668
    1.237597106    2.094395102  -73.415108807   18.823482366   -5.446331991
    1.427996661    2.094395102  -68.525951324   31.496081710   -8.814632053
    1.618396215    2.094395102  -61.934417577   35.961272875  -10.966536459
    1.808795770    2.094395102  -55.533125052   29.296502719  -12.295866661
    1.999195325    2.094395102  -51.445815528   12.072370879  -13.335104549
    2.189594880    2.094395102  -51.369522423  -12.003236639  -14.490317249
    2.379994435    2.094395102  -56.087083474  -37.269293235  -15.881141260
    2.570393989    2.094395102  -65.256635181  -57.843885791  -17.334919267
    2.760793544    2.094395102  -77.517696785  -69.153897699  -18.502958325
    2.951193099    2.094395102  -90.850332402  -68.981027460  -19.026577211

   -3.141592654    2.443460953 -109.428088795  -57.423571167  -13.314439491
   -2.951193099    2.443460953 -118.596657299  -38.265133996  -11.795726438
   -2.760793544    2.443460953 -123.896231672  -17.776358751   -9.712565098
   -2.570393989    2.443460953 -125.633337419   -1.662374450   -7.204132531
   -2.379994435    2.443460953 -125.032518988    6.472265479   -4.344005258
   -2.189594880    2.443460953 -123.697008067    6.327559143   -1.089402235
   -1.999195325    2.443460953 -122.950181569    1.049353470    2.637170889
   -1.808795770    2.443460953 -123.294744809   -4.239524033    6.786245264
   -1.618396215    2.443460953 -124.246885993   -4.674230623   11.066547868
   -1.427996661    2.443460953 -124.593952746    2.237922457   14.999377578
   -1.237597106    2.443460953 -122.964836171   15.660970812   18.124105406
   -1.047197551    2.443460953 -118.425154615   32.029935760   20.205027922
   -0.856797996    2.443460953 -110.852247344   46.760954533   21.289358747
   -0.666398442    2.443460953 -100.954759604   55.896434435   21.571328048
   -0.475998887    2.443460953  -90.048136401   57.097850740   21.195450867
   -0.285599332    2.443460953  -79.725399349   49.836704372   20.129455499
   -0.095199777    2.443460953  -71.519381503   35.206997740   18.156664206
    0.095199777    2.443460953  -66.598361702   15.923415241   14.998764388
    0.285599332    2.443460953  -65.464379952   -3.793907694   10.495210097
    0.475998887    2.443460953  -67.726373015  -18.871623958    4.805021524
    0.666398442    2.443460953  -72.053296084  -24.881996767   -1.497837128
    0.856797996    2.443460953  -76.469956955  -19.816277980   -7.524320284
    1.047197551    2.443460953  -78.962840926   -5.267845604  -12.345296314
    1.237597106    2.443460953  -78.181050938   13.533380739  -15.364989313
    1.427996661    2.443460953  -73.980372164   29.450839264  -16.523314929
    1.618396215    2.443460953  -67.547319545   36.125671019  -16.277628653
    1.808795770    2.443460953  -61.017105906   30.260099547  -15.355737838
    1.999195325    2.443460953  -56.770305160   12.633548435  -14.442808702
    2.189594880    2.443460953  -56.680064386  -12.451917032  -13.950943700
    2.379994435    2.443460953  -61.580693360  -38.673744732  -13.944874187
    2.570393989    2.443460953  -71.069127984  -59.664661065  -14.210556998
    2.760793544    2.443460953  -83.658710216  -70.656527392  -14.397790526
    2.951193099    2.443460953  -97.196143304  -69.548404355  -14.168409361

   -3.141592654    2.792526803 -112.581351081  -55.967559064    1.105874803
   -2.951193099    2.792526803 -121.404839471  -36.114799570    3.265192714
   -2.760793544    2.792526803 -126.229506069  -14.954575499    5.235426593
   -2.570393989    2.792526803 -127.364721339    1.840436151    6.965811588
   -2.379994435    2.792526803 -126.021107879   10.804180120    8.597478378
   -2.189594880    2.792526803 -123.761399056   11.740149904   10.454265522
   -1.999195325    2.792526803 -121.867119281    7.684914910   12.890511533
   -1.808795770    2.792526803 -120.845677501    3.390669962   16.063978144
   -1.618396215    2.792526803 -120.300928530    3.272082706   19.769988615
   -1.427996661    2.792526803 -119.178751560    9.566898588   23.467475020
   -1.237597106    2.792526803 -116.280419653   21.549787554   26.490202196
   -1.047197551    2.792526803 -110.796136741   36.021311230   28.305158218
   -0.856797996    2.792526803 -102.656545567   48.713404124   28.661872298
   -0.666398442    2.792526803  -92.584323371   55.761496473   27.550140162
   -0.475998887    2.792526803  -81.913645685   54.713987710   25.076041645
   -0.285599332    2.792526803  -72.282294419   44.904018725   21.362905178
   -0.095199777    2.792526803  -65.279861844   27.478555112   16.519829503
    0.095199777    2.792526803  -62.093625854    5.484677850   10.706897277
    0.285599332    2.792526803  -63.155254403  -16.245679654    4.220856647
    0.475998887    2.792526803  -67.875170992  -31.955935265   -2.419208702
    0.666398442    2.792526803  -74.609469645  -36.760216704   -8.495139959
    0.856797996    2.792526803  -81.030003476  -28.716436743  -13.241510796
    1.047197551    2.792526803  -84.842841418  -10.132508619  -16.094097429
    1.237597106    2.792526803  -84.596054057   12.690080311  -16.928539756
    1.427996661    2.792526803  -80.248519939   31.614645893  -16.092552845
    1.618396215    2.792526803  -73.238402161   39.771876815  -14.240307202
    1.808795770    2.792526803  -65.990246025   33.964464689  -12.047295257
    1.999195325    2.792526803  -61.110058439   15.494419538   -9.972480856
    2.189594880    2.792526803  -60.582054048  -10.703981583   -8.169609359
    2.379994435    2.792526803  -65.242892837  -37.830712669   -6.549186137
    2.570393989    2.792526803  -74.622587250  -59.279057494   -4.917005166
    2.760793544    2.792526803  -87.142826360  -70.239991317   -3.109874668
    2.951193099    2.792526803 -100.565900957  -68.723997241   -1.074978125
